42b,20409
421743,56462
421,93150
423,99218
426,100738
42bed,154585
425waterlily,209000
425,257197
421Unit,273296
42jackson,298351
427chris,309416
420,381298
4241937,405384
4200,415530
42467,428303
422,428656
429507,437438
4241148017,539317
4243,549728
4224,574142
4230,626224
4209jason,644636
4266,703395
42-Penguins,705687
420allday,708690
4244884,728789
42ducksable1,734117
42649,734354
42681,734356
42645,736329
424,739676
429,765152
423423,904914
42596,987000
4208ht,988482
42124,1008058
42778,1009514
420107199911231010,1028393
42georgia99,1054466
42510726,1069526
42880247,1069848
42timelorddoctors,1111707
42carrot2,1158512
421ash,1173595
42652,1199983
4251093,1223631
42RADICAL,1331974
42316117,1387699
425winter,1788914
4201410028,1830563
426kyt,1860943
42715,1906485
42984,1912643
42254,1912820
42952089,1962999
425912012,1989290
4268,2056874
4286,2056876
42582,2077898
42034204,2079272
4253066425,2137459
422914879,2167212
42957026,2176153
4242,2191214
42441,2266979
420976603,2280933
4207b,2348142
42085604,2420352
429483224,2424207
420187,2432246
42Across,2452340
422class_2013,2508071
422cvw2013,2508086
4242194JUAN,2539855
422123,2557519
426555555,2559826
42171,2564487
423106,2597718
42_Darrhub_42,2601040
420blazeityolo,2659602
4200950,2665109
420HipsterSwegJoey,2733477
4234324423423,2740075
42SuperPlus,2755285
422260535,2779345
4225428tjrtjtr,2838473
42904,2871588
42time42,2874710
422839,2878848
420A,2910732
426442,2924843
42_rocks,2942162
420swag,2978187
420blazer,3024412
420_blazednpraize,3024418
42001,3054501
421907,3061206
42DeepThought42,3068297
420justblaze,3120696
4251username,3156288
42purplepenguins,3199103
428788,3203373
42DeepThought,3249245
425533,3252179
4291,3327284
4298,3327297
42333123456789,3330256
42zzzzxx,3341616
42birdman,3396856
4260,3445777
42677,3449757
420erryday,3528778
420102,3579731
42batman,3584899
42samet42,3587394
4298GJKK,3592021
42493141,3630763
4268794,3749646
429955,3804175
4289,3943286
42meanlife,4013456
420duckpuddleit,4255115
4210114,4402943
420botialex,4478808
420170105,4521286
420housdarc,4561444
42penguin42,4626005
420Scratcher,4658026
42257820,4689962
428871,4749828
422476,4763164
42NightHawk,4806903
4225a,4819078
426753,4830596
420593scratch,4938078
420faze_,5053264
4207bALT,5119756
4252920592,5139202
42314,5173238
422638,5242060
424447,5242114
420saxaaayy,5261534
428709,5298764
422927,5300330
420593scratchliu,5701318
4222,5943446
42177001,5965504
4234,6026552
4237109,6190436
42Great,6284124
42299,6394840
429272,6471002
426sophie426,6609700
422927test,6782414
42_rush,7221614
4242564,7419094
42_beast_mode_42,7438920
424603,7600950
424731,7701816
420SniperRackhamXX,7800380
424951,7912042
420lol,8449470
4259082,8844828
42bookworm,8904210
4226,9268972
420Anamations,9389218
42boss,9433950
4281scratch,9661266
428,10131154
42FortyTwo42,10166940
4268jhs,10198280
4268jhs1,10198660
420noscope475,10378664
420MLG,10562426
42emmasvpink,10817180
42070199,10845142
42Gaming,10984646
420lad,11230078
420Blaze360ItNoScope,11237806
420bijeboja,11306220
420myershar,11306270
42496,11551624
42611,11551712
42763,11551718
42526,11551904
42073,11553888
42543,11553986
42266,11554002
42508,11554028
42460,11554036
42318aw,11554040
420ScratchIt,11614480
423218,11756372
420330,11756438
429775,11779012
429944,11779148
426032,11788068
428439,11788098
42WheelBarrow,11986180
427,12088542
429492,12328650
427498,12332562
429173,12334238
428734,12334322
424518,12334324
427384,12488658
427265,12533416
420_420,12705130
420_XOking,12870408
421213,13241862
42_,13279819
424516,13536231
428082,13539102
420hobo,13627816
42GotValued,13744912
427727,13845518
42hawky,13862419
42black42,13877612
42k,13915706
429654,13929616
420screamingsans,13935378
424242answertolife,14001343
420_Petch_420,14041860
420islife420,14083677
4205,14103166
420MountainChicken,14115740
4220221,14125606
420702,14140075
425_Nevvy,14150286
420jaredit,14395185
42332,14472762
42539,14472776
4239_SL,14472893
42086,14475185
42393,14475186
42628,14475210
42366,14475218
42477,14475228
42521,14475230
42027BH,14492510
42core,14510982
42935,14511234
420220080,14678843
420220081,14678886
42069666,15553592
427179,15742247
428724,15815164
42180231W,15880791
42fatk,15953314
4294967296,16037424
42507Ann,16128020
420instaswap,16165923
42jackierobinson,16329528
42929,16361402
42210602,16418698
42x,16433057
424196,16467294
429429,16493172
420marmite,16517178
4220070,16517741
42wjlally42,16541598
4220013,16720784
420-blazet-john-cena,16891530
429641,16978294
428938,16978295
426489,16978303
42312,16987218
420133769,17092905
4292,17152741
4233847,17170983
42493288,17412170
420i,17435701
420ue,17435762
420ForLife,17441904
426486,17598253
42-,17701726
4230423,17708735
42gamerlife,17710962
42pooks,17712688
42259890,17747406
429ci,17835460
42z,17890657
420FUDGATRON,17921164
4220856,17998506
4220826,17998560
4214677919,18009378
422356vart,18087466
42almog13,18113907
42427,18277165
429974,18280393
420142,18324788
4274cvusd,18329920
4273cvusd,18351860
4283c-vusd,18351888
4299c-vusd,18351908
423981LH,18390759
426122RG,18390760
426167JK,18390761
428836LB,18390763
426960MH,18390764
428904GF,18390765
426877NA,18390766
423865DC,18390767
426142LK,18390769
428551KP,18390770
427980BM,18390771
424138RO,18390772
427280CB,18390775
426422RS,18392013
429509CJ,18392015
424326GC,18392016
423803JS,18392018
428723GS,18392019
426088BR,18392020
428590CS,18392021
424777MS,18392022
428319LW,18392023
426039HS,18392024
429036KR,18392025
428459ZZ,18392027
424511AC,18392182
426565AV,18392183
426620BP,18392185
428317VK,18392188
427229VL,18392190
424833CA,18392191
427424SC,18392193
42Trinity,18493140
4231p,18502373
421NoScope,18583560
4297cvusd,18587525
4238cvusd,18620659
422792,18640327
429AleReyn,18668854
421501,18893496
420_no_scope,18902305
4220466,18905023
420931,18921194
429956,19107495
429034,19107507
420440,19107533
429964,19107544
420LeviTitan_,19109696
4253634532,19173682
42blue2017,19291240
42Mario,19298519
42Joshua,19298520
42Alvina,19298521
42Edgar,19298522
42DanielG,19298523
42Kalil,19298525
42Gael,19298526
42Jashnoor,19298528
42Branden,19298529
42Sofia,19298530
42Liliana,19298531
42Jesus,19298532
42Oscar,19298533
42AshleyW,19298534
42DanielP,19298535
42Patrick,19298536
42Victor,19298537
42Angelica,19298538
42Jacqueline,19298539
42Valeria,19298540
42Seraphine,19298541
42Riya,19298542
42ArianaG,19298543
42Guillermo,19298544
42Alonzo,19298545
42Ethan,19298546
42Willy,19298547
42Melissa,19298548
42Jenny,19298549
42Tiffany,19298550
420cheifit,19313296
421324,19377355
420027,19377363
420407,19377370
420446,19377378
4204469,19377440
420027d,19377468
42800,19421641
421312,19642332
420444,19642336
421357,19642345
421590,19642352
4232553274,19649826
421199,19673368
420203,19673369
420272,19673371
420830,19673372
421532,19673583
420381bsd,19674126
420083bsd,19674873
421504bsd,19674977
421493bsd,19674993
421083bsd,19674995
421100bsd,19674997
420588bsd,19675003
421235bsd,19676637
421383bsd,19676646
421449bsd,19676653
421560bsd,19676655
420531bsd,19676657
420562,19676716
420353,19676726
4226526961,19708484
426127,19727501
426754,19727613
422711,19727814
42567123,19782616
422999,19908769
42799,19908831
42599,19908868
42199,19908875
426999,19908877
4259999,19908937
421999,19908995
4219999999999,19909602
42126,19919277
4202727,19923438
421087s,19956016
420092s,19977101
420553s,19978498
420752s,19979133
420024s,19979156
420491s,19979199
421595s,19979290
420679s,19979401
420552s,20010978
420816s,20010987
421385s,20010995
420952k,20011347
420935,20011350
4245885696,20013732
420sh,20030406
420769s,20042783
421608s,20042815
420802s,20042816
420603s,20062205
420078,20096085
420617s,20096091
420731s,20096108
421068s,20096113
420545s,20096156
421014s,20096275
421316s,20096304
420507,20096365
42-plus-27,20113376
42AnswerToEverything,20115552
420magzoil,20209534
42master,20235029
420321,20272971
420235,20303336
42shyguy,20323268
42113669,20329067
420756,20334943
420210,20334949
420726,20334951
420977,20335273
420239,20335276
420243,20335293
42198154,20361497
42486084,20361575
421130s,20376171
42Fieldhockey,20596191
420749s,20609354
421071s,20609365
42974,20622635
420Adam,20628536
42399,20645763
424999,20645809
428999,20645839
420crp,20648263
420crp2,20649908
42e,20708752
42999,20709554
42716,20744752
42Curtain56,20752825
42epena,20752837
420Cena,20784072
4274,20937680
429madi,20994775
429825,21035708
42OMLGSWEGDESTROYEER,21040150
42234,21112456
42404,21117405
42059,21217049
42149,21217067
421137sh,21271141
42isawesom,21357453
426854,21361916
427454,21361917
427033,21361918
428654,21361919
426984,21361920
427368,21361921
429356,21361922
427018,21361923
427418,21361924
427670,21361925
429165,21361926
427010,21361927
427396,21361928
427400,21361929
427340,21361930
427411,21361931
427398,21361932
427965,21361933
428302,21361934
427393,21361935
426991,21361936
427675,21361937
427014,21361938
426982,21361939
427006,21361940
428061,21361941
426993,21361942
420415s,21380787
420651s,21380874
421752s,21381057
421454,21407782
420bobbyflubkins,21511102
427453_RHMS,21533522
4210092,21548557
420jokers,21581412
4210289,21607202
426abdulkadir,21614675
42galaxy,21649046
420609s,21717362
420809s,21717367
420479s,21717396
420861s,21717415
420479,21717475
420OceanMan,21720147
421427s,21724273
421398s,21752743
421659s,21818133
421448s,21818152
421521s,21818317
42103186,21851576
4215033,21918275
42Q,21986552
42241001,22159589
424261,22165221
421220s,22170039
4255782717,22248139
421245141,22295997
4271jf,22387294
424quintin,22454369
422372aS,22620329
42w,22645207
428234,22735737
425437,22743247
421Low_Key421,22803330
42152,22810993
424Kids,22834024
422685,22853802
421go,22855807
4278679858,23057878
4278679858cmsx2028,23058270
420209s,23060806
42tacomania,23087484
421068,23123685
42-8947,23211103
421020bk,23222384
420123ep,23222400
420109dms,23222401
421500ka,23222408
421021,23222511
420ChristianHstrand,23407427
420303s,23516473
42Baller42money,23565146
4217427,23934111
42nis,24004704
42657,24014417
42580,24014422
42045,24043710
425bob,24236936
422679,24285660
420q666,24285902
42thousondtroops,24335580
42Dayz,24448179
422955,24458050
42symbols,24561518
423065,24563021
421892,24575206
422052,24575229
420694s,24575264
421112s,24575292
423438s,24575296
421058s,24575311
421892s,24575359
421086,24598144
424235,24671184
42017-2018,24840492
420BLAZING778,24908679
42diewahrheit,24923546
426166418,25004669
42queenpopsicle,25049688
420798-Mendez,25066323
426325mendez,25066346
428604,25080424
427345-Mendez,25081382
427280-Mendez,25081384
4201716,25081724
4279999s,25121317
4219999s,25121321
4229999s,25121322
4239999s,25121331
4269999s,25121335
4299999s,25121337
4209999s,25121346
4289999s,25121355
420islife,25143906
42418,25278050
4255122377,25328409
4259999s,25336722
4249999s,25336724
42459PN,25370893
42100SWR,25370916
4243113181,25450789
4210419,25505566
422Neo1,25532127
427emerald,25617629
420T_T,25633474
421145,25646655
42cool,25682677
420islife564,25782243
4271489239,25827063
422769,25901720
4226526961G,25924343
428561718,26036043
4202496,26091168
42756,26114192
420303,26188355
42201tek,26215127
420dandavi,26224785
420ddavi,26229664
425176,26231331
4252132878,26254922
42Testelev,26283077
420scratchit666,26309387
420824bsd,26410117
4258615,26485570
42Jadaria,26534218
42Brayam,26534219
42Fernando,26534220
42Natalia,26534221
42Elianne,26534222
42Esmeralda,26534223
42SebastianE,26534224
42Frank,26534225
42Luisa,26534226
42Souriya,26534227
42Elvis,26534228
42Jesse,26534229
42Albert,26534231
42Adriel,26534232
42SebastianJ,26534233
42Jasmin,26534234
42Petelo,26534235
42Moses,26534236
42Ricardo,26534238
42Aneesa,26534239
42Alanna,26534240
42Aliyah,26534241
42Vanessa,26534242
42Santiago,26534243
42Paulina,26534244
42Yazmeen,26534245
42Josiah,26534246
42Jada,26534247
42AngelicaB,26534248
42Ismail,26534249
42Markus,26534250
42Troy,26534251
42Mylina,26534253
42Daisy,26534254
42student7,26578636
420vn,26579278
4210362,26623436
42lover,26623811
420616,26646023
420621,26646079
420736,26646529
42answers,26769380
42O,26775190
427981,26793917
4210855,26793918
427686,26793919
429660,26793920
4212086,26793921
429637,26793922
428038,26793923
427773,26793924
428047,26793925
4212044,26793926
427774,26793927
427779,26793928
427756,26793929
427812,26793930
427721,26793932
4212063,26793933
429206,26793934
429681,26793935
427835,26793936
4212079,26793937
427940,26793938
42-8015,26793940
427745,26793942
427764,26793943
427876,26793944
427743,26793945
4211912,26793946
427853,26793947
4210846,26793948
4265900,26855401
428415,26890275
42KMR,26926984
42Jordan,27015785
420-legalize-weed,27357095
420840bsd,27418180
423adc,27423042
420209,27423327
421831s,27464271
420smokehead,27749328
420180ahp,27797699
425443751,27872164
4216841,27874971
42tonkawa,27962416
42klsttech,28236529
42Taishi,28284416
42guzman,28295417
42st,28323342
42g,28348285
42face,28412531
42p,28419768
42203,28494493
42ekrem,28512893
42Mariners,28571924
42alexderp,28572441
425ngdngks,28592040
422ipott,28616664
420676L,28644087
42112,28649890
425594,28655751
422067,28655755
422284,28655758
422285,28655759
428595,28655760
424990,28655765
422179,28655769
425351,28655770
420076,28655775
424637,28655776
425402,28655777
420107,28655778
429935,28655874
423802,28655881
422273,28655883
428545,28655886
425344,28655890
427576,28748330
420legorobo420,28789814
42A,28801435
42giovanni,28983684
42H,28987223
420024,29017331
429973IanGibbons,29198081
421peter,29514193
42_7CUpZ,29551250
4230320,29641784
423741,29663956
42isthemeaningoflife,29702347
420088sausdlearns,29737414
426208sausdlearns,29737416
4255385246,29817214
425678,29818481
426831,29824707
420993,29829070
420897,29860512
420801,29860513
420794,29860515
420823,29860516
420888,29860525
420290,29860527
420822,29860528
420932,29860529
420758,29860535
4291478763E,29899522
421217,30027840
4211172,30075042
4269145013,30134508
42286hos,30137907
4211171,30174256
4213997,30239689
42sds2024,30257076
420914,30351692
42konyatr,30416422
42isLK,30438943
42212MAC,30496963
4244364,30528152
421227,30529431
420426,30529433
420284,30529452
420405,30529454
422317,30566810
4264bem0130,30582648
420pdawn,30583352
424024,30585266
4216568,30587232
421600B,30587432
420290Z,30587713
420822W,30588367
42sunflower,30629170
4210339KB,30674407
4202249,30730048
4202216,30732166
4202186,30740231
421196L,30792850
42327,30809822
4214609-CKD,30880075
4210735-mf,30880256
4211008-es,30880390
4289838294m,30910263
4221898925,31049247
4242cw,31083536
4209cw,31083537
4207cw,31083538
4201cw,31083539
4212cw,31083540
4210cw,31083541
4208cw,31083542
4202cw,31083543
4211cw,31083544
4243cw,31083545
4245cw,31083546
4213cw,31083547
4252cw,31083548
4246cw,31083549
4205cw,31083550
4244cw,31083551
4203cw,31083552
4250cw,31083553
4206cw,31083554
4248cw,31083555
4249cw,31083556
4214cw,31083557
4204cw,31083558
4241cw,31083559
4251cw,31083560
4215cw,31083562
4247cw,31083563
4253cw,31083564
421158,31093715
42-LTEC,31229440
420YoloWELITFAMXx,31279712
42503Z,31285951
4297ih,31348047
423AB,31351336
427Dr,31409193
42onipscope,31420433
42t,31540113
421064,31584847
429720,31588544
4298922,31630384
424450,31934145
423369,31965409
42shella,32023208
42_42_42_42,32053405
42018scratch,32110273
420w,32153739
421w,32153746
422w,32153752
423w,32153756
424w,32153765
425w,32153771
426w,32153775
427w,32153778
428w,32153781
4201981yb,32185674
4202341,32229639
428896,32373340
4299CORALL4299,32417830
4241401050,32423911
42278Jenn,32478702
42618SH,32490583
42237nam,32551416
42627huertas,32551461
4220635,32570011
4220642,32570322
42-Horz,32571218
42eggs,32627560
423531,32674330
42026491,32729674
420283,32795879
4200403,32805203
4220079,32805285
42byelraZ,32881610
42ndPlace,33381210
42nd-Place,33381221
4210844,33461850
429952,33608302
426535,33608412
428434,33608468
4240453429,33647119
42207064,33699337
423004,33732709
4201169,33771389
424182,33786703
4254cw,33802897
42DigiKid,33910925
42westie,34095176
420scratchlover69_xd,34172413
420NoScope21Savage,34178447
4211mmm,34295614
420doggos69,34372168
4246Nice,34468961
420Joshua420,34501864
42212,34537334
4220060,34679286
423402w,34707078
420163m,34707096
420344f,34707117
426297a123456k,34707144
426715l,34707150
424448z,34707155
423321J,34707156
423925d,34707159
424529a,34707163
423828a,34707172
424023a,34707173
422577a,34707176
422798h,34707181
422062j,34707193
422263a,34707215
423312f,34707344
424452D,34707432
42baloohbw,34739506
4293zailey,34789972
4234bb,34824236
4210bb,34824312
424144_lucas,34862510
4293858474m,34991431
4211rl,35007521
420ymymaa,35085151
4243m,35105504
4271432563s,35134942
421049,35145030
42019553,35194645
42019550,35194646
42019156,35194648
42031941,35194649
42109437,35194650
42031606,35194651
42019570,35194652
42017375,35194653
42021743,35194654
42027361,35194655
42019907,35194656
42021224,35194657
42028983,35194658
42019120,35194659
42027553,35194661
42019728,35194662
42021660,35194663
42019908,35194664
42031430,35194665
42019281,35194666
42026797,35194667
42024069,35194668
42027866,35194669
42020190,35194670
42019280,35194671
42027861,35194672
42031997,35194673
42019267,35194675
42026440,35194676
42022919,35243024
42027658,35243025
42023343,35243026
42031453,35243027
42027323,35243028
42027100,35243029
42026986,35243030
42024506,35243031
42024679,35243032
42031512,35243033
42025627,35243034
42025812,35243035
42025813,35243036
42029528,35243037
42019055,35243038
42025297,35243039
42026073,35243040
42026070,35243041
42030190,35243042
42026068,35243043
42026798,35243044
42025274,35243046
42027624,35243047
42024234,35243048
42019096,35243049
42022338,35263966
42023122,35263967
42025012,35263968
42016235,35263969
42030359,35263970
42023999,35263971
42023185,35263972
42024783,35263973
42022186,35263974
42019109,35263975
42024931,35263976
42019794,35263977
42021615,35263978
42022662,35263979
42027862,35263980
42023160,35263981
420230270,35263982
42031263,35263983
42024011,35263984
42022711,35263985
42029392,35263986
426awesomgames,35266772
42slesmanatees,35270178
42025623,35276834
42024099,35276848
42026072,35276862
42022334,35276881
42022420,35276897
42024772,35277027
42023088,35277046
42021096,35277060
42025305,35277078
42019593,35277107
42023274,35277195
42022983,35277270
42025294,35277300
42025265,35277346
42023082,35277356
42026439,35277365
42019595,35277372
42029266,35277377
42020332,35277389
42024010,35277408
42026804,35277421
42024145,35277440
42023273,35277461
420puppetdriver,35280277
4212001,35292396
42unicorns42,35307914
42020224,35308358
42027126,35310934
42027849,35310935
42028428,35310936
42028366,35310937
42027333,35310938
42032204,35310939
42027856,35310940
42030112,35310941
42027093,35310942
42029212,35310943
42029038,35310944
42028788,35310945
42028761,35310946
42029460,35310947
42028763,35310948
42029483,35310949
42028406,35310950
42027422,35310951
4202141,35350459
42027732,35402331
42023519,35402332
42029935,35402333
42029251,35402334
42025436,35402335
42030023,35402336
42030022,35402337
42028203,35402338
42028772,35402339
42029489,35402340
42029677,35402341
42029461,35402342
42027744,35402343
42027556,35402344
42029033,35402345
42029484,35402346
42028537,35402347
42027792,35402348
42028250,35402349
42025268,35402350
42032246,35438409
42023280,35438417
42024473,35438424
42022304,35438428
42017814,35438443
42027356,35438461
42020638,35438467
42022381,35438473
42022328,35438474
42029416,35438477
42022675,35438486
42028897,35438515
42028041,35438517
42022443,35438518
42022162,35438520
42027378,35438522
42028454,35438523
42025855,35438526
42026623,35438528
42023525,35438531
42022971,35438533
42022322,35438537
4202804,35438550
42243JRS,35484238
42022385,35491174
423835i,35493212
42taerg,35513661
42339JRS,35551346
42imagine,35566887
4208089-LH,35607573
424986,35608759
420_GODLY,35648557
422923,35682346
424499,35682381
4242paige,35691921
42parkch,35706356
42_leerling_3,35711173
42milo,35771518
42iA1LW17e,35781014
420325,35791512
42kermitbarf1,35792421
42165JRS,35798585
42kermitbarf,35831259
42344845kmc,35840820
42OMGTech,35940741
427158Mendez,36048053
420088Mendez,36048054
427899,36051104
424613,36051254
4292895,36068760
42adam,36119000
42avior,36119001
42adi,36119002
42yehuda,36119003
42david,36119004
42daniele,36119005
42talya,36119006
42natali,36119007
42noash,36119008
42noam,36119009
42chana,36119010
42or,36119011
42tahisya,36119012
42shiram,36119013
42shirao,36119014
42liam,36119015
42aviel,36119016
42orel,36119017
42odelya,36119018
42avichai,36119019
42liran,36119020
42ariel,36119021
42liel,36119022
42noya,36119024
42hidansh,36119025
42yoav,36119026
42hidans,36119027
42sahar,36119029
42noach,36119030
42hadas,36119031
4242KH4242,36126504
420cheezits,36133929
426849Mendez,36172153
426849Mendez2,36172400
4290686,36196297
4258643,36196311
420kide,36206372
4209606WTW,36235278
42alia,36237237
42koutab,36237280
42ankitb,36237286
42giftc,36237298
42luwamd,36237308
42samd,36237313
42ethanf,36237319
42aarong,36237322
42adriang,36237327
42abbyh,36237330
42maggieh,36237334
42bashirk,36237337
42paigek,36237347
42davidl,36237350
42lorryl,36237358
42janeym,36237364
42teaghanm,36237372
42selahp,36237377
42jaylap,36237381
42cameronp,36237385
42aleenar,36237391
42tayyebs,36237392
42adrians,36237397
42meghant,36237400
42taylent,36237403
42kaidences,36237406
42maxw,36237410
42abihay,36237414
4210318600,36247067
4252733896,36264349
4202279,36288888
420158Mendez,37400050
4220810,37461443
4240616-Barajas,37561236
4240621-barajas,37561273
4227680-villafana,37561427
4236451-ss,37561932
4200805,37573493
4239815-green,37577596
42isgod,37582316
423038,37660941
42vfeftwgyr,37674781
42YU,37690710
425Kir-,37998549
420Ves-,37998551
426Han-,37998554
422Mer-,37998562
424Tho-,37998566
423Fen-,37998567
421Han-,37998571
423coconut18,38004325
420BU4N1T,38037245
428515,38103038
428579,38103048
423018,38103068
420Ves,38172230
422Oliver,38184113
422Chloe,38184127
4271721,38246298
4221joyce,38311028
421211,38376685
42321JRS,38381670
42170JRS,38381685
420dunce,38395438
420narnce,38395845
42049JRS,38417712
42062JRS,38417713
42075JRS,38417717
42224JRS,38417719
42218JRS,38417720
4220JRS,38417721
42091JRS,38417724
42027JRS,38417726
42028JRS,38417727
42074JRS,38417728
42067JRS,38417732
42023porter,38435880
42Unknown,38438076
42032488,38497214
42032505,38497294
42416JRS,38501789
42408,38511223
4220727,38553965
42x1,38565863
423675,38656329
42031198,38769438
424651,38797604
424508petra,38797672
423741santiago,38797693
424508petra22,38797887
42236,38842707
42esteew,38853621
420_email_me,38854847
420calltheweed,38854876
420TinCan,38889248
4210262,38924930
420697,38940208
42royal2017,38945543
420fmarano,38994388
420roberhuber,38994567
428218,39006521
428218m,39006707
42francog,39038373
42aviv,39128843
428539,39161561
423528,39161570
424622,39161600
4235281,39161795
420053,39169180
420495MC,39169236
427091,39170176
4202222222,39226853
42m,39299237
4270193,39307797
4270045,39307798
4260088,39307800
4270103,39307801
4270122,39307802
4270031,39307804
4270030,39307805
4270037,39307806
4270128,39307808
4270028,39307809
4270133,39307810
4270126,39307811
4270179,39307812
4270002,39307813
4270080,39307814
4270090,39307815
4270084,39307816
4270157,39307817
4270051,39307819
4270146,39307820
4270089,39307821
4270099,39307822
4270054,39307823
4270092,39307824
4270070,39307826
4212225,39309525
42aaronge,39335219
424608Miles,39339316
42AA1,39343433
42GB2,39343522
42YB3,39343748
42AB4,39343766
42ND5,39343796
42EG6,39343809
42GI7,39343827
42GM8,39343847
42NM9,39343866
42LM10,39343886
42RR11,39343893
42AR12,39343912
42LS13,39343931
42SS14,39343943
42MT15,39343966
42MMT16,39343999
42musta42,39369550
42avivi,39370621
42koutabe,39403043
42TIBUDAN,39482185
4288153662,39506250
42TIBUDANJ,39607217
42219tekl,39686281
420275,39697718
421640,39697742
422685bp,39697752
42royal2018,39734238
4270075,39795618
4270059,39796291
4270111,39798715
4270011,39798716
4270196,39798717
4270184,39798718
4270120,39798719
4270012,39798720
4270020,39798721
4260024,39798722
4270175,39798723
4270105,39798724
4270035,39798726
4270104,39798727
4270003,39798728
4270121,39798729
4270010,39798730
4270005,39798731
4270169,39798733
4270069,39798734
4270082,39798735
4270055,39798736
4270061,39798737
4270071,39798738
4270056,39798739
420michael1234,39806420
420_cat,40030239
427825,40080124
426444,40080136
429381,40080138
428737,40081697
428019,40081710
4281080,40081721
428100,40081732
427921,40081742
427861,40086459
42pig,40101795
42-8439,40124323
42-11897,40124324
42-8858,40124325
42-14219,40124326
42-8401,40124327
42-11996,40124328
42-12002,40124329
42-9370,40124330
42-8239,40124331
42-11914,40124332
42-8642,40124333
42-9598,40124334
42-8640,40124335
42-8358,40124336
42-9221,40124337
42-8349,40124338
42-8276,40124339
42-8796,40124340
42-8274,40124341
42-8272,40124342
42-13191,40124343
42-8263,40124344
42-15425,40124345
42-15426,40124346
42-12006,40124347
42-15420,40124348
42-15422,40124349
42-15419,40124350
42f,40198019
42766,40232254
42s,40236676
42534ski,40300293
420991,40422622
426989,40473005
421570,40473164
420yungdabgod69,40476885
420592,40512207
4218713189,40519549
420kyates,40548846
4249547663,40561430
429mk,40633568
428rk,40634679
425825313,40638364
4273782871,40677213
4213113264,40677543
4292699399,40677554
42Galaxy42,40815747
428amar,40839444
429254,40877600
4251940,40877882
42019,40934151
426188CA,40948663
426497JM,40949026
429329sg,40949027
428733PV,40949132
42032752,40971659
420761,41046118
42810800,41049789
429724,41049832
4281000,41049872
427861ml,41050191
420ymym,41064992
421036,41236278
422163,41259633
421399AO,41259702
421622ER,41259718
421274DF,41313858
421274DFA,41352999
428-cemre,41465804
425can-procantr,41468534
423EMIRHAN-EZHEL,41468623
4222625,41504364
4222430,41504737
42198ja,41544352
4255964,41548692
42tolga,41574507
421012,41585567
42090j,41690529
4233573252,41734649
42654,41740901
42767,41782266
4259Aras,41796446
42yangzheng,41796691
4251400861,41914790
4251400085,41914840
4241301473,41914847
4251401364,41914848
4251401132,41914850
4261400472,41914852
4251300870,41914855
4251400233,41914858
4251401504,41914859
4251401215,41914902
4251401017,41914913
4251500729,41914917
4251400217,41914928
4251401596,41917426
4251400704,41963356
42FoxPowerful,41966991
421--,42156092
4251400887,42180345
42022537,42271949
42033018,42357523
42105691,42382187
425530a,42493191
423381H,42553073
422265Y,42553078
423435MG,42553101
424531M,42553103
424734a,42553104
422138d,42553108
422772IR,42553117
427chickennugget,42653659
42029181,42734681
42032571,42823468
42027195,42824252
42370,43875195
42030350Bri,44282768
42032638,44326737
42032706,44327062
42mustafa_mtp,44552478
4272009,44715356
4220717dm,44791852
421226,44822224
423432,45090350
42033349,45146704
4279Thg,45238876
42536427165,45325642
422ncs,45372201
4236343,45387254
4246295,45387313
4202398,45387384
4235917,45387416
4203291,45387549
4233704,45430674
4233196,45430735
42359178,45430852
4262138796,45456910
420isawsome420,45485315
423591789,45673963
4233705,45674269
42331964,45828487
42Water,45856093
42Rose,45856094
42Lilac,45856097
42Bark,45856098
42Land,45856099
42Leaves,45856100
42Heat,45856101
42Lights,45856102
42arranz,45969699
420Diesel,46079330
429750,46100275
4275603,46162562
4221kks,46191131
4280532,46197091
427560381256,46264034
421Batman,46324688
429665ad,46427049
42lyra,46824032
42069nice,49894556
4273784,50038278
422imagine,50151512
428imagine,50151514
427imagine,50151520
4211807,50157465
4212242,50157466
4213307,50157468
4213307d,50157552
4212856,50157553
4212559,50157573
4212810,50175203
4212810d,50175218
42dragonfire,50361325
4251500315KK,50364960
4251500480SR,50364966
4291400693LNB,50364968
4251500703JH,50364979
4251500357JAM,50364982
4251500258,50364989
4251500357JA,50365060
4251500323ANM,50365064
42D,50379101
4200359,50401524
42_NgoThiThanhXuan,50420370
4205104,50431380
4208286,50431382
4228885,50431384
4245157,50431385
4231294,50431386
4208314,50431387
4239687,50431388
4246801,50431389
4218532,50431392
4246236,50431395
4225157,50431396
4240467,50431398
4240268,50431399
4223990,50431401
4245462,50431432
42026068a,50539739
42025265a,50539740
42024145a,50539741
420339672a,50539742
42026439a,50539743
42029389a,50539744
42026438a,50539745
42025814a,50539746
42025294a,50539747
42036068a,50539748
42029687a,50539749
42027195a,50539750
42025625a,50539751
42036438a,50539753
42023343a,50539759
42026072a,50539760
42034175a,50539761
42032705a,50541603
4209378,50644266
4241741,50644268
42203322,50644270
4248512,50644271
4290017,50644272
4220822,50644275
4203926,50644277
4223299,50656348
4213500,50681241
420Snoop,50760993
42034721,50772128
426070,50784034
4242611,50808977
4210033,50808979
425028,50819104
4218228,50838656
420364pams,50915748
4271483,51006463
4259456,51006542
4229364,51006569
4257721,51006612
4234016,51006630
4234797,51006654
428AdAnand,51142537
428JuLi,51142538
428MaPatel,51142540
428YuAmin,51142541
428MoGumedelli,51142542
428YaSingh,51142543
428AfArif,51142544
428MaSrivastava,51142545
428AnDiIorio,51142547
428AnVijayanand,51142548
428ArVennelaganti,51142549
428FrSchenk,51142550
428DhMerappalli,51142551
428PeCamargo,51142552
428LeSowden,51142553
428ChSchenk,51142680
427dmc2,51171831
4234929,51172093
4229755,51172138
4234792,51172234
4255876,51172274
4255365,51172450
4255493,51172544
4229747,51172601
4229590,51172746
4234207,51172940
4229454,51173023
4231943,51173112
4255485,51173380
42onaylen,51184257
4211fs,51413108
4286946,51492692
4284791,51492809
4244761,51504458
4244820,51504481
4234984,51504533
42020574,51998886
42big,52200125
4225324,52355981
4223348,52355984
4250958,52355985
4227947,52355990
4254445,52355992
4223093,52355993
4248657,52355995
4286125,52446009
4266641,52446037
42839208,52512424
4242Phoebe4242,52529179
420xXSaifSyedXx420,52699792
420_god,52702950
420_69wyatt,52753456
420_wyatt,52753593
422155,52772817
420_Games,52810913
42949,53052953
4206921nice,53055103
4201571,53203358
42069boss,53334924
42happy42,53358614
42567sel,53479989
4202651,53544905
423142854,53711248
420125,53714990
421679,53716485
42621,53826975
4254324263548625,54095282
4215869,54364770
428529,54364790
42charcust,54416980
4200sm,55683986
4280006,55698591
42la,55701884
42spidey,55728072
4249579387,55929053
4268561714,55929065
42096PER,55940857
420Brayden,55991169
42702,56099212
42756-tensai,56116210
420252,56141849
42602,56219326
426itself,56242205
420Monkey69,56500689
42069Niceman,56556450
42252esp,56674855
4284lrrb,56775014
421idris-iesy,56817348
429kaan,56827717
420evin420,56827843
422stoliver,56831619
4216293,56910900
42tolga42,57078515
4221168,57363014
42035086,57393349
42033335,57393621
421-24,57606530
421-25,57606531
421-26,57606532
421-27,57606533
421-20,57606534
421-21,57606535
421-22,57606536
421-23,57606537
421-28,57606538
421-19,57606539
421-18,57606540
421-11,57606541
421-10,57606542
421-13,57606543
421-12,57606544
421-15,57606545
421-14,57606546
421-17,57606547
421-1,57606551
421-3,57606554
421-2,57606555
421-5,57606556
421-4,57606557
421-7,57606558
421-6,57606559
421-9,57606560
421-8,57606561
42823,57659799
42823cin,57660730
421694,57672013
420007cc,57699757
428550MV,57699846
424kmill,57733670
42823luca,57819067
42823_luca,57851242
42823_cin,57851908
4298Elli,57991448
421penguin,58401789
4288604587,59002491
4210939,59266583
420whatchadoin,59530836
420Max420,59984576
42sd2026,60255086
42717,60334021
4203test20,60462240
420eetswa420,60687426
426-359,60816782
4299_coolboy,60841778
425057,60935850
425361,61010224
428529_testaccount,61065482
42aluScratch_CPR,61113511
420fellowchad69,61351693
42AHMET42,61356560
426-359-Unfinished,61395077
42BeautifulFlower,61489588
42v,61640679
4209Angel,61735177
423684879,62203773
420625,62251753
42kiti,62463253
420bananaa,62578748
42tig,62653247
42_ZORO,62720964
420peel,62721480
42-16,62724455
429Robert,62856793
42oyuncu,62883699
42RTEAM,62931250
420152125,63071552
4225288,63216607
42_balloons,63383077
4299872,63414579
4247749,63447619
4249554,63447622
4206316,63447624
4244991,63447628
4261613,63447631
4220271,63447632
4244777,63447663
4260162,63447664
4282392,63447808
424eymen,63449313
42497jw,63552892
4250my,63597212
4260zb,63597276
420ecrin,63805452
4240917,63861029
42020,64098049
421197,64199300
42penguin,64250198
42Awesomedoodle,64364609
4201136,64492484
42Tio,64504113
420914Md,64641042
428835,64644339
4220715,65017558
420Kalyan,65101647
4242zc,65243622
422enes,65262750
42Melodylo,65312384
42tacocat24,65452849
421839RJ,65652203
423012IL,65652251
420415LM,65652300
420636MS,65652312
421233ET,65652368
42gasp,65666460
423sdvjnrhrwbqu,65799566
42yde3,65835063
42yde4,65835065
42yde5,65835067
42yde6,65835068
42yde7,65835069
42yde8,65835070
42yde9,65835071
42yde18,65835073
42yde15,65835074
42yde10,65835075
42yde11,65835076
42yde19,65835077
42yde20,65835078
42yde16,65835079
42yde17,65835080
42yde13,65835081
42yde14,65835082
42345684935,66118332
4200569,66191668
4204070,66397269
4202702,66397356
4203827,66397383
4230044,66397398
4230140,66397403
4232435,66397436
4230225,66397938
4235432,66399314
4203043,66399491
421752greenie,66443582
4236d5,66509106
4230237,66510350
420-YAG,66614270
421-YAG,66614279
4232088n,66667025
422961,66840107
4248763,66952184
4247321,67143341
420973301greenie,67171770
4233417,67435113
42097301greenie,67493871
42c,67613149
4233417w,67696440
42196010,67711968
428422383,67763903
420-96,67808642
42069Level,68074538
4231815,68310254
4212391,68310270
4236161,68310534
420812,68310545
425018,68324815
421894,68433893
4253238211,68439910
4228671462,68447789
427342,68477372
4236175,68663996
4224507,68798306
42069memer,68860347
4272011,68871120
42361493C,68875754
4227nico,68948343
4248dv,69020465
4269818794,69072714
42N,69117310
4253238211turtle,69193495
42r,69206633
42358921751234567890,69432708
420sofa,69506267
4219073,69548427
42ozgur,69567159
425606,69643841
423678,69666883
427615GG,69707692
425NEB,69821082
42me,69961891
42l,70025868
4211Potato4211,70244640
42ms28,70308334
4223443453264,70521328
4223762,70665821
4231_Studios,70706624
421ucz21,70797195
420483,70983108
42lemonsinaspaceship,71027352
42nightshade42,71330493
427lol,71446204
426MEHMETUMUT426,71505281
420Yoshi420,71600950
420daddypig,71795518
420George,71795628
42029389aaa,71919313
420694206942069,72084967
4251601213,72140837
42ozgur42,72283422
4270raebgib,72535172
42_gamer,72836020
42kalyani,73007156
426jb,73066473
42stephcurry,73297206
42552543472,73399850
420_inches,73589894
4206942069,73728820
4242314256,73976287
42069Jesus42069,74262829
424gunescum,74447939
423431wonk_tnod_I,74617752
42Butterflies,75132235
42isperfect,75136354
420gatos,75267909
420214chekenwigs,75289108
4212103k,75494944
42538-c6b,75497301
42772772727E,75550384
420k,75830630
423Nisa,76108783
428Belle,76308468
4231987,76539089
4246871,76547323
427haruki,76891208
420thUSpresident,77041868
42ismeaningoflife,77189624
4246871s,77409367
425mihm4603s5,77422676
421tita7113s5,77422678
429cryu8270s5,77422680
423tkty6306s5,77422682
428niso1336s5,77422685
422agui1216s5,77422686
427hknn6016s5,77422688
424tknm7022s5,77422700
426mtit2950s5,77422703
420tkai1650s5,77422707
4215858,77642681
4232199Dallas,78099175
423343364,78139992
4210949,78310764
42kakeru42,78438285
424pro_player,78539961
423830V,78671954
42plus0,78717769
42638,79464891
42BeanMen,79484163
422727,79875232
42874500,79879869
42957820,80077957
425390kar,80080215
426238Ami,80114503
42luke_721,80128329
42manako,80479065
42lives,80529713
420boi79,80601359
427ES,80655145
427638,80675868
423163485496,80724459
42_spirals,80736538
420_sussy_baka,80839128
426-5884,80882191
42earth42,80954852
421red124,81300606
42069funni,81319206
4263845,81657661
4225634,81796004
4249205,81796114
4205262,81796183
4246780,81874804
4205275,81874985
4227371,81953551
42_E2,81962379
42024537,81978674
4231268,82153931
4231176,82153937
42050490,82154312
42189375,82198630
422onur,82585962
4209100147,82618276
4246523,82631336
42cute42,82635835
428food,82693582
42069h,82721630
4234zachboy123,82762032
428st4m6,82765424
4230528,82873721
4214276,82873766
4233582,82873789
4231719,82874176
4236588,82874772
42465230,82879233
426599,82879623
42627jjwus,82970389
42237660,83118164
425038,83270062
428856,83270354
426672,83270389
427252,83270452
426205,83270453
425323,83270677
425041,83270693
426145,83270704
425211,83270752
4270ka,83304022
429264,83360862
4250755,83444977
42konyali42,83452819
428005123,83557622
426157j,83557694
426190,83557696
4201ki,83766177
42Chest,83771756
4216BTS,83771760
4201dog,83771810
4219mango,83771823
4210book,83771824
4215tomodati,83771833
4218my,83771834
4220Usa,83771835
4208sarada,83771837
4221ezosimarisu,83771838
4212maiki,83771842
4202humuster,83771850
4206SU,83771851
4204V,83771862
4222scp,83771863
4211KSGX7788,83771867
4213Craft,83771868
4207itigo,83771869
4205text,83771882
4217GPS,83771884
4223gaster,83771889
4203cheer,83771895
4201inu,83772080
4214Chest,83772176
4214block,83772671
4265dora,83963204
4256627,83986820
42u,84004820
4227982,84352318
428nl,84512015
429oo,84512018
420eh,84512019
427id,84512039
426ab,84512044
420q,84669869
425rainbowroom,84759719
42448,84771067
4214Dog,84883785
4209107,84884063
4235826,84912982
42069prison,84927695
4263DXD,84962380
4214lion,85280704
4291400023,85356204
4216382,85412794
4227292,85413018
4228235,85413214
4200418,85413552
4232355,85432242
4231708,85432654
4244632,85433913
4216381,85434381
420Raptors,85443825
42Y,85761601
42163829,85817461
4211KSGX777,85932847
4212miki,85932949
4220859,85983442
4241703475,86181281
4241600597,86181282
4251600760,86181609
4212maike,86310615
42numbers,86311455
420Cross2137,86795082
420brownies,86835797
42lubulul42,86937385
427958,87030942
4204text,87140449
42I,87573551
42J,87573553
4299040,87745965
422152aaps,87877630
423389,87998758
425531,88177191
42x42,88225708
4221600664,88343974
42Kolin,88414945
420-_-Shrek-_-420,88639592
42361310,89199713
422is4202,89311791
42BurgundyCoder,89636030
425057_is_here,89789411
42_noob,89867186
423434,89907447
42164872,90080133
420Joe_Biren,90228814
420085ill,90378110
420friendsnoless,90406744
42TMSGolt,90759661
420kidsinmybasement,90853134
421friendsnoless,90854409
42TheMeaningOfLife42,90901591
4235543389,91066134
429ahmet,91112838
423234423,91319944
42cheese,91323938
42bff,91649073
42magic,91649611
425965797957,91951544
420turboguy,91995372
4218391,92058017
42183,92058099
42772772727E_NEW,92071036
42___,92115502
420CHicKEnbOY,92136260
42BIMAT,92169632
42ManSeal,92233613
429_773,92521775
425hm,92526745
420kienvan,92613401
429dnobcl,92649123
420BoiledPotatoes,92698901
42020jjiang,93230613
423342_,93353440
42moo,93398428
420ss,93455293
4200ar,94001958
42mints,94030237
421sann,94289828
423366,94318509
421BoiledPotatoes,94529127
426-5884-,94537092
4254995858,94582457
42FlamingoSeal,94710833
422122,95194521
420Gayrats,95262217
420-deez,95303058
42English,95358641
42sky,95358650
42Lovely,95358660
42SURY,95358664
425klm,95851374
4221MIKAN,96446341
4202east,96446342
4210ENGLISH,96446344
4218fruit,96446345
42oharvey,96542487
424ali,96658861
420text,97115872
420highlife22,97216444
420Entae024,97765126
4261801161,97797079
4294967295,98670251
42-mariana,98763015
420Frogonachair420,99166155
42dgsdfngfdf,99209402
42917351037451839461,99391567
42duge,99400022
420lilith,99505679
42duggdealings,99591423
42_o-o,99686617
4210785,99739061
42gasp_rp,99918824
421254212,100076073
42Ochoa,100351125
424Badger,100394429
425Badger,100394452
426Badger,100394518
427Badger,100394535
428Badger,100394560
429Badger,100394577
426Borgman,100583580
420tkai5004s6,100900549
420juaZ,100923397
420sarH,100923400
420jusC,100923401
420miyC,100923404
420dieV,100923405
420antQ,100923409
420aleM,100923414
4264784,101154530
42BurgerKing,101287209
4256haaniya,101603575
4233667,101891350
428903AS,101934756
427366ATT,101935402
429461SF,101935578
420yigitd,101942576
42-BRT,102133780
4278686,102394395
4246996083,102658845
4216523590,102658865
424334364,102725953
4212-,103280132
4204954,103532395
424turtle,103543021
429untilted,103564785
4201125,103605331
42n71w,103662770
42476824,103682080
4204632,104040864
421NINJA,104077897
42blueburrito42,104343125
4235235,104375675
42Defense24,104381833
4241173,104548702
42411737,104549295
4231adilyn,104556933
429hato,104752065
4201320,104996852
42piratas,104998835
42013ej10,105230014
42013ds22,105230018
42013ra10,105230030
42013jg30,105230036
4212423ga,105473249
429sea_,105586165
4279962,105968543
42-Dragons,106190971
42trex42,106217110
421VF2031,106711703
421jcman,107115745
42Pies,107374603
42590Tsung,107722133
42662Merricks,107722254
427is2223,107932644
428is2223,107932647
422is2223,107932651
429is2223,107932653
420is2223,107932655
425is2223,107932657
426is2223,107932659
424is2223,107932667
421is2223,107932672
423is2223,107932679
42GO,108299399
42istdieantwort,108922387
42MRRACLC,109084624
427777777,109092224
42greycrane,109941478
42cleansweep,110021695
42Warriorskitt,110224122
42lI,110624939
4235th,110642051
4270akinyann,110769609
42goofygoober42,110851081
4217h,110892980
4211h,110893073
4265_1,110896033
42-65,111460251
42843328day,112101716
42884vv,112352325
42042026,112425458
42700724,112540203
42223M1,112784083
42223M2,112784133
42223C1,112784136
42223C2,112784143
42223E1,112784153
42223E2,112784157
42223L1,112784164
42223L2,112784171
42223I1,112784181
42223I2,112784186
42223P1,112784194
42223P2,112784197
4284-8758,112916275
4231423,112929626
429error,113148341
421yutoi,113271520
42Omiaa,113421873
421ad,113490215
427890,113901448
42884vvpt2,114442026
429HarshdeepCrafts,114893582
429fordbossmustang,115018349
425637,115413278
42-sumn,115589964
428ringo,115768928
42fgfdw0sdkfvn1,115797579
42arkas,115960067
42ewkgdvovr,116129949
428905,116547071
42344beaa,116584537
42100818,116752303
426wolf,117381561
42orangeapple,117608185
42574Shiloh,117709425
42762Kaitlyn,117709454
42290Leni,117845047
42242,117846314
42022248,118084221
42021233,118084223
42022589,118084228
42037481,118084311
42020043,118084494
42040559,118084510
42021932,118094992
42290Lenie,118098645
42024318,118126896
42038247,118126963
42038247ravneet,118127020
42810,118428584
42811,118428585
42814,118428586
42816,118428587
42818,118428588
42819,118428589
42838,118428590
42781,118428591
42783,118428592
42784,118428593
42785,118428594
42787,118428595
42775,118428596
42831,118428597
42664,118428598
42707,118428599
42836,118428600
42739,118428601
42728,118428602
42729,118428603
42667,118428604
42760,118428605
42761,118428606
42678,118428607
42720,118428608
42668,118428609
42740,118428610
42741,118428611
42725,118428612
42754,118428613
42723,118428614
42828,118428615
42697,118428616
42694,118428617
42798,118428618
42797,118428619
42796,118428620
42794,118428621
42792,118428622
42790,118428623
42721,118428624
42605,118428625
42719,118428626
42656,118428627
42757,118428628
42770,118428629
42651,118428630
42675,118428631
42735,118428632
42673,118428633
42914,118428980
42917,118428981
42930,118428982
42913,118428983
42934,118428984
42995,118428985
42874,118428986
42875,118428987
42873,118428988
42993,118428989
42031,118428991
42051,118428992
42052,118428993
42058,118428996
42969,118428997
42926,118428998
42084,118428999
42078,118429000
42961,118429002
42885,118429003
42928,118429004
42931,118429005
42966,118429006
42880,118429007
42802,118429008
42801,118429009
42907,118429010
42970,118429011
42903,118429012
42901,118429013
42986,118429014
42983,118429015
42981,118429016
42079,118429017
42893,118429018
42964,118429019
42997,118429020
42087,118429021
42950,118429022
42085,118429023
42952,118429024
42957,118429025
42064,118429026
42066,118429027
42971,118429028
42990,118429029
42042,118429033
42marioold,118732155
425_Vinijr7,118970522
4221rekaf,118971564
42BIGUYS,119144901
42603796,119201396
42179727,119201409
424424241,119275169
42hayaer,119596159
42VlM,119677192
4224dog,119680379
4203162hg,119790636
42055222,119790704
4242321,120018985
428335,120120693
422413blodg,120343713
422413bucklodgem,120346172
4220ELi,120632615
423chris,120952456
4228syo,121729091
4216500,122118396
42165000,122118613
4241BCE,122185573
42rwefse23432sdf0_0,122477208
423t,122545536
429mst,122921233
42yakupy6,123370759
4213R,123417884
4226103DT,123454141
4226211,123454189
4228078HG,123454301
4237393TR,123454400
4228774EE,123454402
4228103PA,123454514
4226342CK,123454518
4226211HK,123455029
4230089WL,123469390
4226214BO,123469391
4206476CR,123469393
4212701SD,123469406
4231192CG,123469419
4231119EV,123469439
421yuito,123745807
427Smile,123796234
4214321,125149048
42enty102,125458967
4211AL,125470358
4211AJL,125487301
423AWiJJHQ2,125703651
423SRaJJHQ2,125703680
423LDaJJHQ2,125703683
423AScJJHQ2,125703699
423PMiJJHQ2,125703704
423JKeJJHQ2,125703705
423KHiJJHQ2,125703710
423NBeJJHQ2,125703711
423MCHJJHQ2,125703712
423CDaJJHQ2,125703715
423KDrJJHQ2,125703716
423GJoJJHQs,125703719
423JVJJHQ2,125703726
423RGrJJHQ2,125703731
423TRyJJHQ2,125703756
423THiJJHQ2,125703772
423TSmJJHQ2,125703796
423ACScJJHQ2,125703835
423CGrJJHQ2,125780196
42201366,125904134
42kthedog,125985093
42petsqueen,126048187
423MTrJJHSQ2,126551964
424242WATARU,126608718
42nayas24,126635735
423JStJJHSQ2,126645236
4287-AEE64R,127619945
423MSDHPBSA,127901355
429253,127902664
42sshure,128110625
423Joey,128930342
424Joey,128930364
425Joey,128930394
426Joey,128930416
427Joey,128930426
428Joey,128930450
429Joey,128930457
4226916TH,128984181
4222561CJ,128984348
4226423CS,129162996
4235105CA,129508707
42Wataru,129759286
42-7c-2024,129923960
425remagnailuj,129979545
42731yoshimasa,130296326
4211shin,130503038
424i,130807450
4205101,130826527
4204qw,131737360
42-josmigMakesTHINGS,132694255
42-josmigAlt,133473303
428ikg,133817508
428798,133826472
424_rainbowcorn,134012277
422Crafty,134576403
42kos,134576799
4203103TJ,134933898
42554255,135436317
42honjo,135540209
42Vkittycat42,135630337
428-four-leaf-clover,135637402
4222230,135733517
42fm7b,135868763
425_731_lTUKI,136164339
42YCGURSO,136192269
422playttd,137023857
4203103JT,137111747
422q,137263390
42aka,137561977
423Plunger_cameraman,140094688
42_tagari,140114366
428A24,141157886
42so88go,141521839
