963,61507
962,96528
9640910,168600
964,185100
967144,256649
96jsj96,259471
964416,325165
96723032,365061
960,367638
96152843,377995
969,380247
966,380472
96969696,452701
963012,453640
960215,463918
961103,479315
960721,479326
961004qpd,491776
96512,519571
963147,530862
968,551619
967,578004
960146,579839
960145,579843
96hayoung,585513
963852,607020
963741852,622318
96k,654576
964073022202,656058
96223,694901
967635,723017
965,734868
96301,747195
9638527410,747219
96legend96,917795
96882,953616
96336,998187
963214785,1019266
963963,1019473
96115,1038508
960904,1058984
968682,1062527
961127,1066951
9639685,1122795
96969,1125190
96055,1128901
960043,1182653
960007,1182658
960112,1191135
960059,1193469
960029920069,1193481
960126,1193499
96jaume,1205183
96549763,1206821
96052043,1215512
969924510,1216358
965322165,1223637
963rpg,1227677
96ghkswns,1232869
960051AS,1242650
9605p10,1243252
960050,1243287
96ghkswnsghkswns,1263013
96davidh,1283015
964003803,1350190
96paquito,1393000
9699245102001,1437479
966154,1753929
96098,1781476
961855106,1805036
9612100,1828399
961396139613,1828401
960533,1828548
9615,1831304
963323931,1874051
963459,1881133
96531417,1904643
9658741,1933732
960057,1936500
96024,1950451
960023,1960456
9632,1976932
969953152,1980108
961920154,1980118
9628796287,1995054
960022,2008428
963314,2008431
963cjp,2011336
96325,2034293
965816768,2054273
96391,2081773
960242,2083721
960034753951,2083734
964032,2156252
96632000,2158787
96059jessica,2163939
961783086,2191686
963330564,2279236
961541384123,2280610
963501,2345495
96221,2359166
9650EMILY,2393299
96834,2478479
968345,2479470
960167,2481715
9601291,2486692
96515,2489640
96030910378,2605810
96011312109,2617822
9616593,2651140
96-hhan,2659415
960033673,2724198
963852741123456789,2731445
969Frame,2736922
96elements,2826704
96_racing,3049216
96angelica,3059055
961112,3077230
96321478510,3077941
96Silver,3153998
963852789,3163787
96cat,3281196
962527walgreens,3358939
9664,3719329
966281,3807229
96385220,3910358
9625431,3968507
96745,3998871
960406,4242423
9687586974986,4402631
96707,4577486
963806,4666649
96AUHSOJ,4684126
963348,4707602
9606211,5114138
9616940,5114160
9649dh,5181908
96275ac,5308332
969696,5676454
969823362,5901014
9635852741,6746900
969319,6782608
967511,7362018
96507,8047982
960926,8379776
96yeeun,8737110
96N64player,9435134
964393,9708718
962721,9709638
966943,9709656
961776,9709694
964456,9710808
964714,9710818
963585,9710822
963584,9710828
967003,9710850
964278,9710868
968217,9710870
966215,9735368
968423d,9801990
968247,10178650
96085458,10204580
960531cx,10379188
96039423,11010748
9624068,11203096
9641,12537902
9621117,13695571
9690iss,13738097
9604776,13899608
96535,13928334
9642,13987540
961,14066848
9608,14102820
96R4DEBOX69,14120225
960628,14549497
960214,14586397
965321,14600351
96371187,14852752
9635804,14893793
9606043,14893861
9624723,14893886
96_megmew_69,15565477
9670,15656691
96396,15702714
9651426,16076300
9632-21,16166969
960314,16690646
96116,16985440
9641177418,17211227
96068170,17815442
96E,17889367
9622,18102314
963janverg,18116636
96Hoodings,18170826
9664751723,18540586
9681cvusd,18594514
9653CVUSD,18668047
9662CVUSD,18668050
9670CVUSD,18668060
9673cougars,18799614
9657cougars,18799620
9660cvusd,18801720
9665cvusd,18801723
9667cvusd,18801726
9678cvusd,18801730
9691cvusd,18801755
96savage,18870601
9642762439,18899380
9637732756,18942141
9693428773,18993834
96068440,19031725
96039179,19088434
96039386,19091655
9687CVUSD,19139741
9622675263,19179344
9635472382,19202544
9623825,19260130
969120,19268616
9688168822,19385738
96714dp,19445533
960743,19509633
9625265,19509674
9698486586,19623812
9698486585,19948453
96039462,20234872
96Percent,20274339
96DA-KING,20392317
96J,20708917
969323Zr,20748319
968924rt,20748328
969843mc,20748332
96315d51,20751491
96285d51,20751523
96skeleton,20758029
960744919,20832097
96712,20904006
96100135,21029246
9664324566,21098264
96i,21158796
961330,21375105
96CREATIEF96,21427777
96Eugene,21481928
9644813,21592530
96Shadowsinthedark69,21861852
960226,21962733
961212,22004266
961jal,22339312
96-,22695674
962674,22741527
960394,22742220
964346,22775146
96bb123,22781517
960104,23201096
96Renato,23290232
9609589,23489976
96614241,23498539
965733540,23523864
9697cs,23574117
9653554514,23930040
9698kt,23952250
9644,23953879
9684632,24001285
9630258741,24623487
96O,24671097
963732,24706889
96breezee,24808601
9669955173,24821161
9676,24822333
9637250,25183491
96543878787,25316302
9613635564,25421132
96670,25484327
9637732756B,25530880
960522,25589138
9604Tasd,25598663
966619,25678338
96-yun,25701992
96Maciek96,25724881
9642762439C,25729333
9655398358A,25762534
9655242,25857367
968milchan,25982787
969609,26003201
969609KS,26003475
961383,26094023
966soutyou,26207321
962813,26262084
9662334,26540451
9640-,26592152
9668621,26776008
96Chris,26925215
9642242,26991158
965277,27076740
96TQ11,27095418
96352,27243976
96-yun-2,27245059
96x96,27389580
96merve96,27482895
9654namo,27527445
9626950,27529039
96A,27629384
960040510,27707838
960040511,27707839
960040512,27707840
960049852,27707842
960042745,27707843
960042720,27707844
960040342,27707845
960050691,27707846
960042750,27707847
960042746,27707848
960042635,27707850
960042744,27707851
960043444,27707852
960042714,27707853
960042759,27707855
960043870,27707856
960050714,27707857
960046840,27707858
960042733,27707859
960040460,27707861
960046355,27707862
960042708,27707864
960042888,27707865
960042685,27707866
960040601,27707867
960042717,27707869
960043871,27707870
960042038,27707872
960040762,27707874
960042771,27707875
960042445,27707876
968418875,27872196
9643289,28342963
9665442,28451331
9662297,28474516
9673y,28639106
960606,28663532
96fan,28759857
960815666,28806711
965132000,28867696
9652478312,28910022
9656grg,29701745
965101,29840005
965102,29840020
965103,29840026
965104,29840028
965105,29840031
965106,29840032
965107,29840037
965108,29840042
965109,29840044
965110,29840047
965111,29840049
965112,29840058
965113,29840060
965114,29840065
965115,29840068
965116,29840070
965117,29840072
965118,29840075
965119,29840079
965120,29840081
965201,29842754
965202,29842759
965203,29842763
965204,29842766
965205,29842768
965206,29842773
965207,29842785
965208,29842791
965209,29842796
965210,29842803
965211,29842805
965212,29842808
965213,29842817
965214,29842818
965215,29842821
965216,29842824
965217,29842827
965218,29842830
965219,29842832
9652201,29842838
965221,29842845
965222,29842855
964213,29843580
964214,29843589
964215,29843597
964216,29843603
9662172717,30487248
967410065,30540277
963951,30565287
9668120,30582702
9653380,30582794
96912,30712120
96585648254,30807629
960301,30848989
96Dragon,30902308
9692edictum,31081024
966SM,31425577
9651550,31449768
961207,31467541
96N7766J,31558115
9643872,31929517
9618706,31929520
9600854,31929523
9632052,31929524
9647032,31929525
9639932,31929526
9668539,31929533
9668630,31929534
9656247,31929535
9650817,31929540
9645353,31929544
9643857,31929545
9631264,31929546
9668556,31929547
9629389,31929550
9667695,31929627
9608793,31929629
9644431,31929630
9622973,31929633
9668522,31929637
9612175,31929639
9673228,31929646
9680832,31929649
9626845,31929653
9668554,31929655
9644108,31929657
9648781,31929660
9623709,31929662
9610193,31929775
9613653,31929780
9622982,31929784
9668756,31929786
9670192,31929789
9611356,31929793
9673628,31929795
9671330,31929803
9642823,31929804
9631893,31929805
9644170,31929807
9644007,31929811
960625hamilton,31943859
9640303,32368815
96456Pn,32830158
961001ryan,33577455
96210,33592959
96867,33645172
967398,33735287
961083,33735312
961005,33735345
96561,33883227
9647032315,33907037
962363,33948358
963620,33951130
961214,34441023
96balootjlw,34739707
96030896,34766798
96586,34776968
9630xavier,34793245
96027065,34810110
96030285,34810118
9677142739,34945424
9636398356,34991109
96slesmanatees,35270217
96imagine,35567103
9681672259,35635760
960905tom,35823152
9654294974,35824504
960f0a69f81048f99fc,35883787
9693895428,35902033
9643Icandoitwaitand,36021096
96m,36164917
961128,36263935
965267,36288909
9604180511,37396571
962bmd962,37654042
963kgm963,37654048
96cJd67moU,37737664
9663486,37944789
9614754,37944813
9686339,37944860
9678613,37944870
9684835,37945158
9663998,37945167
9639207,37945231
9617231,37945248
9681382,37945293
9633232,37945334
9604652,37945374
9616291,37945403
9687850,37945495
9678614,37945790
9681616,37945791
9678842,37945793
9616282,37945803
9613283,37945805
9678138,37945806
9675234,37945807
96pon,38175493
9688775,38327480
9688433,38327523
96_,38344358
96-yunta,38457761
9648979,38850563
96igoovertime,38850721
9656701,38853244
9663353,38853285
967840,38854320
9624842,38893010
96powers,38922750
96s,38956373
965874123ntkta,39093340
9658876,39155012
9648413,39215549
96RB,39341657
9678Tiny,39415554
96926,39430067
968cougar,39524275
96t,39703377
9610250,39981454
962501,39996971
96kage,39999094
969120_recovery,40040115
96181,40358409
9624173csd,40471236
969393,40502114
962068788,40638370
9694933897,40677243
9654819198,40677247
969393Arianna,40701579
962260,40717423
961408,40717550
969429,40756016
960210,40756034
960045153,40775785
96300vel_wcdsb,40913098
9670272,41196686
966921,41269204
961124,41493197
96boon,41922086
96084945,42262643
96844,42411606
9656098,43719029
9658576,43813056
96cajE,43970177
9617saphs,43980004
964yagiz964,44145438
96n,44316745
9626817,44814986
96wldud,45020863
960919,45033995
96342,45128640
9669Roman,45412795
96C,45428052
96MASSIVEMUSTANG96,46196835
9617Mom,46344256
96ebuddy60,47216683
9617INFO,48496354
9612131,50128144
9602746,50128145
9603097,50128149
96030213,50128155
9608654,50128158
9606134,50128159
9610056,50128169
9613191,50128172
9635587,50200363
9637035,50200376
9634635,50200394
96Gillyweed,50304805
9600777,50373314
9698195246,50394343
96h,50555451
96bobs,51140784
96122,51254810
9605210,51406940
96b,51636155
96385241p,52052234
9602480,52659129
9647656,53119867
9609340054c,53805662
96118459611845,54491289
961591,54615703
961954,54616029
963286,55169548
9690571,55188848
961416,55656996
961257,55841537
9694737,55894677
9612785,55894807
9616290,55894824
9615205,55945661
9604738,55945664
9611147,55945665
961314,55954981
96GUARDIAN96,56355217
9606676,57186567
960824nima,57233006
968106,57233196
968806,57343594
96F,57344627
96102216z,57451779
9662MrWong,57461710
9657MrWong,57461721
9670MrWong,57461726
9671MrWong,57461727
964390,57951580
96bones96,57999358
9649012,58043567
9618971,58151367
9647199,58605742
9647195,58652578
9602jk,58713234
96studios,59124913
9608559jsd,59253537
9609821jsd,59253845
969162,59435479
965429,59721093
96532954,59939121
96u,60010734
96_96_,60316676
963meow,60330607
963-852-741,61042883
96565r,61311907
963-852_741,61435197
96785tb,61799893
965323456789,62081903
960t,62421712
96gal,62935604
9694704,63017891
9662,63846421
9635849,63962034
9669kid,64070650
9617242,64289416
965amazing,64751514
96978,64808589
9600242,65214678
9699887,66131151
963erkan,66160230
965dilanur,66160256
96NOBNOB69,66163809
96gameplayer,66224780
9636252768,66255252
9652021,66280532
9696157,66316966
96ds,66602746
96pear429,66775667
965amazing_singer,66899927
96435747,67000831
9677678,67805396
96Y,67807341
96487mh,67807525
96575rs,67807529
96213ls,67807548
96618js,67807550
96385gv,67807557
96572am,67807559
96091ls,67807572
96380aw,67807576
96090as,67807678
96498cb,67807679
96oo242,68321998
96585r8518216,68347083
9655608248,68381174
96Bigbain,69197345
96x72,69281922
96z,69294414
96107352159,69301838
967412345,69484755
965_anthero,69707869
96mustangs2021,69843958
96270NIC,70561652
96km,70751123
96x734,71232161
96-3--,71618704
96743121,71749185
964-dog,71761111
964696,72029106
96964043,72091538
9696404203,72507584
96R,72705407
968KITTEN968,73087790
96suke,73125358
9615535,73723338
965kuvira,73832639
96backward,74244328
9698752544,74365781
96809575,74399851
96x,75247348
96cat-_-,75809990
964079__Lily,76079342
962147,76546704
96DA,76730047
967715,77066642
965894,77151139
96g,77324876
96984484,77868835
961730,78094708
96580,78301512
9646879,79328268
96L,79902235
96_s,80031471
96s1stem,80313979
96628ej,80444646
960times10_5is106044,80591339
966383383,80695873
96joe,81181622
960k,81368573
967073,81604301
960Gj,81997657
962962,82018816
968709,82052939
9605160,82265839
966659796,82273618
96x735,82442574
960lol,82886120
96p,83027436
963265lion,83060885
963674lion,83061213
960371lion,83061300
961424lion,83061304
960479lion,83061305
960317lion,83061306
960676lion,83061307
960361lion,83061308
961106lion,83061314
960355lion,83061315
960360lion,83061316
961393lion,83061320
960395lion,83061321
960363lion,83061323
960368lion,83061327
960094lion,83061329
963001lion,83061402
962975lion,83061415
963321lion,83061491
961717lion,83061492
963339lion,83061493
960711lion,83061495
961853lion,83061497
963270lion,83061498
963279lion,83061499
960357lion,83061501
961980lion,83061503
961154lion,83061505
961931lion,83061506
962426lion,83061508
962184lion,83061509
963636lion,83061511
962572lion,83061513
960369lion,83061514
960367lion,83061515
963016lion,83061517
96PeppaPigiscool96,83229085
96w3,83375002
96534289,83403112
96nissan180sx-typeX,83420176
963truemanBen,84045639
96860,84069957
960986,84357023
9610867,84625042
968BF,84758514
965RR,84767073
9615139211,85198462
9646121,85335246
96D,85533993
965993449,85700306
96158_Comics,86295479
96u3gi,86376240
9619181913,86795825
9677125982,87093712
96Q,87589297
96V,87589303
96W,87589307
963915,87745679
9631279181,87759251
96ingchipmunks,87879733
960t_alt,88018475
9630906,88029198
96koki,88211157
9668796985,88254577
9611kb,88310330
96notinvererse,88328431
96258,88336822
9651866365,88408916
961625,88494258
968503,88646113
963918,88647183
960158,88647248
9601raven,88773573
964173lion,88931622
969486,89931612
96thefunnynumber,90188748
9648576,90212817
963110,91075247
96478,91889996
9604333,92151500
9675465768787,92155190
96603902,92217536
96598989,92723777
960114f,93229540
96cole96,94577251
96panbarusu,95062669
969611112,95106145
9650Studios,95371008
96012156,95823488
96858585855lmwxmmw,96377094
96racer96,96414233
96738795,97734103
96-8-,98093221
96AMC,98256380
96ninja,98536240
96thingtheman,98586662
960214979,98752049
96DUBUG,99266663
9646560,99410730
9687951,99446400
9672netlok,99505163
964974,99783423
966g66,99870896
96san,100084396
96fan96backwards,100443120
96sama,100519481
969million,100866243
96631,101217849
9673149slams,101503947
963doga,101943506
96ceren,101943507
96537429,102472798
96012,103320572
96799,103371319
9695100,103870223
96Productions,104046390
96012-sabuaka,104211803
96_pa-ka-,105005195
96mulletman96,105061500
961217W,105253684
967530,105253696
969922,105253703
963Izzy,105405095
96--derp--240,105782356
96549,105863378
96hello,106237720
96iyuyg,106344032
9696backwards,106472731
963148,108845963
963915-sabu,109475483
96platypus,110017155
96699669,110843932
9646902u,111400111
9651739u,111400137
96BobsMom,111433059
96honeyjar,111527849
96nicky,112743068
961992,112942182
96yerffeJ,113013394
96Tufan,113400854
96-az-g,113611202
96Jamal21,113842937
966987,114169291
9669123,116322107
9652234,118329040
966059t,118560518
961675ao,118688007
9630906-sub,118713592
962341,119641281
9684510,119769237
9607981jhe,119845080
9619218JHE,119845222
9663319_16,119920476
9663319_10,120231518
96386wrboy7ryanhgytf,120421494
96_dya-vapri-thvi_96,120684188
963286alt,121780101
96among_us96failure,122031444
96suporter,122205158
960048885,122216245
96Make,122357727
96-you,122658145
96-me,122658342
96DZL5,123148924
969605,123289576
96GG,123485570
9605883,124084438
96134,124394145
96Mystery,125447687
96-Studios,125472625
96024yadllaylaS,125716773
96782,126062743
96961,126311540
968133km,126437212
96Ramen_Muncher96,126704535
9632013,126763082
96Karlo,126808848
96-David-02,126808867
96012love,126931166
969thecat,127031486
96_Studio,127076508
96dogs,127928377
96b87fe7,128117843
9604803,128327430
96_se_,128377212
96250EW,128714281
96964150,128808811
963674lioni3,129429062
967726lionl2,129430693
96switchedaround,130361643
96HondaAccord,130415424
969clock,131294794
9632i,131378643
96th,132506214
969619,132718897
96dogs_aniations,133859377
965833742,134526464
96pogers,134526864
967Frope,136090311
9625Vang,136965149
967812,138398003
96l99,140072870
9643962,140922997
