95fhynd,17725
95boy,20440
9590,79103
954,88639
95truth,106908
957,113557
950,153038
951,154309
9513064,191413
956stevenarriaga,197509
956,260496
95jazluvsu,329667
950199,378301
952,395944
955,455608
95959595,498355
9557,511068
959,573255
95099,580796
95012344,630336
9579970,633609
95hedgehog,658179
95125138,661313
9555963,671875
955014peter,678549
95Carmen95,699248
95-chris,700060
95113,707751
95013,716847
9503035,727348
951753852,743640
955080howard,745639
950135,745664
95062,753460
95120,753461
95164,753467
95175,753479
95104,753525
950113-950112,794393
950001,861772
950377,861774
950234,861776
950283,864989
950133,865001
95RAN,956935
95220,964339
95l,994585
9512389123u,1013991
951159,1019476
950080,1043881
950356,1043928
950313,1043952
9500941234,1044038
950059,1047923
950030,1055317
95130,1108337
956977907,1110649
950258,1116343
950310,1116355
95005917,1119357
951anu,1140090
95737,1192689
951127222w770301,1221164
950070,1225457
952767991,1228567
958dragonslayer,1274308
951753asd,1316679
9552DEWEY,1328371
952762691,1366147
9575925,1368429
95017,1368829
950068,1376210
952509029,1383212
95022694,1432710
950119,1477486
95485214,1541950
954681263,1865432
9508,1933307
954157823,1979533
953244,2006183
954459,2008415
951685,2008422
957799,2008427
952093,2008463
950388,2008467
957075,2008589
953232,2008594
952256,2008595
958262077,2062090
95548,2168347
95050101,2248371
952877275,2280795
95jwalker,2376426
9527,2384199
95029121,2387847
95031878,2387872
95025975,2387912
95031879,2388543
95327,2487991
95750,2488003
95uth2,2555753
959595,2561189
95111530298,2605826
95wert,2691019
95022370,2711567
95tomasz,2756179
9536kids,2786666
950706MANUEL,2803921
95207,2886947
95034351,2903917
95026529,2903966
95robert6,2909360
9574,2920512
95091211794,2927148
951212yr,2934030
95_Knepper,2942940
952249,2954506
9503401,3006933
95020604,3051020
951236,3091974
9549733,3137979
9527935,3139370
9518669,3157093
9526715,3157244
9516757,3161292
9574444,3207587
95112,3218697
954854062,3260052
9531273375,3331818
951993_Love,3358375
954456,3358474
954979,3377521
956307,3441166
95ragefire,3446255
95jeniffer,3464198
95029503,3516428
954343,3544497
95030745,3678053
951952,3960464
953391,4103104
953367,4106559
955347,4106618
954573,4107261
955802,4107871
953347,4112875
959693,4465890
950222,4566057
9562842,4686623
9566104,5114220
9583458,5114256
9592421,5114270
9582725,5114292
9582962,5114888
953e,5173076
9582419,5197240
95165,5249424
95090,5249550
95387,5249856
95486,5249858
95391,5249868
95383,5249890
95487,5250262
95232,5250266
95587,5250268
95258,5250278
95235,5250290
95youbin,5387034
9516243LUCAS,5387436
95395k,5505192
9515412,5662998
95123Emily,5788628
95070,6389566
9535jvip,6392140
95687,6437074
950-,6667518
953273149,6775102
9582720,7603856
95031596,7642526
95038378,8083436
95024384,8146928
9566327,8187444
950219,8267072
95jbaker,8504080
956013753,8595852
95024453,8636054
958,8754844
9567545138,8858200
9555699,8938110
954260,9708706
956267,9708784
956316,9709626
954217,9709650
958892,9709680
954510,9709684
954730,9709698
953662,9709810
956105,9710802
955897jm,9710826
955186,9710836
954798,9710848
954794IRA,9710852
954186,9710858
953681,9710890
952666,9710892
953,10667080
950525lucas,11135788
950328,11923592
95020sm,12000678
953314,12052570
953124,12052648
9582862,12099248
954737,12148844
95z,12877528
9560029,13148588
9522688,13204201
9514612,13400257
9517169,13516816
951356,13702362
952101,13823598
956sereja956,13870691
95a,14443512
9510iss,14549449
9504iss,14549769
956004492,14603234
9545198,14893811
9586716,14893944
9593323,14894051
9560101,14945626
95772,15012362
95Ghz,15022084
95ZERA,15617681
95150402514,15902484
95001,16135234
951321,16186811
9523,16557550
95674,16561659
9515760,16752475
95031357,18107865
956030185,18138966
950210,18162886
95619561,18164136
95038076,18308445
95339533,18336279
9548741725,18606351
950604,18652502
9578CVUSD,18668370
950yasmoor,18668862
951379179,18933383
9584124978,18941790
9529388683,18945267
950514,18990397
9597683318,18993530
9556928197,19018290
9522545,19020157
956016617,19062775
950804,19068073
955039,19106251
9521389788,19149690
9592353115,19179502
9525655369,19201487
9523470,19317186
95019,19338030
95awesome,19339566
95-59,19353189
9507704,19375157
9551472373,19505959
95086648,19546364
959george,19597022
95039793,19653112
95039380,19653134
95038747,19653153
95039822,19653275
95036699,19653282
95036864,19653316
95037365,19653347
95037085,19653350
95035158,19653358
95037290,19653364
95036791,19653368
95036798,19653372
95034975,19653374
95034826,19653398
95032285,19653429
95035047,19653444
95035276,19653445
95034757,19653455
95033823,19653474
95042085,19653482
95037899,19653483
95037247,19653492
95032149,19653494
95042194,19653510
95032669,19653520
95032707,19653534
95036273,19653546
95033051,19653563
95031944,19653580
9588516721,19674433
95041109,19679562
95041294,19679563
95040722,19679564
95040963,19679565
95041071,19679566
95042123,19679567
95040924,19679568
95041119,19679569
95042120,19679570
95034434,19679702
95030632,19679703
95036428,19679704
95030490,19679705
95034579,19679706
95030714,19679707
95032435,19679708
95033923,19679709
95030570,19679711
95030439,19679712
95040796,19679713
95031048,19679714
95030882,19679715
95030696,19679716
95033800,19679717
95036178,19679719
95040918,19679728
95041884,19679729
95042205,19679730
95031427,19679731
95030401,19679732
95031256,19679733
95035257,19679734
95027130,19679735
95030746,19679736
95030898,19679737
95030994,19679738
95034383,19679739
95031156,19679740
95031074,19679741
95031014,19679742
95039581,19679743
95035681,19679744
95030472,19679745
95040111,19679746
95036323,19679747
95034495,19679748
95030975,19679749
95030953,19679750
95030952,19679751
95034430,19679930
95033698,19679931
95034238,19679932
95028515,19679933
95037653,19679934
95031265,19679935
95030530,19679938
95031686,19679939
95031302,19679940
95030535,19679941
95028752,19679942
95038684,19679943
95033869,19679945
95027906,19679948
95034281,19679949
95031090,19679950
95031093,19679951
95030357,19679952
95030943,19679953
95031409,19679954
95042059,19679955
95042224,19679956
95036437,19679957
95034205,19679958
95030403,19679961
95039709,19679962
95035256,19679963
95027392,19679966
95036240,19679967
95030818,19679968
95034599,19679969
95028877,19679970
95032152,19679971
95041542,19679972
95039923,19679974
95039765,19679975
95030532,19679976
95031924,19679977
95034043,19679978
95030869,19679979
95035901,19679980
95033982,19680001
95030389,19680083
95519,19697150
95Antonio95,19726846
956FoxySFM,19912743
9595677965,19925390
9565766358,20014311
950304556,20048143
95033249,20091956
95032778,20092057
95036003,20094483
95038569,20129878
95036029,20129888
95031368,20129893
95030678,20129896
95034137,20129899
95028738,20129909
950316498,20129910
95031016,20129917
95029687,20129918
95030671,20129927
95030789,20129928
95030596,20129936
95030774,20129941
95031207,20129967
95031649,20130000
95026739,20130002
95026738,20130016
95031148,20130047
95029277,20130061
95031895,20130066
95031142,20130085
95031084,20132955
95035797,20132968
95031083,20132971
95031039,20132982
95030515,20132986
95031137,20132992
95037953,20133006
95030756,20133031
95030884,20133051
95030972,20133052
95030779,20133057
95031080,20133073
95028454,20133081
95028215,20133087
95031212,20133089
95030918,20133102
95031015,20133110
95039855,20133113
95031271,20133119
95031013,20133153
95030569,20143433
95030819,20143498
95031174,20143499
95037832,20143503
95031470,20143504
95031091,20143506
95028761,20143508
95034516,20143514
95030740,20143523
95031232,20143534
95035679,20143538
95030752,20143540
95030797,20143549
95030539,20143558
95028636,20143570
95031053,20143605
95031469,20143652
95039659,20143707
95030396,20145511
95031464,20145521
95033131,20145524
95033917,20145527
95034037,20145529
9533958,20145541
95030384,20145550
95031626,20145580
95030587,20145581
95033837,20145582
95031525,20145583
95031746,20145584
95037852,20145585
950341646,20145592
95031381,20145614
95030800,20145616
95032210,20145619
95040453,20145642
95031082,20145697
95030394,20192369
95042390,20221556
95025759,20334981
95030867,20335173
95031107,20343338
95031501,20344559
95030601,20344586
95034857,20365835
95034830,20365841
95035177,20365848
95033129,20365849
95036355,20365892
95034662,20365895
95077730,20365981
95037066,20365987
95039419,20365990
95037932,20365991
95036810,20366035
95037818,20366148
95035922,20366726
95035025,20366727
95035162,20366728
95035318,20366729
95035287,20366745
95038208,20366747
95037827,20366753
95034905,20366754
95035456,20366757
95037572,20366759
95035214,20366764
95040112,20366771
95034824,20366772
950036471,20366837
95037964,20366845
95035273,20366852
95032691,20366875
957683,20934441
9507012,21063095
95t,21163656
95920jigraw,21192810
95d,21342919
9583944734,21572046
9596569,21592457
95z_BoyXLike_me,21866746
950503,21877940
950210950210,21881642
9594075,21930049
9509180,21962790
95632,21974103
950131,22116702
950929,22171778
9508241010100,22207855
95791jf,22387127
95kugo,22513346
952310,22705569
956806,22741441
957156,22741447
956295,22741625
959858,22741644
959480,22741660
959482,22750686
95hockey,22778822
95sabeals,22832202
954793,22853816
956pp,22859187
95lightnin-mcquen95,23132282
95043495,23225631
950729950729,23292252
95thstreet,23941311
95thstreetcodeclub,23955696
95031054,23982636
95034753,24069206
9587934458,24203871
959595959595,24218571
958e,24307588
953953,24387048
9546606543,24682642
954321,24772315
955482,25169542
95m,25184149
95030698,25203218
951951951,25293698
9563dn,25322657
951130,25353708
9543345775,25423422
9521389788g,25532560
9557475,25554844
95032960,25582801
9547683152C,25729323
95027849,25785481
959567ST,26003484
954648,26376109
9510112513,26391599
9554629559,26477404
950716nelson,26585004
95163067,26592420
95804,26602895
95940,26603119
95044130,26742615
9587950,26895290
9549440,26925699
95s,27029476
9568815,27075903
958234,27150094
9522574,27170590
955hello,27328580
956007826,27344706
9556583,27380734
9565622,27529258
951285026,27872074
959438493,27872125
951353524,27901998
955711,28019821
9514985,28075212
9529312,28075280
9533764,28075282
9529313,28075293
95034689,28111825
95044180,28112364
95039743,28112376
95044269,28113498
95034628,28113769
95034881,28115571
95035646,28115733
95043439,28115767
95043952,28115878
95035210,28116812
9505881,28243599
9515281,28243603
9514987,28243606
9502388,28243639
95038997,28247763
95038860,28247764
95037147,28247765
95039218,28247766
95039324,28247767
95039072,28247768
95038966,28247769
95039560,28247770
95039505,28247771
95039355,28247772
95039062,28247773
95039417,28247774
95036985,28247775
95039550,28247776
95039260,28247777
95037069,28247778
95039356,28247779
95039038,28247780
95039374,28247781
95038568,28247782
95039026,28247783
95037175,28247784
95039200,28247785
95039317,28247787
95038285,28247788
95038931,28247789
95038765,28247790
95040368,28247791
95037130,28247793
95039593,28247794
95038364,28247795
95039404,28247796
95040046,28247797
95042926,28247798
95039405,28247799
95038888,28247800
95039292,28247801
95036908,28247802
95038891,28247803
95039414,28247804
9593789421,28257996
9556130,28282193
9545197,28282208
9564941,28282594
95527,28310306
9516419,28323983
9522782,28324865
9545899,28435954
9505811,28448945
9508732,28448969
9535127,28449002
9577476,28474413
9561808,28507054
9536509,28520854
9500211,28606530
9556229,28634348
95991,28817127
95k,28970212
95724,28983388
9596450,29005051
9567677,29005052
9579795,29005056
9569661,29005057
956021336,29525964
95038318,29682541
95625POM,29734891
95cjoseph,29918737
95872,29951174
95035136,29986349
95124763,30193792
95050-_-_-,30383550
9512759,30496607
9557096,30582643
9557100,30582661
9560496,30582671
9560782,30582690
9563559,30582695
9562686,30582727
9560767,30582733
9561026,30582809
9559854,30584721
955962OES,30590929
955751oes,30591090
95031699,30631118
9563691,30658526
9556866,30697855
950573,30744270
95r,30767360
9559854c,31007148
956020oes,31014447
955938oes,31014521
956381oes,31015511
95771,31052841
957BG,31351344
95GamerMom,31444653
95525,31540272
951110,31854227
9545748,31929513
9551857,31929514
9561299,31929515
9543612,31929516
9561141,31929518
9542202,31929519
9562884,31929521
9560100,31929522
9545486,31929527
9551850,31929528
9563901,31929529
9561328,31929530
9585911,31929531
9586240,31929532
9508525,31929536
9536171,31929537
9585926,31929538
9565020,31929539
9574127,31929541
9564779,31929542
9552124,31929543
9516727,31929549
9553952,31929623
9524444,31929624
9501669,31929625
9547240,31929626
9552175,31929628
9521132,31929631
9535485,31929634
9564830,31929635
9586202,31929636
9549046,31929638
9559545,31929640
9523722,31929641
9559940,31929642
9564924,31929643
9564926,31929645
9544530,31929647
9532983,31929648
9560296,31929650
9591011,31929652
9547263,31929654
9522148,31929656
9565014,31929658
9524627,31929659
9583535,31929661
9560893,31929776
9565027,31929777
9560278,31929778
9519239,31929779
9564528,31929781
9546037,31929782
9511780,31929783
9527930,31929788
9514767,31929790
9578952,31929791
9573509,31929792
9561319,31929794
9520307,31929796
9551515,31929797
9547481,31929798
9561310,31929799
9546621,31929800
9564803,31929801
9548480,31929802
9559485,31929806
9561915,31929808
9592565,31929809
9560180,31929810
9528991521,31962927
9562dk,32028267
95033771,32261509
95758389,32488303
954232,32729638
95772mT,32816677
95fan,33448129
951qazwsx,33652150
95ApolloEx3,33676151
95hihi,33838264
95348rg,33907347
95239633,33938848
9521364978863125497,33948273
9544999,34263840
95041430,34467343
950-Rocket-,34570354
95030526,34673385
95balootkd,34739504
951imm063,34740988
9535scs,34760674
95073276,34766789
95362426,34766790
95087326,34766791
95058116,34766801
95351276,34766802
95002416,34766804
95231365,34810099
95107155,34810108
95152565,34810109
95315955,34810115
95365465,34810116
95058305,34810121
95062145,34810123
95337145,34810125
955324515,34945406
95sparkle,34954670
951218Sophia,34973394
95334,34998390
9565766358s,35024366
951202,35044383
952018,35113854
9521389788s,35134734
95slesmanatees,35270227
950614,35319571
952050,35319657
950206,35319686
950630,35319899
9517534862yyy,35359661
95y,35406472
95kops,35541615
95imagine,35567101
952060,35620321
950320,35620327
950417,35620355
95348465,35700640
95989095,35700647
951462,35707886
95DollarRamen,35947767
95417,36067257
9585419,36192121
9586994,37496708
956rock,37649928
957lam957,37654049
95730Ryan9,37706328
9556881,37944757
9548250,37944841
9563889,37944852
9524227,37945177
9572285,37945182
9591649,37945240
9562040,37945261
9589262,37945270
9532029,37945279
9556892,37945298
9580426,37945300
9533509,37945308
9561273,37945320
9572291,37945345
9574595,37945355
9570948,37945381
9556708,37945392
9558535,37945410
9522460,37945419
9546522,37945433
9571867,37945443
9574955,37945785
9553046,37945786
9575096,37945788
9538601,37945789
9571902,37945792
9520010,37945800
9516680,37945804
9574978,37945808
9586979,37950120
95039731,37969651
9510abc,38706802
9510v,38706803
9510w,38706804
9510t,38706805
9510u,38706806
9510r,38706807
9510s,38706808
9510p,38706809
9510q,38706810
9510z,38706811
9510x,38706812
9510y,38706813
9510f,38706814
9510g,38706815
9510d,38706816
9510e,38706818
9510b,38706819
9510c,38706820
9510a,38706822
9510n,38706823
9510o,38706824
9510l,38706825
9510m,38706826
9510j,38706827
9510k,38706828
9510h,38706830
9510i,38706831
9510ii,38707243
9510kk,38707244
9510ee,38707245
9510ll,38707246
9510zz,38707247
9510mm,38707248
9510dd,38707250
9510ss,38707251
9510rr,38707252
9510vv,38707253
9510oo,38707255
9510nn,38707256
9510hh,38707257
9510xx,38707258
9510qq,38707259
9510uu,38707260
9510jj,38707261
9510tt,38707262
9510ww,38707263
9510aa,38707264
9510yy,38707265
9510cc,38707266
9510bb,38707267
9510pp,38707268
9510gg,38707269
9510abcd,38707270
9510ff,38707272
9511jj,38708326
9511ii,38708327
9511hh,38708328
9511zz,38708329
9511ff,38708330
9511ss,38708331
9511nn,38708332
9511qq,38708333
9511pp,38708334
9511gg,38708335
9511uu,38708336
9511tt,38708337
9511ee,38708338
9511ww,38708339
9511xx,38708340
9511kk,38708341
9511rr,38708342
9511mm,38708343
9511bb,38708344
9511aa,38708345
9511ll,38708346
9511abcd,38708347
9511yy,38708348
9511oo,38708349
9511cc,38708350
9511dd,38708351
9511vv,38708352
95rw,38726248
95682,38746463
95BTSJimin95,38808150
9571096,38853260
9551450,38853280
9599042,38853300
954317,38854397
95041579,38891979
95games,38907210
95V,38927460
95037mel,39001624
95037meli,39002056
95046055,39351958
95i,39433932
95043666,39599384
95045392,39601195
95045698,39601258
95045634,39601311
95036471,39601515
95039940,39601600
9569831,39695912
95cc,39718088
95073295,39730090
95rat,39774674
951fp2018,39823646
952fp2018,39823953
953fp2018,39824363
959850583,40032991
9588584934,40161016
9520w,40186050
9519m,40233329
9519l,40233330
9519o,40233331
9519n,40233332
9519i,40233333
9519h,40233334
9519k,40233335
9519j,40233336
9519e,40233337
9519d,40233338
9519g,40233339
9519f,40233340
9519a,40233341
9519c,40233342
9519b,40233343
9519y,40233344
9519x,40233345
9519u,40233346
9519t,40233347
9519w,40233348
9519v,40233349
9519q,40233350
9519p,40233351
9519s,40233352
9519r,40233353
957aml20,40350843
9599463986,40427428
95dragongirl35tale,40466469
9561731681,40519548
955470,40591896
95645,40592247
95678,40664448
953454,40665619
9592361932,40677225
9527298687,40677553
959746,40717430
955987ryan,40844320
956636thomas,40844322
955417saben,40844329
955467jaidenn,40844378
955487brody,40883195
9566mason,40892197
955433brayden,40991077
956515Carolyn,40992918
953884,40999425
955243,41081781
95466507,41096000
959fish,41180474
952640,41269209
959shadow,41524079
95-irem,41570663
95045290,41743521
95039600,41858319
95341hud,41960721
9560285,42079697
95039634,42086881
956222patrick,42505439
956031skyler,42505464
956671kamden,42505481
955750Russell,42588395
956443Emma,42588426
955678jesus,42588435
9597752,43717596
9575963,43718992
9544458,43719472
95979905,44163843
956015245,44172988
95028967,44420095
95752Aspen,44508795
9504386548,45413359
95studios,45475629
95885757639,45476683
95030394FAN,45612945
958000424,45810738
9504f,46069451
95152514,50127988
95255414,50127989
9528756,50128143
9521799,50128146
9519439,50128147
9520809,50128148
9529306,50128150
9521694,50128151
9517607,50128152
9517616,50128153
9501920,50128156
9517748,50128157
9521319,50128160
9524232,50128161
9515120,50128162
9522616,50128163
9517439,50128164
9534069,50128165
9517698,50128166
9522830,50128167
9520861,50128168
9521922,50128170
9509240,50128171
9574936200,50254370
95Gillyweed,50304803
956039805,50305236
95racing,50340132
954nation,50634021
95695,50935862
9587125555,52031576
95047845,52109934
95044124,52109940
95043876,52109951
95044273,52109958
95042704,52109971
95046224,52109982
95040813,52109990
95040970,52109995
95045719,52110000
95042623,52110007
95042637,52110019
95043930,52110022
95042401,52110030
95040812,52110047
95047412,52110058
95042458,52110076
95045824,52110249
95041111,52110303
95043122,52110346
95043194,52110394
95043643,52110552
95044958,52110571
95047558,52110589
95040773,52110601
95045773,52110620
9575261321,52142121
9521972297,52142167
9536883538,52191905
958105,52459915
955Dove,52517124
95534,52545422
95332571,52616087
95760,53036405
9534980874v,53711220
95038157,54047105
9532297197,54228156
95jeason,54287073
95148,55219595
9523113275,55281119
954877,55589340
9548771,55589536
9526766,55894609
9527059,55894627
9521433,55894639
9520990,55894648
9513585,55894672
9521062,55894679
9532538,55894704
9501504,55894740
9521204,55894804
9531665,55894808
9520744,55894809
954131lr,55926407
951131,55944758
9526624,55945594
9535386,55945644
9521674,55945649
9522818,55945651
9521156,55945652
9528968,55945662
9521480,55945663
9517614,55945669
9503267,55945675
9520968,55945676
9524995,55945677
9521635,55945682
9521080,55945690
9520814,55945698
95210110,55945983
9521555,55982963
9521467,55983093
9520980,55983212
9520675,56144483
95047201,56263879
95pug,56304774
957203,56572435
950698,56934023
95akk,57201830
95b,57218158
953416Micahm,57343537
95048931,57949469
95042408,58105217
950068TEJU,58313454
95035127,58566292
954360,59240802
95560,59291988
95585,59348076
95034829,59394976
9513450,59429931
954-218-6034,60307197
955081,60626337
95027,60751235
95Theodore,60774044
95041doodle,61070226
95045768,61486107
9532190,61676335
954LGH,61892054
9518792,61938525
95148_test,61988197
95j,62020680
95045726,62113335
95783,62145779
955353,62190975
95006,62198910
954356test,62223864
95040814,62315100
95045152,62319228
9560415980,62540377
9578MrWong,62549983
9567101,62919408
958578498585,62920019
95_,63074755
9539688,63281123
95643218,63478500
95269526,63839050
95042593,63901569
950811ym109st,64073020
9578689578,64111325
95043274,64295039
95gqwb,64392097
952yigitsari,64409696
9595953,64753019
956a2020,64806713
9574428,64811694
95u,64829793
95045501,65413751
955176,65634518
9527724,66077959
954eren,66160250
95426841,66166161
950182,66311460
958-HAS,66612783
95banana830,66775643
95632gb,67807519
95638jg,67807521
95344id,67807522
95144gd,67807527
95398nm,67807530
95433td,67807531
95687rl,67807533
95717mm,67807535
95188le,67807537
95725br,67807540
95161ar,67807542
95850jw,67807543
95758am,67807545
95928bb,67807547
95763gn,67807551
95156ek,67807552
95637jm,67807553
95107bm,67807555
95147hv,67807556
95175lo,67807562
95695er,67807566
95679cj,67807567
95411jh,67807568
95761lm,67807570
95757el,67807571
95141ew,67807575
95299ak,67807668
95633ak,67807670
95169lh,67807671
95634ak,67807681
95338vm,67807689
95447ej,67807690
95702wb,67807691
95195gc,67807693
95635lk,67807696
95842bt,67807697
95636dk,67807698
95932pw,67807699
95676KA,67810158
95043559,67825873
956_5h,68093615
957-5G,68094341
956_5-H,68113471
956021098,68164324
954351990o9,68445806
95duck,68560144
954972,68724006
95041579122423646473,68744575
9581770003,69100647
956051985,69204614
95mustangs2021,69843977
95321548465132645,69939463
955153,70113266
95km,70668838
950246,70713225
95Q,70856527
95_Square,71106918
952782,71220908
95s6,72212471
951074,72846462
9597138,73468101
95x,74183320
9531991,74415441
95SatvikiPadhye,74622393
9549549,75056990
95kas-ser,75302717
955866,76605172
955-2021,77391650
952-2021,77392091
95e,78055537
95849866-93,78068935
956085,78094205
950484,78094697
952923,78094885
95652398,78280216
95F,78450528
95048447,78723624
95044906,78788564
9550123,78955386
95-,79204331
95049553,79326927
950t0,79418981
95155ld,80235608
95mariobro,80299798
95s1stem,80313966
952SL,80622365
956832,80670359
9596776886,80710886
9581692118,80710910
95AVFIRE65,80713491
955483,80803490
9501poii,81047805
95680aw,81055066
95051464,81192399
956555,81295322
9565555,81296376
956557,81296722
957449,81524635
956374ST,81525787
95292id,81902847
95649808,81923680
9504393373,82161646
957elif,82448471
9513wolf,82923350
956038268Zechariah,82937788
956055526Alexharris,82937799
956050345JaCoB,82937875
956019611EthanWagner,82937938
956043164henry,82951907
955741lion,83060873
952042lion,83060879
959835lion,83060881
951706lion,83060884
953742lion,83060886
952720lion,83060887
955786lion,83060889
951896lion,83060890
952797lion,83060891
952625lion,83060893
950945lion,83060894
952574lion,83060895
950951lion,83060897
957807lion,83061217
958868lion,83061299
955083lion,83061302
957075lion,83061309
958230lion,83061310
954040lion,83061312
956353lion,83061319
958642lion,83061324
955571lion,83061326
955282lion,83061328
953385lion,83061330
958910lion,83061444
957869lion,83061494
957955lion,83061500
957039lion,83061507
959818lion,83061512
953064lion,83061551
954590lion,83061670
955221lion,83061672
956503lion,83061674
957394lion,83061675
953231lion,83061676
952456lion,83061677
957588lion,83061678
955482lion,83061679
957483lion,83061680
955736lion,83061681
956458lion,83061682
953490lion,83061683
957239lion,83061684
953557lion,83061685
957560lion,83061687
952130lion,83061688
954873lion,83061689
956339lion,83061690
950476lion,83061745
951108lion,83061746
953108lion,83061749
950348lion,83061751
957976lion,83061753
953211lion,83061757
951229lion,83061759
950966lion,83061767
951646lion,83061769
950051lion,83061780
951456lion,83061784
951448lion,83061786
951282lion,83061788
95G,84012164
956044811,84201326
956Team,84275966
95947gs,84282615
95978mp,84282618
95979pw,84282624
95532Abe,84335632
956043300,84670737
956046025,84670744
956059827,84670779
956044599,84670825
956050498,84670865
956043421,84670873
956050029,84670884
956043265,84670894
956044759,84670896
956046757,84670962
956043753,84670974
956045425,84670988
956049207,84671077
956043992,84671156
956050170,84671420
956044065,84671456
956045739,84671861
956044016,84770529
9569445,84791408
956890,85819072
956052305,85834464
952816,86979578
95008428,87078164
950w_,87309981
95P,87589320
95W,87589322
95H,87589325
95O,87589326
95N,87589327
95C,87589329
956756,88186663
950years,88268845
956043915,88438041
9596310,88460473
954598,88494013
956044760,88505252
959629,88593394
956045749,88599345
95373758,88664560
9532raven,88773567
959038c,88823805
959038cj,88824614
953106,89057855
959038cjd2,89072770
953147,89188187
9520576pas,89210883
955kjennie,89243080
959038cjd2g,89262956
9502460,89285507
95_car,89463655
956634,89922966
958534,90133242
95copperroad,90133830
95pp,90254640
951CodingTime,91043773
9518500,91962019
9524259311,93081307
956036931,93809144
954915,94043113
953057lion,94167653
953jouri,94847997
953jouri953,94848280
95Blue,94925221
952152lion,95185854
95masterman,95692848
956060572,95872464
953646s,95959520
950277,96410395
951418,96452490
956newsaccount,96950555
9538677617,96958246
9512267,97623775
95050874,98019134
951753159357,98028824
95X55CwV415,98481905
952816a,98501737
9533903468,99192043
956034140,99241096
956029350,99245944
95048460,99245975
95042934,99245996
956034238,99246288
956040335,99246978
959Lothian,99314300
956019985,99316028
956035475,99316587
95sual,99317635
95605326,99320363
956053262,99411440
95046784,99516866
956052098,99722024
95649807,99795861
951563,99988360
955516,99988562
955285,100009416
953568,100009462
951OLHA,100102372
95051024,100230119
95kuruma,100257839
95649808no-sabu,100285781
953568a,100430384
95649808no-sabusabu,100527159
9561320,100715979
956threefivenine,100841026
9510739,101119484
956064407,101223403
956053589,101816789
950482,102285813
953541nn,102460987
9500963,104157877
95orangeturkey95,104343128
953990,104566367
95dolphin,105861150
950AM,105933307
953050,106278950
953697,106458379
95034068,106480962
95417952,106560794
95FordPowerstroke,106952859
9560DD,107074604
9528OT,107083319
950915C,107701127
953075,108758215
952319,109037348
95est,109417669
95molelizard,109788932
95sunbear,109788947
95oldbranch,110028617
956036647,110578125
956034503,110578130
956027983,110578220
956036848,111077164
95031903ny,112367771
9589578slams,113102765
95178s,113104424
95372s,113106401
95lightning20,113646580
9506WC,114901969
957590,115379628
95erobotmadman,115386246
956fnffannoah,116419183
958142736,117854526
95047197,118214025
95720_2427ksa,118281757
950015,118554195
95083039,118673008
953CarlosR,118683774
955_Sub,118702152
955-Sub,118760872
95DNH6,118931246
95DTG5,118949129
9581105,119499073
956065938,120255968
95554,120661737
95550,120661740
95552,120661741
955333sttcedutw,120671285
95ford_test,121175697
952leolop,121386090
955reimar,121387191
957006,121588835
950k,122224642
95Landis,122247225
954004,124536176
951739r,124595739
952871,125573365
954026,125573658
951EliteVolleyball,125930328
958786878,126243247
95505,126319541
952624purplecats,126357388
95prado,126954839
9597braden,127989606
954022,128422450
954022AA,128422499
958951ooo,128458034
95643SG,128714289
952976,129325344
950000000,129343564
956j8h,131211963
95105sl,131709125
957978,132169816
95daisuki,133156113
9532567,135503184
956061346,135874499
95756hvhvsn,136097254
95giants7,136732262
95023040,136833074
