832,126390
831,137470
83804emily,399509
8325597,482360
837,511092
839,543219
836,555463
831Josk,635312
838,640818
832456173,652265
83440308,654983
83442,837357
835711082,934719
833,995503
832456139,1024703
837098861,1066933
8375201314,1075407
83124637,1076148
837162251,1197641
8385849,1199828
83289717,1214540
83282317,1218932
83578055,1842671
834741230,1851823
834741230zhang,1873853
837226727,1900068
83538566,1900070
8385523,1923884
8330455,1947539
83275600,2011131
837663641,2049357
836893822,2058102
83JMISH83,2219894
8360502,2235021
83860,2487985
83386,2510200
838612,2530285
8362938746,2588537
83dogjumping,2658065
836869,2691845
83N74M1N,2727431
8371226,2793301
833940,2799139
83_Euros,2835826
83josegui,3036772
8308736,3135307
8332877,3135345
8321517,3135375
8327021,3135466
837651,3160636
8344866,3164616
830060,3177618
831mittens,3210192
837262360,3217272
8315478,3237095
8397593,3269933
83BartH,3299662
836896,3303086
8360994,3502041
8341,3656290
83D-mustache,3847655
83N80y,3994394
838minty838,4083378
8390,4344592
835968,4684697
83mollmoll,4695708
8350052,4761022
8384486,4762190
8380716,4771695
83846268,5428394
8347293874298374,5430726
83648,5931774
83677,6217564
836768,6266186
8322bw,6392240
831399pw,6645646
836904,6657096
837996,6662372
832141,6662410
836904ABC,6783106
831534,6908984
8370468,7356794
8365054,7360838
837612,7504984
834021601,7537982
8381291,7907648
8320s,8042090
830epic,9353008
83N,11911080
834705,11971612
835478,11971656
8384,12536866
83685,13254095
8312621,13662306
8317919,13662360
8303893,13662362
8306300,13662384
8309650,13770742
8369886,13770792
8369902,13770794
8310708,13770812
8311557,13770816
8304081,13771320
8370009,13771645
836318,13807000
8316051,13864677
830324,14282996
834780,14310862
834781,14413339
830964,14620218
83517,14672192
83w,15104063
834,16002033
838438553,16211016
8330934,16473856
8349204809,17364743
8390523,17427665
8301coolguy,17506161
83234,17894886
830,17958998
839micosor,18116553
83317Quindon,18121400
837217,18147262
8352889184A,18222916
8325cvusd,18329923
8395cvusd,18331881
8335cvusdrr,18466429
83304,18516918
83306,18516919
83867,18516920
83349,18516926
83675,18516929
83308,18516936
83310r,18516973
83309a,18516982
834147,18566774
8367cvusd,18568057
8362CVUSD,18613285
8303cvusd,18650466
8305cvusd,18650475
8324cvusd,18650517
8331cvusd,18650546
83129il,18748323
83703,18748366
83452it,18748457
83137,18748470
837011,18763624
837222,18766403
837003,18773267
832996,18773269
832314,18773293
831784,18792298
835118,18792312
837121,18792315
8317cougars,18799603
8347cougars,18799604
8345cougars,18799607
8350cougars,18799609
8328cougars,18799610
8300cougars,18799622
83194,18843191
83412,18843248
8351982826,18898980
8351278513,18899343
8376995294,18899409
8365849291,18924510
8317971341,18940511
837294,18942014
834259,18942025
834585,18942037
834550,18942045
834259ve,18942055
837974,18942060
831507pd,18942088
834400,18942091
833606,18942098
830840,18942099
833316,18942307
838216,18946984
8351988626,18947940
835664,18949937
834184,18949945
834204,18949978
834382,18949980
833394,18949981
834304gd,18949982
835666,18949983
832697,18949984
836631,18949987
834158,18949988
835453,18949995
834639,18985746
831267,18985748
833386,18985751
836733,18985774
831413,18985805
834151,18985827
835151wm,18985829
837296,18985845
834554,18985850
833598,18985853
833732,18985854
835389,18985858
831350,18985859
837689,18985868
831274,18985869
837773,18985870
832001,18985871
834404,18988860
833366,18988861
837295,18988867
834143,18988906
831010,18988907
837688,18988934
834154,18988938
834186,18988953
831223,18988956
837015,18988963
835663,18988964
836502,18988965
833301,18988971
834654,18988973
834214,18988974
833591,18988994
837298,18989207
831210dr,18989918
831266,18992822
832844,18992837
836399,18992857
836944,18992858
830765,18992867
833482,18992875
832530,18992880
838919,18992889
837605,18992891
834122,18992908
833410,18992909
834553,18992916
834515,18992925
834067,18992926
834081,18992951
831252,18993073
8337736143,18998825
83017,19024426
83636,19024431
83762,19024453
83456,19024455
83454,19024457
838291,19027318
83366,19029756
8364916,19029768
83307,19029770
833319,19049654
8343879767,19149158
8365474573,19173579
835047,19186512
8393788595,19227639
83556,19311061
8381919924,19317863
8316262177,19318203
832913,19487678
83937885951,19640388
8325327456,19712542
8311576394,19714549
83399,19905013
835999,19905019
83499,19905068
8359999,19905083
8375799866,19925028
83bismuth,19978526
8394,20283069
836148,20300989
837765,20308415
838246,20308423
838526,20308426
8302181391,20552777
837171,20833101
83indy,20844859
83m,20883693
837695,20989404
837171amps,21138408
8317044Aranda,21255477
83student,21340800
839733659u,21345121
83037,21508833
835,21545207
839751,21572366
839752,21572495
837498,21573599
833413S,21787783
830659S,21787792
8342,21972424
83563,22260874
8367029,22278051
831053,22322507
835665,22322526
833374,22322538
830944,22322542
830685,22322544
837297gw,22322546
837579,22322549
834552,22322550
831382,22322551
833585,22322555
830670,22322556
831236,22322557
833271,22322569
836669,22322571
835342,22322572
833399,22326730
836415,22326736
834391,22326739
837781,22326744
836856,22326746
832329,22326747
833530,22326749
831362,22326754
834215,22326756
833286,22326760
833524,22326762
834504,22326781
834391aw,22326784
833352,22326789
831203,22330131
833411,22330252
8385,22364025
836817,22415356
834536,22415370
833005,22415373
835759,22415379
834058,22415380
836366,22415381
834099,22415383
837822,22415390
830880,22415409
834127,22415410
834080,22415418
834543,22415429
834170,22415430
834709,22415440
834164,22415486
835759mv,22415531
834127ah,22415671
836216,22419031
836480,22419033
834055,22419056
836960,22419057
839840,22419058
834285,22419060
833255,22419061
831140,22419063
831396,22419064
835539,22419065
833390,22419066
837876,22419067
833857,22419069
834049,22419070
833001,22419073
836681,22419074
834174js,22419079
839840lm,22419104
833496,22423366
836370,22423435
833517ch,22423479
830923,22423483
833542,22423507
836487,22423512
832903,22423545
834627,22423607
833924,22496764
835674,22496787
833924wg,22496814
831213rc,22496850
833667,22554112
833352j,22554191
835201,22555607
835136,22708734
833414,22708774
835163,22708869
835163e,22708879
834609,22708927
839340,22716014
830784,22745910
835244,22746024
83evrim,22799646
83184pc,22955245
8364843,23061002
8335,23557670
8312006,23597856
83ben38,24310051
8392,24426892
837hifuki,24443704
8377845,24647665
837thegodadcreator,24803591
8337685166,24821113
83347567,24984810
83686,25093683
8379999s,25121614
8339999s,25121616
8389999s,25121633
8329999s,25121636
8319999s,25121637
8359999s,25158560
837818,25235179
832096,25235585
83321,25243652
83077,25243666
83748_Cassie,25243699
831850,25252644
83218,25267699
836089,25394142
833631,25394151
83793,25396993
83385,25397022
83343,25397225
83339,25397226
83283,25397228
83345,25397229
83320,25397230
83322,25397231
83336,25397232
83337A,25397234
83426,25397236
83425,25397237
83629,25397238
83415,25397239
83639,25397242
83427R,25397244
83342C,25397336
83411D,25397338
83328E,25397339
83329J,25397341
83326N,25397342
83175L,25397343
83335D,25397345
83323M,25397348
83357D,25397350
83061E,25397351
83348Z,25397353
83190L,25397354
833900,25412115
8371514581,25416819
8399758442,25421131
8317971341s,25530799
8349999s,25540636
83t,25545646
832956,25562052
8338Md,25613590
83112,25654468
831187,25707067
8375799866C,25729324
835le,25843140
838ah,25843141
835js,25843142
838gw,25843143
835ak,25843144
835jc,25843145
835mm,25843146
835bb,25843148
838ms,25843149
835lp,25843150
838cz,25843152
835bk,25843153
835eb,25843154
838mm,25843155
83smpotts,25851727
83JumpInTheSea,25853114
838jw,25884395
835ld,25884396
838ks,25884397
838al,25884398
835ss,25884399
838all,25884400
838mjs,25884401
835sk,25884402
835jps,25884403
838sk,25884404
835sw,25884405
835ip,25884406
838jm,25884407
838mz,25884408
838cs,25884409
8337736143H,25931536
835kayboss,25982785
835jastsui,25982906
83Algoritmika,26053593
8304414,26129234
8358235,26163086
83326ehi,26214917
8327997,26228910
83417das,26413332
8397,26425857
83685bob,26463578
8378212254,26477401
833302,26491927
836119,26495158
838289JEC,26498421
83419,26565444
8385495916,26574658
8321836,26803591
83805lip,26834848
83789kan,26834880
83474lor,26834911
83599str,26834919
83771DON,26834988
8301coolguyy,26934290
83456pc,27149778
83107pc,27149801
83543pc,27149809
83024ct,27149816
83414pc,27149823
83334BRE,27373618
83555555,27439538
835746,27452366
830451,27452478
83233,27455498
838123,27565800
834705JW,27566240
83456p,27689321
832834597,27784753
837564269,27784819
83018,27797340
834053,27826738
833462,27826746
833258,27839846
836246,27839859
831291,27839861
8365793,28342949
8303735,28435275
838994,28439232
8352514,28474355
8365955,28474862
83094hep,28497293
83ismail,28512897
838930,28520867
836769,28524935
8393395,28679158
8386306,28698412
835854,28698506
832712,28698511
836394,28698523
831115,28698528
832022,28699589
832821,28699598
830946,28699609
834035,28699620
8387877921,29547177
8357635563,29547351
8303783037,29552267
830r,29591960
835778,29870244
830255unicorn,30021140
832376,30021341
839ap,30036627
839AP12,30036660
830802,30097270
8308020,30097456
831101,30097564
8378y,30303893
8340122,30318385
836770,30424064
83835937256,30467124
8311638,30478277
830255unicorn9,30585045
830817,30585117
831637,30585122
83401222,30585149
830665,30585201
838418,30625611
838383838383838383,30730970
8368676312H,31001603
8312636161,31049302
834012222,31124281
838266,31215506
837531,31215661
839777,31219740
831859,31219771
833488,31229495
832531,31229505
836123,31229506
83lshakoor,31269126
833279,31374737
8377694859,31482813
831693,31851465
834283,31925406
8365881,31977014
8392848918,32127510
8383626,32161724
839369,32452405
836294,32478958
837723,32498281
838124,32627362
83372pc,32752730
83251pc,32752741
83590pc,32752754
83082pc,32752757
83379pc,32752760
83373pc,32786980
83033pc,32786987
83939pc,32786989
83244pcln,32786997
83586pc,32787004
83065pc,32787012
83072,32787018
833291,32822987
83toprak,33318590
8330477,33612820
8380772687,33619919
831957ol,33664188
8358888,33812553
83DigiKid,34091946
833418,34302647
83260,34583330
83088,34584150
8313PHS,34598518
83634,34655528
83693,34655548
83792,34656310
83349isaacschools,34706290
83731isaac,34710448
838geh06,34736693
83baloosmr,34739485
8327981,34783850
834326,34905519
835181,34919785
838541,34945783
836934_123,35000411
839342721,35024361
834001,35074432
834002,35074434
834003,35074436
834004,35074439
834005,35074442
834006,35074445
834007,35074449
834008,35074453
834009,35074454
834010,35074456
834011,35074458
834013,35074461
834105,35074469
8340012,35074473
834014,35074542
834test,35074577
8334263856s,35134403
834472,35151102
834016,35218286
837684,35234827
836113,35234964
837684HO,35234981
83838383847,35259685
83slesmanatees,35270234
831661,35296590
8310123,35325863
830006997,35328955
83039,35343396
83579,35343398
83136,35343737
83120,35343828
83039d,35343907
83917r,35344111
83150,35360331
83302ag,35436119
83349kn,35436129
83308cr,35436130
83664jo,35436139
83867jl,35436141
83imagine,35567094
83866r2,35613299
831Magnolia,35765857
835Magnolia,35765926
837Magnolia,35765927
83418341,35774892
8351988626s,35784642
83866,35803987
8347117969,35824516
83973693462404075,35825550
834015,35953292
831430,36044577
836296Pennie4,37867253
839_Baller07,38373909
839348,38497994
833nhw833,38531898
83furt,38540959
83d,38667202
837726,38854318
832838,38893204
832838disd,38893239
835tifdiep,39222066
833074,39334996
831742ic,39407554
831823RT,39412860
832821za,39412863
832282Ks,39412918
830441DS,39412921
833286CT,39412930
832757,39412936
832777QT,39412945
832364,39412981
831RT,39412997
833219LM,39413137
832563,39413234
834123jd,39423213
833503Vj,39423356
835748Is,39423636
8303269087,39424345
833219MM,39459877
832777,39460727
8396386,39471868
830924d,39520122
830241ah,39520165
830101tm,39520168
8398helix,39522691
8378231,39645251
832422,39692530
831962,39692533
831968,39692534
832761,39692535
832479,39692539
832852,39692542
832423,39692544
832816,39692546
833099I,39692566
831966,39692577
832760,39692581
831963,39692585
832421,39692599
835048,39692608
832429,39692620
836761,39692652
836875,39692667
832852v,39692682
832480,39692687
832424,39692692
833099,39692694
833101r,39692716
832760W,39692826
830294,39694804
830394,39695592
8378192,39791799
8391leopard,39948806
837498265798326hueri,40089733
837260354,40305938
833608117,40306157
834017,40339206
833adc05,40348985
83503mkums,40437705
83779mkums,40439640
83106mkums,40439818
836649,40544200
8390121,40562021
83979,40584720
833323,40593319
831fan,40621675
83R,40622021
838353,40666095
8363197394,40677240
830123,40717949
830201lr,40787041
830677LL,40787394
832763,40838286
838494AF,40885108
832645AH,40885132
832549bm,40885144
830002bc,40885145
830084st,40885146
833460PJ,40885152
830180bm,40885158
830153de,40885275
832824AH,40885278
836770KJ,40885282
836683km,40890587
833674,40890707
830426,40891425
830257A,40926262
834115,41043977
8376995294C,41052299
8368676312M,41054113
8330053,41124521
831741s,41177281
833317ND,41206201
832426,41314324
83x0,41374562
833287,41395660
832340141,41430041
835berk,41474473
838Nisa,41474544
838903,41505990
836231karsen,41506129
83-Nail-420zc,41531385
835419alison,41580110
8354200,41587251
834019,41628753
8383737,41654112
839536chase,41768159
834683aiden,41847800
836060taylynn,41847813
838800delimana,41847827
839330kailen,41847835
837633malorie,41847844
831328christian,41847857
834684brax,41847873
835628macy,41847884
837632luis,41847891
834936zamarion,41847907
835695christopher,41847918
835073briana,41847932
836370darrion,41847945
836109aniyah,41847983
83897198389719x,42255701
8360mk,42497426
8361031819,42583915
834021,42740541
83sumeyye83,44145001
83_f,44371752
834022,44592433
83dollerworker,44885585
8351ratton,45013107
834023,45590091
8342100,46170284
834024,46402675
83John_cena,46937085
83759284758355555555,50064348
83Gillyweed,50304775
831757ag,50426578
83526,50691150
835379,50694071
83-,51215227
8393cm1,51230799
83Mc,51255173
832412,52038916
830608ag,52042005
830318,52249640
830608adtg,52543497
83685bob_test,52550542
83a,53032703
83N_80D,53065054
83s,53551454
8346382774P,53650523
830608aasimdg,54201253
837720,54297061
8343910,54338414
835233,54410475
833504,55693411
83b,55840957
833236,55877458
832465,55877461
832465arianna,55877704
831334,55926359
8381446295,55945070
83984_Ne_exxux,56250899
83webb,56338860
8370796,56429403
831005,56443717
831030K,56495407
83900SAN,56733806
83829,57225603
838977,57438450
830180,58086752
8351094568,59085855
836785,59777542
8394389080,60100903
8382848,60309028
839888,60626020
831706,61058820
8383jdj,61366921
83563GB,62321381
830313,62610084
83_,62622084
836pcs,62718268
831107ues,62734609
837334,62757102
832261kc,62826877
83p,63034940
83PES2025,63301981
83PES2026,63302139
8396174CMS,63565231
83j,64186251
832name,64359611
839219,64623142
838105,64882830
832184MAN,64940359
8314567,64941087
83z,65489943
837979,65539433
83352,65672887
837753RW,66050146
837829,66521166
83dt3,66783361
83V,66909405
83240319407,66979348
832559CC,67523794
8323770,67525132
835332,67639324
830852,67640032
836salih,67917350
837586,67994162
838110,68002252
837979Test,68050701
837meuss888,68113559
8350585,68172302
8327442,68172655
833359,68244856
8317126,68329732
8323957975,68447082
835530,68452934
83premar2,68883922
830318a,68937808
836880,69009259
837251,69074879
8320R,69141455
832020,69260650
831985,69477710
8327584165735,69478916
83cemresu,69631171
837266,69700716
8388255,69733108
831985number2,69788628
831985number3,69794639
83mustangs2021,69843968
83SH2028,69902001
838505,70166369
839820,70562934
83h,70895672
83X,71049690
832069,71052442
838christopher,71178118
8346parker,71451560
839EREN839,71505283
832EYLUL832,71505293
83725938546,71784524
833708,71803246
839042YA,72325609
833002,72400942
834275,72400984
834832,72421040
833760,72421041
834539,72421080
831914,72421110
831615,72421117
833016,72421594
831149,72422251
835love,72583743
8367375,72666531
83462374813684,73369326
832490,73448222
83729015,73527344
8363132021,73569460
831048ues,73967336
8347557345345,74014502
836858,74080554
831-alan-daniel,74258075
832173,74322287
83y,74492084
830998,74877968
83e,75274970
836--,75333712
8383Ddndjdjdkdo,75643073
833237,76151049
833031,76151171
831675,76151275
8363511,76309418
838965,76539158
839luna,77305404
834-2021,77391540
831-2021,77391607
83DOTTY,77472830
8351597,77886073
834893,78705529
83756583,78736969
83L,79163982
83eelz,79335270
836135458,79462230
8348385843,79502617
832742,80294554
83hicR,80333750
837046,80653424
8371536194,81047580
83c,81230499
83I,81236956
8362148,81421712
832oishi,81429992
83114,81432127
830597,81524330
830509,81524372
830320V,81524651
830549C,81525980
83k,81595525
834214bennett12369,81897426
833295,82045644
831641,82085790
8377169754,82324593
83262,82402008
832elif,82492849
8336824077,82618264
83v16ou,82788198
834850,83523898
83485,83523994
8348506,83524930
831555,84413851
83f,84867437
83yfv4,85279935
835794,85366336
838748,85427717
835088AM,85448980
834494,85449019
830020,85501818
830020lv,85501919
831719,85514790
831679,85644851
836562,85755943
8394798,85765145
835757,85791774
832914,86816274
834677c,86963223
830260,86963373
834169y,86963473
830828,86963540
832926,86963758
8353397382,87093587
837633,87130148
838056,87130277
83bsl,87310714
83bpg,87310746
83Bjb,87310766
83bAT,87310784
83BLG,87310791
83bdf,87310881
836549,87497690
83098m98mu,87557494
83U,87588783
83O,87588785
83Q,87588791
83G,87588799
832380,88408547
832019094,88432471
8389273209,88476775
83brb,88502504
839219ap,88647220
839173,88665004
839173e,88665320
839226smartgirlscode,88670909
838038L,89187720
838290281,89226758
83406368931252123,89279495
83406368931252123436,89279595
837vaibhavlolboi123,89471508
837592638,89525507
839oiqruf89wo7rekif,89542531
83A_Mocha,89607109
83ast,89607537
834063689312521232,90147557
8340636893125212,90617914
8340364200H,90722842
83_mep_inc_8P,90776051
830038233,90967848
838196sttc,91521293
83zac,91888944
831847,91952678
831854,91952737
831941,91952767
834527,91952777
834795T,91952865
831835R,91952868
831662p,91952883
832292,91952940
835363,91952955
830425,91952977
830828ST,91953034
833227,91953087
832292A,91953726
834527A,91955098
831665m,91955110
831696K,91955135
831733J,91955143
833115L,91955152
831651,91962709
833984,91962711
831841,91962713
831665max,92037829
833115LM,92037868
830425D,92037982
832000,92214181
83Waller98Crosby,92431012
8388709,92502875
832012,92595660
831402,92595669
830657,92595672
83160030102011,92595674
831793,92595699
8330161182012,92595701
831874Rob,92595702
831592,92595718
831606-MyBrownieCat,92595724
831698,92595725
8318082012,92595756
831787,92595794
835647,92595842
833016-rob,92595848
830829Rob,92596307
831614rob,92643581
8310queen,93094801
831592_Bob,93284799
831787_201,93284998
831914MR,93362073
831914Montana,93362314
836065,93364104
833016-1234,93633643
83058573,93839534
834252,93972448
838278393827,93982088
835595-,94106422
839522-,94106458
839045-,94106488
835549-,94107585
838855-,94107613
837234-,94107786
839185-,94107822
837717-,94107838
836778-,94107848
831junior,94165476
834892,94562429
83058573981,94906132
8313MickeyMouse,94955063
831581,95187241
83058573981576,95305798
8303961,95521295
834321,95907528
835uri3,96095317
837yh2,96161749
830633acf,96904307
83058573981576868687,97776472
836816,97921766
838onscratch,98028242
8323143265,98287883
832pu110,98656838
83TeddyC8,99048394
830046392CA,99395373
830027152JC,99395470
830054962CP,99395680
830039684LG,99395780
830027176PM,99395838
830052000LM,99395873
830053497CM,99397256
830015216EP,99397374
830046393SR,99397546
830046393JS,99397566
830002364,99442364
83688cs2022,99530860
83196cs2022,99530880
83806cs2022,99530882
83914cs2022,99530886
83825cs2022,99530887
835505JS,99660984
838738RK,99661058
836332OW,99661224
836712BriarRoach,99661313
834orange2023cs,99694502
839black2023cs,99694510
836blue2023cs,99694511
83yellow2023cs,99694513
833yellow2023cs,99694515
835green2023cs,99694516
837purple2023cs,99694517
8310white2023cs,99694523
832orange2023cs,99694524
838brown2023cs,99694530
8311red2023cs,99694531
837591MM,99720234
839049,99720242
839301EP,99720245
836065SM,99720249
832058LH,99720264
83846JA,99720305
836324ah,99720313
836JM,99720330
832392aed,99720399
830001434JG,99778270
83_Raal,99817426
83a8c651a,99890478
836733c,100009460
832TRKO,100102275
832OWTA,100165469
8300LR,100400715
836280sttc,100453174
839806-,100796973
8330dtc2023-baophuc,100892347
83carolinaas,100953092
83lololoT,101160509
83243Chayenna,101348827
831334alt,101394507
830518,101409207
8373Lucas,101741646
83cemile,101943518
83_bobby_bob-omb,102285773
833023,102358495
839332dh,102540345
832431DB,102540412
839926Ra,102540661
839143Liam,102559050
837258ya,102559254
8300LC,102939305
83gl2029,103033619
839410,103373631
837290,103670975
835scratcher,103965007
830034646csusafl,104021992
835elite,104662477
83IoIoIoT,104726612
83IoloIoT,104727908
837475,105020231
836712BR,105091083
83JO,105097713
83CK,105097717
83DS,105097766
83HM,105097774
83SR,105097779
83AS,105097786
83DB,105097789
83EW,105097800
83TT,105097806
83MR,105097817
83AG,105097875
83DK,105097881
83LVP,105097899
83JG,105097907
83CB,105097919
83JN,105097924
83DH,105097928
83LR,105097933
83KN,105097944
83SOPH,105097969
83ANGEL,105097996
836437panther,105228392
839533panther,105228437
835419,105253698
839383,105572417
835328,105857437
83dolphin,105863637
836302,106133313
83softball83,106223762
837609STEM,106922551
832442mw,107026277
838567an,107026459
831579ah,107026602
834633ag,107026656
831349sf,107026753
834973ac,107026789
835603jb,107026863
832353ab,107026926
835054eu,107026973
832430,107089038
830461stem,107177506
837593stem,107178027
838824stem,107509815
833717stem,107509992
833902stem,107510021
831622stem,107510158
830506stem,107510165
83ti74it,107605417
836112,107787011
836232,107787050
835734,107787065
836853,107787082
834235,107787102
837761,107787104
838168,107787193
831550,107787537
830447,107788377
835700,107859725
836685,107859750
831690Jh,107859766
838018,107859784
838018jrs,107860182
833205,107860303
834378stem,107913731
831588stem,107914302
835449,107930497
838156AW,107932412
837574L,107932995
83092,108017637
835307,108174169
8384977,108207507
831Progrocker,108207783
830377,108266042
8302911,108340661
831724hn,108359063
830310x,109203340
83830ek,109206738
8329nafoiram,109744197
83redbow,110021692
83n1_ninja,110052320
8342915p,110394105
83play,113510026
839347,113799114
832492,114514829
834946sttcedutw,114857612
8322WC,114902029
838_M-Gamer,115064755
8357o7665,116739311
830996,116899862
831319,117038522
830252,117614398
830012527,117976385
83Ar1,118286191
83roughtoast,118345879
832477st,118380431
830242st,118380438
833863st,118380445
836266ai,118688012
83roughtoast3,119166584
831girai,119283129
83712,119325168
83Make,119475764
834249,121681521
830052836,121921673
83ggg,122007117
830040593AF,122016985
83jfw,122043878
83ahh,122247925
83209868c,122407876
830068064,123473797
83Maik92,123569953
839362-AK,124096252
831931,124317927
8394302,124561482
8320jy,124767266
835528ND,124773679
83719,125177839
834101,125572478
830988SR,125572654
832372,125893457
830830purpletiger,125903083
837262purpleyeti,125904648
837268purplebear,125905260
830500bluejellyfish,125907845
830112bluewhale,125909020
830290bluetucan,125914678
838112bluebearblue,125915422
830112bluewhaleshark,125915596
830486bluedog,125985543
830553purplepuppy,126356697
834160purpledog,126357207
834166purplebutter,126357270
836061blueelephant,126373526
835689,126436538
837149blueoctapus,126556712
839946i,126742212
83Potato83,126989378
830hayamina,127160506
8376543,127421521
836998h,127608742
839605,128422428
832835,128422440
832911,128422838
83eaG,128448983
831579RB,128626197
83741GC,128714275
83901SR,128714288
83338BJ,128716020
839397,128779650
8341-T-K-D,128856087
832project,129004900
831005-school,129415031
8325b434,130283183
83_Kuromo_83,130499897
830068065,130798107
837802,130821332
83360733,131450821
832514,132251469
83728391,132383386
8300689,134627993
83ism,135429292
83o3m9WX,135740150
833F,135777713
831_Mendez4,136741552
830738962,138124758
83654churchie,138497960
83-stuff-fun,139634587
830206braverainbow,139950760
832012Aisha,140187806
838383830,140711130
834356,141079475
