948,93604
94-94,109674
940,220977
943,225139
94legomaster,293845
9437,326921
945,348195
9499BUZZ,355225
946,371143
946ben,404850
947,408359
940244,553627
94026550113,579846
94J,601357
942,618977
9423,624579
94326328,626245
9430,626250
9458,626258
94454226,626264
94068,631601
94183584,634684
944,649713
947109484,654981
94141,662376
9400,670698
940304,691300
940198,691341
940207,691342
940054,691357
940131,732993
945top,734363
940189,739220
940043,739261
94119411,742566
940000,742609
940225,745769
940166,748211
940002,753344
940059123,846567
9404112,902959
94doggylover,908171
9407,949238
94215,1027103
942smile,1044134
948944,1058934
943640015,1094963
94chltmfrl,1233445
945407949,1260941
949103,1321227
944799388,1782118
942176642,1894157
9406samuel,1947051
94caleb,1997138
949322792,2169859
946366354,2175833
949043838,2210867
942391658,2215408
944641588,2248568
942893956,2308471
947566822,2308886
946915994,2311790
946320068,2336983
94camc,2452061
949502427,2458442
94lgd13,2477176
945998493,2508860
94145,2509810
9474greenpig,2545528
9431897894,2779110
942376299,2817733
9403997,2840997
943731444,2842280
9441273,2855993
943773289,2907292
94568,2957107
948789574,3064465
94607304725808,3074163
9469625,3076036
9453,3087833
943120998,3137522
94goobunny,3174155
942588849,3183002
9450826a,3187386
94558,3226284
94101,3264842
9473238631,3579318
94username,4409350
941636,4690239
9440543,4717574
94945,5249426
94722,5249522
94870,5249552
94101ao,5308360
9436523,5643076
94130JR,5836724
9440298,5838148
9497,6240910
941682B,6328180
9421908,6400314
9498844539,7622722
942231,8287598
941,8314206
94779,11385712
94_dag_castillo_l,11493172
941204,11524422
940914,11661420
9412Direct,12126574
9412News,12126734
9408807,12170982
94316,12315716
949,12617222
9467143747,12720858
94472,13193567
9407966,13584373
9416243,13661716
9417033,13661807
9409127,13661813
94271,13842234
94399,14392581
94klasab,14434648
94929,14586356
94165,14602253
947148,14660613
94Jim,14679421
9427679,15558633
9431325,15582437
9406csvvg,15852754
940606,15918779
94720,16004103
9466,16158474
9453Lin,16286046
945535,16297113
940oak,16592299
94vero,16667805
9403579,17581173
9409912,17589952
9409533,17641974
9417362,18028230
9462lucas,18068893
9420edictum,18068942
9413edictum,18068967
941223941223,18134201
9407lissa,18160251
940401,18163799
944016,18164357
941463,18193241
9429456121,18222899
940921,18354182
941212eduilc,18410775
9406013,18411948
94s,18442259
9449edictum,18518016
94spgunda2,18526570
9429456121a,18535392
9479739836,18598028
94525,18698093
945387,18726024
94586,18754130
9454811754,18899428
945597Ma,18944781
941212941212,18955463
9467691337,19018329
9447956181,19149596
9441926,19176153
9414170,19176162
9458114667,19181025
9447627641,19202609
9483554,19321944
9472351638,19341329
94737ab,19445426
945321,19557749
940808,20264153
9411345,20327566
9420833,20327636
9417376,20327742
942031543,20474583
94387d51,20751532
94383d51,20751549
9462a,20892280
9435194,21030145
9418756,21150662
9426275,21150679
9486,21204287
9418188,21265978
9411208,21265980
9415611,21265987
9487941,21585120
945busra,21614656
9440883,21682769
9420489,21682802
9440582,21682803
9440883q3,21682829
9431906,21711148
94LOL,21758482
9493179419,21891393
94686,21922458
941287DS,22043740
940417Co,22081809
941153rs,22085897
940834ba,22085943
941005EF,22086034
940266mp,22116408
940140SM,22116420
941285OCM,22116593
941010RG,22156691
941ayca,22438448
94cindy,22567962
9487AuA,23209672
9483mwil,23305827
9487jack,23493848
948794w,23578514
940683,23908553
940212,23921535
940177,23934153
940178,23934204
940177Nc,23934291
94d,24313214
94870487,24313351
94876,24338479
945421270,24488905
9487666123,24603638
94943645y3up,24661137
9434,24713131
9425689252,24815266
9472992382,25416585
9434874114,25421134
9413959986,25447686
9478538918,25486660
9499632751w,25532580
944887,25551251
944877,25551277
9497281145,25731322
9402489,25732257
9424731,25815937
9495937469G,25924353
9419491,25971636
9456481891w,26217188
94811487,26238941
9443241,26503344
94112john,26579005
9487cool,26588986
9428134,26638224
94b2017,26646276
9443596,26826037
9422406,26826098
9422323673,26828237
9440643943,26888646
94Jack,26925216
94brynn,26925389
94EMMA,27059302
945782,27173498
943664069abc,27378415
9412084355,27490940
9461655169,27553516
9453776,27677785
9428355,27743207
9435134,27746032
94F,27773083
944gamze,27976403
94semih,27976419
940medine,27981793
94stolivers,28037503
948emaad,28043064
9484266,28075200
9487416,28075202
9483923,28075205
9483392,28075208
9482604,28075209
9483643,28075214
9497059,28075218
9484451,28075251
9486287,28075269
9482303,28075271
9484168,28075274
9487340,28075275
9482268,28075278
9496745,28075279
9483028,28075281
9482854,28075283
9482301,28075285
9482528,28075288
9482133,28075291
9483223,28075322
9482304,28075359
9484123,28243595
9482348,28243596
9482338,28243605
9486693,28243643
9488032,28243646
9482510,28243653
9492300,28244642
9482523,28244701
9438612,28257952
9424854,28258135
9441973,28260763
9437424,28260767
9442287,28260773
9433533,28260795
9421098,28260811
9437499,28261159
9415474,28264197
9442548,28264214
9444303,28271555
9444457,28271715
9442503,28271730
9424635,28271956
9425461,28271993
9435624k,28272168
9443037648362012,28314918
944303764832012,28316866
9496765,28323832
9484851,28449463
9453154423,28688906
94462,28728046
94Moria,29686046
9462893,30130365
9434106,30187861
948549,30598722
94mehmet,30715528
942519ccpsweborg,30880159
9487200,30941838
946691,30958331
94op,30962691
94104091,30984307
94536,31021918
940594,31057092
9487123jilm,31174516
9487aaa,31174555
9412989636,31962879
943565615,32070112
94z,32110676
9425343446,32127464
949bri,32133831
948857273,32208031
940424Scratch,32391066
940815,32689301
948741,32726023
9411KT,32867497
94_Gulugulu,32870324
94t,33428649
94673,33592952
945mows7,33672541
94m,34118722
9487653210,34365410
94b,34377279
94gamer,34575826
94089,34608805
94114isaac,34657612
94843,34709021
94balooter,34739708
94089mku,34740087
94203isaacschools,34762552
94873406,34766788
94825096,34766792
94841686,34766793
94823016,34766794
94825236,34766795
94862876,34766796
94821286,34766797
94970596,34766799
94825086,34766800
94823496,34766805
94823486,34766806
94848516,34766807
94870966,34766809
94864576,34766810
94839236,34766811
94234isaac,34786518
94025,34789110
9437aleah,34793256
9448mason,34793338
94938075,34810100
94942765,34810101
94894165,34810102
94905755,34810103
94935185,34810104
94898465,34810105
94894455,34810106
94790685,34810107
94939585,34810111
94893975,34810112
94894295,34810113
94955515,34810114
94894265,34810117
94894485,34810119
94700715,34810120
94894315,34810124
94894185,34810126
94882004,34821450
9489349,34855207
9487penguyn,35123995
9485543921,35250813
94slesmanatees,35270249
943465831,35272841
94122619,35360929
941019-70001,35454708
94imagine,35567119
9415772,35785287
9487joe,35989248
94822,36034521
946666,36180154
9487840,37518945
947680,37651023
942cjs942,37669926
94321754,38048507
9414261,38368577
94879487Kuo,38426395
94grizzly,38429369
941SPITFIR,38613273
94Q,38780114
948638,38843750
947808,38843824
944965,38854394
9404088,38890658
943892,39452503
94grizzly25,39460882
9436743,39695915
946790,39805169
94894355,39898996
9415747,39995683
94whiskersmeow,40018638
9487asdfg,40073857
9442816,40343996
9423941,40348988
9440075,40403572
94613mkums,40427490
9432378,40428546
9426094,40428700
9444906,40428768
9438535,40428814
9432448,40429113
94569mkums,40430461
94199mkums,40430469
94415mkums,40430483
94023mkums,40439678
94460Leo,40483548
948942,40502093
9465336599,40519575
941701,40642975
940618,40642985
940751,40643005
941428,40643175
941701t,40643208
94713mkums,40676740
946239,40717447
949570,40717622
943946,40755974
941701TH,40756884
943895,40793201
94761mkums,40887553
944729darcie,40987652
948943,41120535
94368mya,41123203
94766mkums,41173350
948821,41200812
94k,41209642
947582,41269198
946651,41280507
940x,41310965
94h,41315009
9454dog,41318856
94821885,41356294
947652,41388715
948725,41493266
94BBradley1819,41545310
94240,41749093
944287,41855549
94e1ucjk,42011755
941701ti,42269832
941701TH9,42761326
94915570,43032231
941701TH999,43776550
944703,44057162
945poyraz945,44340758
9473john,44444299
9487-4048,44473350
9417014,44534942
94korymorales,45279406
94ebuddy40,45691952
94870625,45815181
94170t,46091064
9410k,46100062
941869,46296152
944163,46296157
941766,46296175
94-tr,47033815
94894556,50115999
94893986,50116007
9499963,50128154
94Gillyweed,50304799
949088,50778406
949802,50778411
9488EQ,51044716
9488EQ666,51044827
9494725484,51314354
946kelle,51368820
94d8,51632892
949105,51714688
94n,52094631
94866,52103907
946at22,52243371
94RATEDMESSI,52518175
942619,52546021
9404993,53655979
9493457224V,53711175
946010,53789924
9489953369,54286494
949654,54411570
942ljc30,54415458
9498336,55945620
949749,56197205
94emman,56339032
94154vuo,56774206
943410,56842948
94101KS,57299031
9468960656,57333911
940003743,57368419
9464679,57744894
94545r,57908476
9491purn,57953566
9497123,58151459
94u8684,59166401
94e,59554603
9465048,59907524
94A,60900113
949088_animator,60915352
94Y,60987411
94BACKUP94,61384439
949088_test,61422815
94g,61560359
94421Art,61821289
946kunn,61953153
94875566,62166056
94251866,62378342
94013,63201932
9490304,63334042
9453545,63592004
946276,63759897
941949,63760388
947696,63771501
94444f,63815724
941239RHEMA,64097251
9474802,64170816
949500,64614768
941913164,64694344
9429497,65071272
9489825,65285308
94274230832,65557233
94545r_alt,65704505
944567,65732261
945gg,66005595
9419004,66131375
949736,67693422
94829aa,67807544
94763wm,67807558
94737jk,67807560
94756bf,67807563
94745is,67807674
94515mc,67807677
94476vd,67807687
946-5-G,68097178
945DB,68249489
9497283814,68439841
9459339689,68439983
945pm,68769144
9485433719,69072749
9494696258,69245809
9459869357celes,69646628
944019,69779235
94mustangs2021,69843972
94SmallGod,70127456
94pserplaayz,70381626
94tamiwhit,70499311
946437,70781444
9434848pas,70841893
94450,70983014
94qc_Official,71739176
94orora,71784388
9426hc,71793448
940arda,72207914
94i,72347583
94_,73514228
948757,73527404
946637,74170362
94satviki,74264715
9412914,74328195
9401110,74328258
9404720,74328274
9403359,74328299
9416221,74328356
94x,74495047
94l,75419186
9403013b,75741999
94582,76059920
94862791,76067563
9489809mad,76467624
9487Boss,77271748
941701THhhhhhhhh,77703599
941701THhhhhhhhhhh,77708997
948372737,78099340
9483727375,78100010
94837273756,78236985
948372737566,78237075
9433333_______,78799146
9483000,79158655
94r,79355393
94934,79552939
94-,80084304
94s1stem,80313990
94038lt,80444647
94game_workshop,80546536
944KJ,80622195
948LS,80655138
9466666666666666666,80766072
94Amywaffle,81050777
941748,81429718
9400rkrlrb,81430405
94o,81962362
946515,82485082
94657m,82701466
949246lion,83060870
945752lion,83060872
943623lion,83060874
948377lion,83060875
948487lion,83060876
945525lion,83060877
949741lion,83060878
949525lion,83060880
949468lion,83060882
948860lion,83060888
949927lion,83060892
948620lion,83060896
945477lion,83060898
946821lion,83061393
943419lion,83061394
945712lion,83061397
946294lion,83061398
942253lion,83061400
947222lion,83061401
946640lion,83061403
943488lion,83061404
945042lion,83061406
947089lion,83061408
948385lion,83061409
948313lion,83061410
948315lion,83061412
947219lion,83061413
948364lion,83061414
941019lion,83061416
948251lion,83061417
942252lion,83061419
946895lion,83061420
942455lion,83061422
948363lion,83061423
949171lion,83061424
945670lion,83061425
945394lion,83061743
946525lion,83061748
945559lion,83061750
949352lion,83061755
943861lion,83061761
949155lion,83061763
947583lion,83061765
948624lion,83061771
949718lion,83061773
945345lion,83061775
948361lion,83061777
945739lion,83061782
943515lion,83061842
948023784723095,83292065
943-necip,83320743
94cool-,84109730
9464059,84272480
94671ka,84282613
94445,84908235
9420224489,85108965
942789,85828157
943klu,85975846
9426789165,86341950
9465DtDt,86592405
94V,87589300
94P,87589304
94C,87589310
94W,87589316
94U,87589318
943hairymonkeyorange,88194396
947695,88397069
947352,88408426
942994,88647176
941837,88984084
94kwak_,89059747
9466051pas,89071552
94-koko,89096177
94wbord,89129209
946112,89187719
943241,89923291
94864,89966785
9474test02,91976325
945Studios,93977632
94821763,95036260
949074,95959597
943woei0,96084992
94875487_____,96345255
94_forch_racing,97109638
944meaowoodrd,97205207
944meaowood,97205546
94230325,97569210
9494232303032525,97570486
945889705879325,97635058
942b,98072176
94440crowley,99187660
94023902,99454832
94fortnite78,99600214
94664,99678833
9471j,99766741
94arsam,99914667
948505n,100081443
941HaLc,100102481
944566kc,100207098
948404m,100325676
94fan,100447492
949494303,100719953
94d33,100955441
94548Marte,101348819
94food,101461811
9420100slams,101503901
9426423slams,101503991
94gl2029,103033611
94_Joe_94,103495898
941RR,103929388
94ybv888888493,104332904
941r,104545524
948344,104571125
94_texyusedscratch,104583018
9491002,105087410
9491002stoutcla001,105087498
94pserplays,105103265
9453627,105147371
945621W,105253689
947667,105253701
942m,105416601
9483722bro,105473273
94dohphin,105861236
943Jordan,106940425
94295348,107031166
947___,107120417
94959,107197266
94967,107199763
9439JV,107449389
948___,107630696
948hfbjaf,107702286
944146,109035612
94magpie94,109712789
94chessmess,109935100
947979,109935915
941732,110129996
941723,110130364
940687,110130389
941714,110130434
940958,110130523
947538,110130605
941757,110130996
949gnk48499,110518253
946363,110742670
947aesthetics,110881149
94338,111446333
9469nzbxbsvxb,112413386
945352,112942136
941505,112942140
948jailahn,113485586
944mf,113489920
94sailing,113510005
945773322,113822038
94696654,114306870
94579,116857203
94433,117945318
946kunn_sab,117995438
94836,118072048
942023a,118560512
946112m,118614346
946112mg,118614597
946112mg167,118614640
94DKW6,118931402
947backup,118976236
9483rud,120407668
94335,120722455
94DZH5,121084241
946132gl,121923744
94dog98,122186258
94dog53,122186316
94494,122290321
94bob158,122793834
9432849,122878763
94dog57,122906940
941monkey,124297018
94coconut,124748800
949488,124775612
949489,124775755
948329EC,125572455
94648wolfgirl,126184235
94432,126215511
94434,126215746
940279Pwwwp,126560366
94mar1o,126565730
945653,126742291
9400hello,128697491
94219Gd,128714268
94220EB,128714282
94739427,129879733
94802348,129879962
94LOL_,132061357
948422rm,132452997
948331FH,132853989
944775LK,132854029
942491DM,132854258
948301hayir,133560717
944331,135364880
94BK1wbdeI,136534273
947joao,137102780
945354646,138936810
94571138komikomi,140269742
947937490sdie,140718911
947843,141322627
