530,9382
539,60368
5335287,151219
537871,195662
532,217680
538,255652
531,270546
5347,301516
533059,310611
536,341564
533,362302
537,387135
53857,473741
53711,473742
53940,473744
53211,473749
53733,473758
5305y3g4,496111
5323,553641
53090862,566892
53zjm,588459
532359381,629873
5373,637309
53217,637574
5310,681671
53254,736324
5317,808309
53s_Solutions,857189
530624,986451
535,993539
534154683,1028553
5332035,1055805
530366,1131496
53530,1198303
53533586,1221221
5308123,1338390
5318zxc,1338393
5319abc,1338394
5306iopl,1338404
53140986,1338405
5316COLA,1338407
5315123,1338414
53964,1408899
538144114,1763736
5300634256,1766764
533group16,1792468
53832,1837416
53553,1837460
53458935,1861868
53266979,1989797
53238791,2034328
5327689,2224703
538cher,2363014
53yolo,2400497
5301,2420566
5305,2450505
5384,2450548
534543,2481714
535754377775,2583761
53532683,2665865
532387914,2740850
5309,2975040
5370,2975058
534818077,3010139
53656,3148141
53baokaiyu,3217306
53kadir53,3243299
53033,3346606
5387kh,3346761
5393rm,3353892
5386AS,3354070
5360AP,3355075
5308jc,3357813
530farm,3361188
5342ef,3363520
5325,3381400
5321,3461469
53smiley,3502325
536ELghit,3507849
53flash,3547633
53fatih53,3680096
535353,3761447
5318008,3796494
53509,3946326
53089,3946868
53448798,4118379
5308847,4565931
534231,4998920
531653,5482912
534252,5651382
537_Studios,5736176
53baddie,5854464
537543,6186308
538920,6186432
53-11,6277718
5355354,6291054
53growlygame,6392286
53699co,6720962
53284374,6835320
5364,7051618
5384919361,7362164
5357166,8006466
53b,8271030
539509,8958530
538Bradley,9500624
53350,9533482
534,10096434
5348389,10192280
531181,10331428
538fanwithswagg,11470428
53347crowleyisdtxme,11787836
53133,12430708
53a,12510178
53443,13112652
53451,13112828
53424,13113746
53452,13123710
5318286119,13189824
53029,13209192
53_,13568223
53-,13583397
535601,13844203
535549,14002642
53309001,14294426
5399gms,14466500
534631,14468041
5346,14634209
530madness,14646188
536972,14711345
536433,14931094
53436,15968357
53Anb0y,16089325
532206,16116099
53-Stiches,16191376
53k,16301990
53106714,16361664
530228,16544803
53480033,16941874
5322248,17492505
5343222,17806536
53Lost,17860486
536sermart,18006650
53545FP,18035732
53669Crowleyisdtx,18117670
53308crowleyisdtx,18117731
53241cisdtx,18128904
5362016,18189044
53_63_6f_6e_65,18252047
53pink53,18349991
53Serena,18493149
5393,18532573
5350CVUSD,18568825
5311412976,18634046
534marupch,18752330
534mar,18823781
5307shawn,18877239
5372655127,18998749
5361752479,19201911
53d,19378014
53E,19380468
53142kate,19543820
5347322926,19604807
53599,19608246
53999,19608263
53199,19608444
531999,19608597
530999,19608687
530443,19644723
531184,19644726
530365,19649479
531470,19649487
5373419281,19649881
531618,19651245
531685,19651255
53799,19697077
53899,19697102
537999,19697105
53499,19697117
530028056,19725492
53125312,19744425
5399,19906645
5339,20001938
532999,20002008
5391317398,20014104
53786,20015100
53699,20085960
531522adams,20185512
539999,20294838
533110,20310517
530417,20310569
535521,20310584
531wert,20448392
537844,20776107
53948,20801639
531084,21041494
536615,21398159
536734,21398160
536592,21398161
536962,21398162
536811,21398164
536731,21398165
536761,21398166
538020,21398167
536653,21398168
536762,21398169
536589,21398170
536855,21398171
536656,21398172
539346,21398173
538310,21398174
539345,21398175
538307,21398176
538675,21398177
538427,21398178
538507,21398179
536560,21398180
538503,21398181
539561,21398182
536742,21398183
536699,21398184
536746,21398185
536750,21398186
536684,21398187
536680,21398188
53116ez,21439785
5302morgan,21497310
5307ghost,21631273
53233,21631291
53615361,21672060
532711766A,21786074
5342379628,21891388
53sample,21980819
5300681516,22119889
53141Tomas,22120089
53kerimkus,22152731
53muco53,22207968
539471,22233175
53DU313,22270048
5344768,22382501
5345446464,22411196
53osman53,22603069
5353rizeli,22603326
53aziz53,22603562
532235,22708757
530zombie,22709730
5352425,23349889
530113,23421809
535508,23421954
534703,23421957
530164,23422114
53215,23425697
5353warm,23463992
53warm,23464017
536756,23523966
53942Sam,24043144
53xinthehood,24162911
533358,24265210
53mimi53,24560930
538radio,24712608
5389999s,25100335
5359999s,25100336
5329999s,25100337
5339999s,25100346
5369999s,25100350
5379999s,25100353
5399999s,25100359
5319999s,25100369
5349999s,25100375
53292,25122967
5343247369,25177241
5369030707,25181881
53554366776756,25204959
536638,25220483
53R610V,25254878
538200,25385325
538490,25385333
5391800,25385343
5321200,25392444
5340000,25392446
5323200,25392450
5329000,25392459
5394300,25393355
5324000,25393358
5362100,25393908
5350800,25393927
53183,25397030
53ran01,25412836
53an123,25413015
5314200,25422459
5352500,25422743
5324800,25422744
5329400,25422745
5330200,25422751
5352200,25422753
5352300,25422754
5324400,25422755
53-JEAN,25512427
53-BESM,25512428
53-HAMI,25512429
53-RETA,25512430
53-KERM,25512431
53-VO,25512432
53-SECH,25512433
53-BELA,25512434
53-GRAI,25512435
53-KACO,25512436
53-SOUM,25512437
53-DIAL,25512438
53-MIHA,25512439
53-LESA,25512440
53-SAHN,25512441
53-LOGO,25512442
53-TORR,25512443
53-SERC,25512444
53-BAHI,25512445
53-CARR,25512446
53-ROME,25512447
53-MEND,25512448
53-MARC,25512449
53-TELA,25512450
53-IRWI,25512451
53-CHEU,25512452
5356517254s,25530808
5366891973t,25531057
5324200,25532457
5301700,25532465
531mb,25536618
5375673711W,25539909
530002793,25544191
530003233,25547432
530002762,25552642
5362953745m,25584791
5341_,25632212
53068,25653198
530002892,25654965
53forever,25686745
53_forever,25697104
538090,25715772
5333026011,25896287
5364485,25925630
536xscratch,25926366
537xscratch,25926367
535xscratch,25926368
53scratcher,25926376
5316400,25941026
5329900,25941035
5384400,25941037
5327600,25941041
5304900,25941615
5350600,25941617
53942SamC,25950429
532marruva,25982888
5333900,26051391
5347ABCD,26080130
534825,26120204
536500,26123670
536548,26123709
536692,26123982
534776,26123997
5340600,26127650
5302900,26233356
5381300,26233372
534Bosse,26242097
536ivomor,26316636
53675367,26362412
53muhammet,26363264
5350500,26409180
5398600,26409189
530003637,26420397
533098,26467443
53521351313,26513131
53309,26565434
53515351,26580126
534267,26620500
53900mhs,26697930
534596,26707396
53527,26755526
5312071,26794953
5312021,26794955
536996,26794956
5312102,26794957
539156,26794958
537014,26794959
539201,26794960
537662,26794961
5312060,26794963
537679,26794964
537804,26794965
537387,26794967
537308,26794968
539676,26794969
538489,26794971
537400,26794973
538317,26794975
539256,26794976
5312052,26794977
536999,26794978
536993,26794979
537027,26794980
537682,26794981
537559,26794982
537419,26794983
537675,26794984
5311942,26794985
537332,26794986
537990,26794987
53Zumra53,26908043
5377636,26915119
53Ethan,26925267
5371LG,26980820
535535,27038259
53yasin53,27062979
5353664248t,27078227
5327Mark,27084222
5304967,27087177
535006je,27125674
536591cm,27125785
536524jg,27125970
536770v,27155614
534717NG,27155622
536770,27155713
534717,27156144
53844,27289120
53046j,27321985
53511j,27321987
531368,27324495
531454,27327097
531449,27327183
531249,27333639
531416km,27333664
531238,27333665
531236,27336029
531125,27336098
53-BENA,27351037
531537,27365741
5353Huseyin5353,27508668
53hasan53,27538272
53kc068,27541511
5312007,27735486
5376776514,27746035
53210876,28023045
53gabriel,28075286
53chriscr,28075315
53r,28075316
53ema,28075317
53chr,28075318
53drew,28075319
53adri,28075320
53rey,28075323
53fufa,28075325
53gilb,28075326
53mh,28075327
53dav,28075328
53alexis,28075329
53rayray,28075330
53vv,28075331
53adrian,28075333
53izaragoza,28075334
53ezequiel,28075335
53freddy,28075337
53ash,28075338
53hen,28075339
53alex,28075340
53david,28075342
53girl,28075343
53joc,28075344
53cris,28075345
53chantal,28075346
53jess,28075347
53jnt,28075348
53juan,28075350
53Ramiz,28075392
53santos,28075409
5322479,28100178
53prenses53,28145990
535525443,28177249
53Deal,28257082
53Roja,28257083
53Baal,28257085
53QuLu,28257086
53Zema,28257087
53Bolo,28257088
53Gamo,28257089
53Mocl,28257090
53Toal,28257091
53Bede,28257092
53Molu,28257093
53Mech,28257094
53Repa,28257095
53Lajo,28257096
53Beso,28257097
53Najo,28257098
53Lasa,28257099
53Bear,28257100
53Ween,28257101
53Vili,28257102
53Wiis,28257103
53Loma,28257105
53Maelene,28284623
53emliy,28315959
53henn,28323745
53Maria,28323854
53lakot53,28339030
530280171,28394955
5306665,28470609
53532,28521922
531335,28528681
531-642,28539489
536922,28655779
5354765994,28688907
53div32017,28718384
53003,28742472
53677,28782333
53959,28782414
5383529756,28783506
53yevod,28810937
5301388,28867291
53ikikafadar53,29007981
53206,29651128
53363c,29651152
532050M,29668812
539AALIYAH844,29851075
53644,29911861
53825,29933743
53ahmetfazli53,30009214
535146,30027823
53enes61,30042057
53943,30175579
53s,30249615
53orhan53,30388050
53mimi,30391848
534852,30455692
53503h,30465401
5352425-comics,30564846
538172,30565190
53scratching2much53,30602394
53faruk,30715544
534pupyface,30722562
5307v201802,30816925
539AALIYAH849,31045228
53-LTEC,31229443
53p,31473311
5352425pickleman7529,31546287
5359953,31566010
53tanju55,31839956
53030,31895626
53784,32242433
5321A5,32491748
5394ncs,32570581
5372892035709325,32962566
5353aleyna,33586796
535awe,33594226
53t,33638111
5343155669,33907004
53DigiKid,33910993
537ui,34331720
531Games,34451050
534jch19,34736697
53baloolds,34739491
5386maddalyn,34793430
53cadellst,34797300
5332823347,34954135
5391317398s,35024261
53328233474,35188185
53slesmanatees,35270215
53032516,35409117
538354,35425682
53Mase19,35433116
535891,35485593
535892,35485608
5312799,35492005
53m,35494126
5399384167,35509405
53lok,35558635
53imagine,35566896
53301,35618954
5332823347s,35693965
53jeonjh,35706352
53kimsh,35706357
5373TNIS,35766592
537h,35803865
5342115612,35901998
53muhammet530,35940619
53OMGTech,35940733
53021028,36052979
5300ads,36055474
537eri537,37654026
539lmk539,37669834
5393-1234,37805647
5327621731s,38432163
53alpay53,38520466
53yasinyasar,38520519
537775,38797566
5399sentnorn,38955299
53675fer,39002977
53402xamFiona,39003142
53p01n07,39104424
53p01n30,39104425
53p01n06,39104426
53p01n23,39104428
53p01n01,39104429
53p01n09,39104430
53p01n03,39104431
53p01n02,39104432
53p01n05,39104433
53p01n04,39104434
53p01n18,39104436
53p01n19,39104437
53p01n16,39104438
53p01n17,39104439
53p01n21,39104440
53p01n20,39104441
53p01n12,39104442
53p01n14,39104443
53p01n10,39104444
53p01n11,39104445
53p01n15,39104446
53p01n27,39104447
53p01n29,39104448
53p01n26,39104449
53p01n13,39104450
53p01n28,39104451
53p01n25,39104452
53p01n22,39104453
53p01n08,39104454
53p01n24,39104455
5399524147,39258358
534039,39351723
53abby,39772770
5337FCA,39879511
53green01,39885971
53-14262,40411742
53-15530,40411807
53-15432,40411882
53-13204,40411923
5319234597,40519567
5334648151,40677224
5366JDP,40716844
5330ccb,40850061
5355ccb,40961776
53672837645637829,41040251
5366891973M,41054126
5312ccb,41089051
5357ccb,41089261
53SFS,41176421
531Anthony,41342882
531adrian,41342883
531Nation,41342894
531syni,41342895
531Vannessa,41342898
531kaylie,41342902
531jostin,41342903
531MAYA,41342906
531Ethan,41342911
531Arianna,41342914
531idress,41342919
531omari,41342920
531TIARA,41342933
531dillon,41342950
531prince,41342954
531Zea,41342960
531Lisa,41342962
531Abbigail,41342972
531Chloe,41342973
531kayla,41342989
531AFOWOWE,41342994
531latasha,41343159
531Makayla,41343368
531khaliah,41388233
531cameron,41388298
53angelofdead,41411506
532aliefe,41465784
53743Ryan,41544372
530-kayra,41568258
530115rm,41683947
530142bd,41683948
530124el,41683949
530146mf,41683950
530114yl,41683951
530136sz,41683952
530132td,41683953
530143kl,41683954
530133el,41683955
530134kn,41683956
530141ac,41683957
530123jc,41683958
530121ec,41683960
530126rt,41683961
530125ss,41683962
530135js,41683963
530113lg,41683964
530122rc,41683965
530145jz,41683966
530112kc,41683967
530144ks,41683968
530131mc,41683969
530116ks,41683970
530111ma,41683971
530314ak,41684341
530735jl,41685295
530713pp,41685298
530748wz,41685299
530746sy,41685300
530736as,41685301
530716rq,41685302
530721cc,41685303
530714ap,41685304
531141ah,41685610
531142ag,41685611
531137jw,41685612
531121na,41685613
531113ei,41685614
531122oa,41685616
531116sv,41685617
531124mm,41685618
531127jb,41685620
531147jz,41685621
531125pl,41685622
531132ea,41685623
531135al,41685624
531131sg,41685625
531148ay,41685626
531111fa,41685627
531138jy,41685628
531118jz,41685629
531133ck,41685630
531115al,41685631
531114ah,41685632
531144tq,41685634
531146rz,41685635
531134fq,41685636
531117no,41685637
531143bk,41685638
531126ck,41685639
531145jn,41685640
531112ya,41685641
531123dk,41685642
531136ms,41685644
531uleer,41766062
5386427,41964391
5332677834893483,41966398
53466,42409722
539867,42511958
53keee,43675523
53burak,44395750
53gokce,44395817
53sevval,44395825
53sina,44395826
53enesemre,44395920
5361ichen,44491140
5371glee,44491164
53melike,44519377
53enes41,44554779
5398fr,44794064
5360ncs,45107342
5386ncs,45107348
53kpz12344321,45114956
531861925,45269358
5354942027,45413471
538imagine,50213608
531imagine,50213615
530imagine,50213621
533imagine,50213626
537imagine,50213629
532imagine,50213631
535imagine,50213632
534imagine,50213633
5300037762,50302987
535991val4,50419395
535733val5,50419397
535700val4,50419736
536090val2,50419937
537504,50463747
539149f,50538960
536206val1,50580175
535608val3,50622088
531154,50649132
530735,50649140
532572,50649193
532760,50649737
530066,50649747
531547,50649752
534739,50649756
532584,50649816
539641,50649832
539815,50653755
537767,50653838
530041,50653849
53gta,50779230
536090kylie,51220872
53lg,51351702
53476,51948604
5352792528,52032762
539598,52232459
5384185279,52480572
53waszio,52511147
53ahmraf19,52511148
53rivbry,52511149
53morism,52511150
53macjam,52511151
53myexay,52511153
53simjer,52511154
53cardav19,52511155
53brodav19,52511156
53lesadr,52511157
53drumral,52511158
53rodyan,52511159
53leeale,52511160
53heaeth,52511161
53gatkyl,52511162
53johand,52511163
53scodes,52511164
53robkym,52511165
53phonir,52511166
53corjoh,52511167
53647,52751304
536nursima,52889785
537kerim,52889791
536nursena,52890142
5318008_lol,53025196
53Sebastian,53793094
531s33,53834326
531s31,53834328
531s8,53834346
531s6,53834348
531s24,53834349
531s4,53834364
531s012,53835102
535428_DIT,53863600
533ue,53908007
53478905q,54192608
53168_nas,54197865
53ammar15913,54317078
532008gp,54372546
53F,54454689
531Caraballo,54536316
53606cab,55887177
5318487955,55928176
535873,55992890
536007,55992910
535763,55992919
535763P,55993040
539643,56132917
53_AnitaMarie,56193783
531julissa,56286817
531favour,56286848
531abdou,56286932
531yojan,56286934
5321rasheed,56287030
531cash,56287110
531jaima,56287251
531_Winnie_The_Pooh,56306482
53nutt,56338886
53606ca,56527810
53325and,56903418
53325and5,56903496
53325and0,56903552
53325and8,56903590
539-Mert,56977914
53359,57041580
536046lachlan,57180387
5337246946,57333904
535440,57343919
534deniz,57413007
531111,57625117
535460,57671968
535454,57672004
535460es,57672057
538580,57989573
53z,58023045
5326MP,59921364
5333333333333,60294569
53637261746368,60311742
539766,60452262
5397665,60500315
539766345,60501098
53419374,60850445
5379089518,61038594
53aluScratch_CPR,61113483
5351331,61201719
53g,61212626
53hp_ranger_lvl5,61661378
538_AWESOME,61763147
531superfox,61980753
5376aic,62279979
53-Rougue_Draws-79,62345365
5338877,62421601
531825ues,62734623
538dylen,62825461
532344,62863621
531827ues,62905418
531741ues,62905458
536906,62926870
53h,62994345
531zknaT,63191171
53PES2025,63301999
53PES2026,63302150
53zeynep,63398995
535383,63551972
535947,63551985
5314142,63568301
53l,63576399
53782,63822681
5312967742,64006913
5323996676,64010018
53rrr56,64021222
531910AG,64099146
530087JQ,64107784
5312967742w,64125657
53453453-,64643742
534251252,64798864
534276,64805813
536949,64805821
5369490,64807214
53cadalic,65304973
53erifcinoS,65310038
536906sabu,65452812
530024,65675287
535749,65747864
535sevval,66160225
5376-4836,66170007
53wolfman53,66217252
53mustafa393,66369796
53kaan484,66462674
53belinay106,66463296
539ma6d,66573488
53cherry484,66775665
53246789,67012671
5309_JC,67027485
53w,67632027
53i,67742870
53466811,67774364
531395218,67963930
53KONAMI,68001355
5302amf2010,68081009
530_5g,68098484
53MELOPRO53_1980,68188050
531EL,68302813
533_5g,68480423
532684SS,68580613
530608jr,68581635
534565,68584177
53248091,68675604
534uru3w3,68732680
53445567,69275649
53_Cemre_53,69346594
53melo53,69376721
53adil53,69459271
53egemen53,69459293
53ensar53,69459300
53ilkay53,69459311
53413,69668597
535warlock,69826344
531830u,69831999
531837u,69832003
531836u,69832004
53mustangs2021,69843988
53976566666,69900403
532FOXY,70244824
53535CS,70346003
53rre,70561753
532wa,70697385
539725,70969823
5363534566,71083005
53785904378058390,71346070
530TOPRAK530,71505268
536KEREM536,71505288
53bubblegum,72135507
537fisheye,72136323
53478453276,72847866
53Rabia53,72998002
53432313,73107147
5379089518test,73293208
539110,74564658
53gl2029,74708704
53003kou,74799342
53023mei,74799343
53030ryo,74799344
53022tum,74799345
53029kok,74799346
53035tou,74799347
53027kou,74799348
53013han,74799349
53020aya,74799350
53006man,74799352
53007kaz,74799353
53036kiy,74799355
53005mom,74799356
53037mis,74799358
53031mak,74799359
53038mas,74799360
53025eit,74799361
53018tub,74799362
53021ren,74799363
53009koh,74799364
53016sen,74799365
53012nat,74799366
53008nan,74799367
53017mom,74799368
53032sou,74799369
530145oug,74799370
53011nat,74799371
53028ris,74799372
53026kok,74799373
53002sho,74799374
53019kok,74799375
53001mei,74799376
53034yuu,74799378
53004ena,74799379
53024hin,74799381
53010siu,74799382
53015ren,74799383
53033rin,74799384
53ClaKsvms,75114313
53lashsvms,75114315
53FooRsvms,75114324
53hacesvms,75114325
53jonjsvms,75114367
53klissvms,75114395
53HenSsvms,75114415
53ComCsvms,75114768
537muh-yag,75302356
536sem-duz,75302727
530hms19,75365791
53288-c6b,75497392
53874,75922115
53676457,76874498
5367313,76980150
5315HR,77880165
536_game_engine,78190470
53y,78299744
53kakeru53,78518025
53c,78591516
53634,78970274
53N71N3L,79239149
53rdrdu,79893185
5395knkn,79978122
535340IB,80080236
530885,80158988
53ff,80170512
53x,80194819
53k_,80271144
536894903,80301694
530s1stem,80312668
53s1stem,80312685
530s1gene,80314135
53s1gene,80314159
53871,80339173
5300035656,80355984
5300037564,80401408
5300039222,80445338
5300040352,80445344
5300037764,80447057
537281,80516393
534796,80516421
537281G,80516515
530004058,80537464
531702,80589135
53485,80652954
5319980,80709010
5328jp,80807663
534070,80816533
5373245353453453f,80977844
5319986,81035374
5352904,81055035
534scr22,81088244
5384359633,81111664
53_Coder,81190118
536870912,81533399
53_azinoaisu,81655179
5320101015,82210803
5315HR_sub,82362194
5327061784,82618277
531Beige1234,82620566
53626aj,82675767
53774,82675822
53661,82676459
535narateh,82685739
53v16ou,82788176
5345t,82950708
53soccer,83074572
53we,83552668
536262727171,83683490
536u67i7i,83815656
532146785,83926868
533396DianaGuerrero,84294882
536200,84375376
532695911,85032685
5327577753737,85642516
53010101r,85939300
53earth53,85962945
53523623253,86039395
5387tiger,86623745
53830tiger,86623825
5389hi,87044022
535354user,87046613
539LEX726,87164448
534srkiho,87532410
53O,87573946
53N,87573947
53J,87573949
53U,87573952
53Q,87573953
53V,87573981
530027,88031536
53338,88194580
53armadillo,88642260
5350-hk,89136585
5325567891,89499454
5397JM13,89858306
5346723857,90639161
534535,90801766
5366339,91734253
5332235232,93081329
531Akari,93114915
53likes,93354308
538088kin,93573012
53414539,94166041
53245324523452345,94199869
53646595,96070860
538538538538,96176380
537181613,96176471
5325346,96327155
53ian,97273028
53223386,97286966
531175,98862183
5333288b,99018218
536782,99060999
5300040392,99268306
5300037565,99313591
5300037765,99354777
53bak0,99627302
53531010,99719859
53cookie,99956390
53milk,99956936
53cake,99957334
535488bb,99979567
535984DM,99980602
535140TB,99983797
534879gg,100052556
538646,100052664
53bread,100112193
53732_2224,100151152
53821670,100162669
530778,100256303
53Beethoven,100351361
53535304,100366064
53535305,100366065
53535306,100366066
53535307,100366067
53535313,100366068
53535301,100366069
53535302,100366070
53535303,100366071
53535308,100366072
53535309,100366073
53535319,100366074
53535318,100366076
53535315,100366077
53535314,100366078
53535317,100366079
53535312,100366080
53535311,100366081
53535310,100366082
53535328,100366083
53535316,100366084
53535322,100366085
53535323,100366086
53535320,100366087
53535321,100366088
53535326,100366089
53535327,100366090
53535324,100366091
53535325,100366092
5367289,100429200
5323436,100523055
5380QW,100730010
532142,100839403
536yuzarsif,101250923
534288,101315012
53banana,101454573
530125,101504397
53876abd,101756953
53g8o1,101951454
539732taka,101976575
539606ootaka,101976826
533344kame,101997463
53862oxfordwildcats,102389826
539rabia,102963957
5353kakeru5353,103388229
537371726,103508134
537Anonomus,103515545
5363_,103833664
53246,103967480
5329177,104117954
5365dcba,104274182
53slatesalad53,104343130
532qq,104533912
534108,104543354
533188,104544686
539154,104769128
53kun,104991790
53percentbattery,105512140
532142_Test,105648661
53tech28,105887665
53tech20,105887669
53tech21,105887670
53tech25,105887674
53tech14,105887678
53tech2,105887686
53tech5,105887690
53757tp,106011064
53Noahidid,106107173
531_231,106371044
53kd,106478160
5317AH,106905634
5308GR,106905646
53_yarou,107405555
53649Thou,107722049
535382,107872135
536723ZE,107970371
53675uydsgbuc,108261027
53BurgundyCoder,108359361
53208461,108378094
5339124,108604557
53kt,108861462
53-short-king-53,108903866
534567OK,108993572
53tk,109081945
531_231sab,109182385
53VIRUS35-_-,109190792
532902342,109216183
531017,109472806
53k-,109829017
5326mhina,109885649
53singingdog,109926590
53crownedcrane,109926598
53rushpass,110021718
53shortstack,110028616
53chainlink,110028623
53stonethrow,110028632
53bla,110495861
53729994,111170618
5311055,111427237
53456OK,111925423
535687taka,112377279
53242926,112773446
532023ganbarou,112811402
532142account2,112818165
538363nakano,112850852
531FennecFoxLover,112884474
531FOXLOVER,112902983
537265,112949885
53Fishandchips,113229760
537670taka,113356604
535844taka,113356615
537819taka,113356623
539041taka,113356630
5308119,113512455
5319661,113625170
5300246,113625181
5300599,113625446
5319893,113625447
5319722,113625449
5320574,113625450
5347844,113625451
5300497,113625452
5319448,113625454
5319769,113625457
5363437,113625458
5320518,113625459
5325756,113625460
5388258,113625461
5320512,113625464
5318777,113625467
5330148,113625468
5319592,113625471
5339168,113625473
5300143,113625474
5335097,113625478
5300028,113625479
5340_6,113843704
53street,114155503
534342,114286057
5318273,114487858
53_for_u,115326856
536474847,116725425
53822,116861188
53dane,117031695
531waka,117357352
53sugikun,117522432
531394,117875449
53862scvcs,117917153
534103fj,117924488
53548bb,117928197
532882,117928325
534559,118032096
531930371_sc,118121980
531team-_-,118159735
53spacecamp,118383026
534603BM,118482638
53209Yousuf,118499133
53150299,119201400
531930371scc,119227289
53Make,119410745
53032,119583150
53036,119583382
53391,119983509
53653657,120609916
53330,120661239
536elisan,121386150
53684,121834737
53685,122113844
5346777,122193485
532__,122207894
53635,122480204
53wakka,122900442
53wakka_sub,122901615
53Wakka2,122942252
53volleyball,123129265
530469,123185465
53F6,123523739
5327tyh,123542785
532791,123794441
5346Mom,124166214
53110-_-,124476474
53hakorosu,124548126
531team_,124637733
531595433,124711207
531team_b,124723607
532501,124998754
531team_users1,125218969
531team_teacher2,125219712
531team_teacher4,125219792
531_OWAKON,125499694
5383jolm,125515083
5388conk,125515470
531team_userss1,125578691
5381natp,125603257
531team_useers1,125659719
53285328,125731527
538888,126232133
5381shirleyz,126489840
53ytm,126718688
531513u096325,126804062
531513_HacckStar,126858158
53-6383,126913821
531team_HacckStar,127107392
531team_HacckStar2,127107666
53weare,127221741
534329,127750622
53messi,128546011
534261woooow,128779822
53twtwewd,129559551
53moon53,129855512
53gl2032,129877574
5367good4544,130156872
53salma,130208107
53messipollo_asado,130453691
531team_god,131307597
531team_god2,131307779
53138530,131408879
5306qw,131737366
5321qw,131737370
5345655,131831230
536255,131884513
53messi_karol-nav,133480722
535956,133555508
539157,134936996
53asado_Cute-rainbow,135001621
5321As,135991984
535264,136918397
53-123,137700313
53messi-admin,137994647
53-777,138577705
53_crf2324_el08,139105064
53_crf2324_el09,139105065
53_crf2324_el19,139105066
53_crf2324_el26,139105068
53_crf2324_el27,139105069
53_crf2324_el23,139105071
53_crf2324_el01,139105073
53_crf2324_el02,139105074
53_crf2324_el17,139105076
53_crf2324_el06,139105078
53_crf2324_el07,139105079
53_crf2324_el04,139105080
53_crf2324_el15,139105082
53_crf2324_el29,139105083
53_crf2324_el14,139105085
53_crf2324_el16,139105086
53_crf2324_el21,139105088
53_crf2324_el25,139105089
53_crf2324_el22,139105091
53_crf2324_el12,139105092
53_crf2324_el28,139105093
53_crf2324_el11,139105094
53-12345,139917584
53-333,140308571
532697,141447570
