3478,39335
3456,41958
342,179038
345,188738
343,197066
3434,206900
34joseph,223761
34936,249490
349773775,303701
34m,316918
347,325054
34eyes,335636
34er,341387
347folks,438494
34184,473702
3417180,499060
349,506930
3440700411209,511271
346060038,535024
34000,538596
341-nbjdqb,551180
344444,553508
3451ju,615977
346,616420
34366166,643519
34492kimmy8,658542
34459,666916
346461,674212
34363205,675668
3453462346,688111
342342,703880
3471321,703942
3421887916,721201
3499,736237
34549396,861786
345678,862380
342311172,864076
34567891234,910965
3443,911808
3435,919209
34509545,934875
34732294,965182
34341212,988471
34342592,1019102
34567,1050279
3428ee,1095064
349750710,1219002
34745559,1257142
3456789876,1312480
34908115,1331790
34591,1390896
34288338,1408426
345i,1462961
341167mendez,1759791
34717588,1798184
34math,1841817
347227107,1873983
348726,1912605
34piki,1917732
34813413,1939191
346534,1977439
345zhouhao,2038967
34466569,2041199
345Danieck543,2113731
34230945,2161487
34crazey,2169309
343471766,2178965
347364,2242611
34sekaa34,2245811
340118,2249569
340262,2252400
346394,2252424
34526708,2296611
34ishak2555,2330323
34Dave12,2415730
34352388,2425776
3412,2431667
34953,2452454
34793414,2515656
34corky,2539520
3461,2559125
34567890,2564297
345888sd,2592883
3434texans,2593862
345435wrerws,2596753
346dino,2626933
3489yoongu,2644432
340815,2697119
340918,2704904
342844,2704906
343172,2704931
341996,2704935
34033,2706832
34034,2706833
345345345,2747849
34gp34,2749618
34496778,2763791
345sol,2803312
3425,2843163
34945935,2861997
348298,2878843
340666,2888807
345cvb,2937238
34956789,2937558
34boss999,2955955
3434354,3036491
34jheaven,3040416
3457182954,3081403
349768,3116583
343-01-08,3135166
341269685,3147460
34330557,3148491
3413,3156814
34pra,3158491
340896950,3192534
342981,3215561
343239Krista,3222286
341627,3241453
341015758,3243570
34442761,3245057
34kamal,3256906
34543,3259252
34226476876,3260108
34532,3260124
34428242,3261784
349975763,3283047
340674RMS,3293958
34923,3295228
34AR,3307234
341sa,3344851
3489ms,3409363
34LEGOLAS20,3436967
342267903,3500272
34nmangles,3500901
34e55,3525133
345678bctf,3565013
34297119,3603562
348221,3618299
340406,3655722
3444erk,3785903
34_67_28,3960806
344718,3990954
34567890000,4032478
34623437,4119899
349723,4164314
348127,4518085
34657,4519116
34355,4541856
347play,4642814
34ortiz,4675864
349185Mendez,4718992
343703,4719057
348165mendez,4719108
345liam,4721284
344032,4738351
344298,4834395
34299224,4844093
340312,4889576
340987,4889588
3435084,4935052
345165100604,4954046
342592243,4994874
3400232,5045524
347025mendez,5070920
3470,5080758
3456Ronaldo,5093564
34639M,5120108
34pdfh,5121634
3450175,5161756
34podjavorsek,5181756
342553,5242002
340chopper,5378650
34superwacky,5393892
34080,5627616
34530,5627692
34601,5627992
34264,5630094
34605,5631166
3417103,5738164
345654,5861646
343spark,5861912
345killerrateater,6037446
346_904,6152522
340143,6389910
34772,6394736
34709,6394772
340891464,6530722
3402BUSD,6533604
3400Busd,6533606
3407Busd,6533638
34559028,6769928
345love,6808394
34holly,7062390
34188,7167392
3437,7314754
34873487,7333154
346586,7425532
348ME,7506914
34341,7614516
340153mendez,7624322
34_adr_navas_o,7880076
341447,7949734
349149534_2,7977736
341030799,8002792
341391829,8058416
340,8116160
3452zaniac,8311590
344,8665854
34569,8691784
34535781,8885424
3404gsa,9514722
341008,9563762
345053,9585222
341894,9590978
3402gsa,9672012
3425gsa,9674614
3431gsa,9887408
34wbps,9933986
342436532,9980404
343972295,10014022
34736839,10023566
342390622,10033788
348913219,10160264
341085348,10163734
340823335,10163920
340807502,10165114
340745785,10187286
348870353,10187538
348947068,10187752
340889377,10193282
34195,10413216
34y365463,10563004
340993898,10705994
34133,10766108
34111,10781342
34d,10790416
347210,10917836
34170,11016658
345go,11069228
348,11086010
34ps,11103580
34IN2015,11238336
34C,11344020
34oo3958,11455496
340269,11559378
340199,11559402
340569,11559474
340154,11559808
340188,11559892
340253,11559982
340571,11559998
346449,11560008
340110,11560026
340153,11560118
340115,11560134
346165,11560146
345siku,11602300
34751625,11615414
34e,11725406
344109,11796490
342571,12044686
340340,12053614
346716,12112684
348460,12195918
3453awesome4539,12344860
34h,12406194
34958-njsd,12455210
34class,12665836
34L,12735578
34jacopo,12792584
3498AbbyCole,13007974
345033518,13127684
342162,13210187
341112,13249850
34641,13363740
34780,13367357
34Tigus34,13518212
341070043,13689490
341,13713955
34008769,13718547
34016762,13735510
34002336K,13804561
34210,13812942
340738871,13836370
34softball,13856155
345678haha,13862954
34StoryTreehouse,13950498
3434lol,13999460
348939,14004777
341114858,14117184
34653645,14198306
34HC2016,14274300
34doughnutforme,14446299
34SC,14462601
3441montessori,14465445
344948856,14497398
3401x,14629955
3478X,14633738
345table,14651204
34b,14766210
340872670,14776107
343475661,14889220
342441128,14938033
349096693,14940910
34J,15000479
343564894,15009668
344022710,15029222
344728654,15573162
342628468,15581398
343309688,15581458
342156627,15584461
342441912,15592287
342451762,15608008
342661659,15629169
343601001,15629327
34zingyglittery,15681869
344445,15702436
34055,15727589
343459079,15781712
340877091,15917189
340829142,15941795
340021,15949579
345zxc,15962122
346975,15966745
342780020,15978410
349374,15978914
340923770,15980629
346198,15981914
346nik-346,15988461
34002957,16012188
3434590790,16020859
348868621,16093629
341606325,16187870
341790012,16187998
346720956,16205673
342609,16311926
342493,16313775
3456123,16370279
349150713,16385476
342464195,16388625
342508124,16671660
340497,16755884
3434340,16814720
341nyknicks,16878072
342578275,16928343
34zhm,17011480
34a,17192331
34morris,17381979
34774,17402086
34remmihSrevliS,17461820
341057826,17495423
348755349,17498445
34G,17585464
348687120,17617939
34004193,17795268
34Curnow,17806621
34ert,17851387
34BHtocode,17851449
34t,17982106
345atom,17987979
34192816,18115847
340691,18155549
340464,18178143
340702,18178226
341076,18178239
340438,18178257
341496,18178349
341182,18179804
341665a,18179896
341403,18181154
340869,18181162
34zs,18218511
341211,18220812
340691e,18222594
34pony,18236271
349HC,18305816
340738cvusdco,18328584
347511,18332343
342218112,18345546
34tb,18375937
340750AS,18408182
340675,18408356
341443,18436772
341789,18436997
343030193,18463975
340896,18560108
340570l,18566627
3450078900,18599163
3456231243,18599167
3486769553,18606255
3403216,18621667
340642,18622324
341027852,18737893
34776,18742334
34r,18775544
341987,18776878
343333,18867360
3448124753,18918062
3437568396,18930329
340868546,19001132
344221,19059785
349436675,19117650
345454052,19124538
345005698,19124541
345328207,19124547
344107313,19124549
344884416,19124552
3486547224,19152583
342132c,19157017
342381,19186299
3425452215,19202858
343017091,19239648
342258669,19241852
34blue2017,19291332
342435450,19338508
345plusklas,19344259
342209,19348843
34213416,19378861
34563,19419260
348762,19483884
3409945,19495562
34555,19598015
349082834,19612678
340988450,19612683
342335,19649093
34it,19656297
348641291,19672429
348570904LBD,19672545
348711681,19672647
34899196,19672767
341114858cheese,19680452
34235311,19682792
342256,19709068
345246,19769761
342469798,19829893
345161,19877970
342322D,19911764
34006878,19923443
34004661,19923447
34006877,19923451
34005531,19923457
34002500,19923465
34004660,19923467
34009702,19923478
34009701,19923485
34003663,19923487
34003490,19923489
34babymilo52,19940663
34odog,19942474
342176633,20002382
344002886,20002571
3416874943,20013838
340848142,20047173
348641168,20121658
3411L612,20188705
341144L612,20188787
34015035,20200318
341488341488,20244289
345087345087,20244837
345636345636345636,20244844
341913341913,20244854
344252344252,20244855
341921341921,20244861
344260344260,20244864
342828548,20254382
345309611,20254536
340832997,20255216
341977,20258292
340925437,20294784
340889443,20302948
340901,20323939
348711581,20325795
348653676,20391292
348578972,20391636
34gymnasticslover,20404930
34soccerepro,20404934
34unicorn,20404936
34gadgetkid,20404943
34trapinguy,20404944
34critters,20404950
34LunaDawg,20404954
34coolemoji,20404956
34dog,20404957
34robomaker101not,20404959
34diamondkid,20404963
34game,20404974
34hugs,20405008
34dogsarecool,20405043
342586,20405528
341052603,20423302
34unboltedwolf,20423803
345130249,20458615
349332882,20461707
342595970,20475343
3451302490,20525978
34-,20528366
348838186,20535503
34OC,20595155
348851965,20713937
341809,20718760
343BOI343,20737416
342699,20777545
34264Emmy,20780440
340821099,20839326
340837673,20839451
340884527,20839506
343266292,20858729
348570904,20877053
34code18,20886782
340742,20929593
345402218,20958837
343623302,20967513
342354263,20968952
349115047,21000007
34t20s4d,21003045
345tr,21059714
342083,21070446
345452403,21070451
3425959729,21083404
34bob,21141025
348718412,21142813
346502,21185361
340502mk,21238325
340207,21242780
342452976,21252491
341339AV,21267852
341277jh,21267945
341311co,21267946
345446066,21282607
343773941,21302062
3400363,21338441
343932,21340385
345373,21340588
345132,21341272
345509,21341297
3400389,21367745
3400611,21367746
3401338,21367749
3400785,21367755
3405115,21367772
3401437,21367776
3400439,21367783
3400462,21367796
3400397,21367822
3400512,21367834
3401205,21367835
3400421,21367844
3400660,21367859
3406006,21367889
3401981,21367892
3405479ali,21367907
3400488,21368238
345482,21368483
346730,21368511
345494,21368540
346713,21368572
344229,21369315
342898,21369868
345367,21369893
345131,21369899
344584,21369909
345131gabriel,21369932
346923,21369969
345358,21373950
345384,21374015
345384adira,21374037
343597,21382583
343762,21382593
345483,21382646
345471,21383686
344453sharmaholt,21407807
342409828,21407885
3440888,21459639
34553455,21465804
349339374,21467330
347401,21477239
349588368,21512196
349131995,21534632
348629403,21534664
348584731,21534666
342565,21534791
348628884,21534807
348583006,21534813
348576877,21534830
348578519,21534861
348586868,21534888
349313452,21534912
348633298,21535033
3485844731,21535050
3486376653,21535190
340835289,21564335
341045,21573054
341246,21573083
34p,21612615
34671GIL,21620693
3430170911,21664614
348646746,21692841
348598509,21693092
349059881,21693138
349542100,21693152
349059899,21693154
349026005,21693180
348598707,21693188
349059923,21693193
348637745,21693194
348954304,21693195
349327122,21693198
348624313,21693208
349059873,21693226
349000,21696834
348597550,21710374
349367029,21710490
348629239,21710630
348631870,21710632
348650524,21710658
348629148,21710734
342386,21745071
344953120,21768310
3463738780,21803438
343077,21820548
345069900,21821226
34506990,21821547
348733031,21843238
34mjs,21845631
348641390,21861949
348631763,21862359
343104972,21870947
3456queenbees,21876392
341572600,21876574
3413585223,21891396
342331,21994284
34537,21999406
34470,21999467
34452,21999514
34408,21999552
349584805,22013472
342302064,22093560
342725546,22109730
34ver,22124832
343151,22127150
34515,22178213
34533,22178353
34552,22178411
345377,22178542
340570,22257725
34241312,22295685
341241414,22295935
3412455,22295980
343270j,22329073
343035234,22350718
340875327,22350735
341036689,22350945
342450,22357001
3426351,22393947
349273,22394594
341012870,22445424
340863224,22445428
340848043,22445449
348762559,22445480
349504993,22445499
349499149,22446196
340209,22449319
348574021,22452288
349157420,22473061
341586261,22527573
34Bgroup1,22551485
34Bgroup2,22551509
34Bgroup3,22551516
34Bgroup4,22551519
34Bgroup5,22551524
343086419,22561607
342397338,22561635
345sean345566,22654384
3455996787,22689199
348895236,22708934
341055796,22741510
34F,22752521
340825264,22764345
34oats,22806917
34RCFF8B,22841786
34VHBC8B,22841911
347evrim,22859107
34Kathya,22871726
34562,22873296
34Coding2017,22941298
34VHBC8B3,22950045
3425574,22988384
342643996,23013549
348571969,23020568
349154,23037882
349599159,23057089
341408383,23199391
343632,23222497
342047,23228071
3492219314,23313727
342801149,23320712
34Morocco,23360355
348611195,23398878
34Survivor,23466610
34514,23472003
345683841,23518251
3441maggy,23805615
343733,23805852
343_Guilty_Spark,23978582
348679515,24008925
345ARTY,24021369
346777,24049853
341137693,24077216
34SarahC,24082704
349440578,24083290
34mbps1,24112626
34sbps1,24112634
34wbps1,24112656
34beveridge,24122406
345384481,24180139
343128872,24181372
34cheesecake,24198289
348478,24204411
348667825,24217078
348877001,24221170
348844515,24320660
343435878,24320728
342333892,24333205
34k,24393776
34432112,24404843
34km,24421851
348596362,24458679
3412196936,24485163
343793204,24519861
344953070,24519919
344969266,24547399
345julb123,24582351
345390439,24630066
34Stella,24677457
348748,24693110
34578347583487534,24715878
348646266,24737108
343181760,24745380
34o,24751282
34Ggrace,24766405
342017-2018,24864074
34D1,24911265
34D2,24911266
34D3,24911272
34D4,24911274
34D5,24911276
34D6,24911278
34D7,24911280
34D8,24911282
34D9,24911285
34D10,24911288
34D12,24911289
34D13,24911291
34D14,24911292
34D15,24911294
34D16,24911295
34D17,24911298
34D18,24911300
34CC1,24911312
34CC2,24911313
34CC3,24911314
34CC4,24911315
34CC5,24911316
34CC6,24911318
34CC7,24911323
34CC8,24911325
34CC9,24911329
34CC10,24911333
34CC11,24911335
34CC13,24911338
34CC12,24911339
34CC14,24911343
34CC15,24911344
34CC16,24911345
34CC17,24911349
34CC18,24911351
34CC19,24911352
34CC20,24911363
34CC21,24911364
34CC22,24911365
34D19,24911372
348770942,24915531
34D11,24939981
340358,24978211
343276,25053078
345484,25063936
347338,25065285
346106,25065293
345577,25065303
348833,25065323
347533-Mendez,25066297
347391_Mendez,25066310
343895-mendez,25066332
346059,25080438
347439-Mendez,25081369
348233,25094016
347489Emily,25094026
349559,25094056
347410-Mendez,25096495
346993,25141951
34lws,25167875
3427372421,25173810
343692,25178288
345347,25198614
341365br,25256691
341069Rm14,25262362
340730rm14,25262375
340675Rm14,25262376
344699rm14,25262441
34JAI,25312736
34D20,25313462
349273599,25337655
34588,25433419
3425051,25456367
342696515,25457169
342467131,25463997
3426004,25490367
3426030,25490368
3425057,25490374
345543649,25491671
341123925,25522289
3486547224m,25532642
34uruguay17,25536444
346258,25545538
342971Rm14,25545583
345881,25545605
342597Rm14,25545637
346265,25545640
342750Rm14,25545821
34JadenY,25576677
34FeliciaT,25576678
34PhoebeL,25576680
34CarnaZ,25576683
34RoscoeL,25576684
34VianaX,25576685
34TalhahM,25576686
34EmilyL,25576687
34TheodoreH,25576688
34JaydenT,25576689
34AndrewC,25576690
34DixonH,25576691
34JaydenM,25576692
34JaydenL,25576693
34SophiaL,25576695
34CelinaL,25576696
34KeoniW,25576697
34CaitlynK,25576699
34LucasC,25576700
34TiffanyL,25576701
34AlyssaP,25576702
34MaggieC,25576703
34AndyP,25576704
34NicholasX,25576705
34WeiWenC,25576707
34LisaL,25576708
34YanleG,25576709
34JuliaG,25576710
34ReneeC,25576711
34IvanL,25576712
34RachelK,25576713
34ChloeK,25576714
349541,25579808
342694,25609271
349308445,25616198
34286,25618013
34606,25618151
3401277,25644911
3401283,25645032
3401141,25646654
3401273,25646659
3401285,25646713
341089050,25653890
348kjv,25654294
3401160,25677910
348862699,25690522
348878562,25706809
34genius,25712225
341032,25778038
346121,25778041
34eme17,25778387
340902rg,25778807
342610,25778856
343764,25780159
346161We,25780807
34664,25785403
34655,25785404
34CaitlynL,25785411
34172,25785515
34503,25785568
34b-SA,25794488
341078830,25896858
340bayernmunich,26007515
344620,26068750
3437568396M,26119202
347a,26133147
3421a,26134195
3409a,26134246
349364125,26149700
341123552,26150659
347598cm,26154189
345defpie,26168799
341184339,26169227
340889989,26182216
34matthewsboy,26202175
346952921,26229413
3448140m,26289555
342-,26316208
340385,26378493
349692,26412377
34094_vTPhoenix,26426066
346522,26434301
348395,26434322
346922,26442958
34elsal17,26446016
345345ffa,26448810
344696,26497465
34topsy,26510010
3461583157,26513006
3467299744,26513224
3464685008,26516967
343frversvfgbdb,26550615
344Kalle,26557316
34799,26565485
34105177,26618361
34b2017,26646293
34s,26649677
345sports,26729750
345draw,26729761
346031,26739498
3456888,26750082
341mumyous,26830366
346890Rm14,26839089
3412irina,26846015
344748,26860513
344140cs,26895786
341456-cs,26895912
344769-cs,26957464
34268the,26986099
349289421,26989716
34087SC,27052086
349612648,27078249
345327316,27149408
3486684663,27199199
346006,27203186
3487554356,27245067
347138,27279467
347976,27279468
348294,27279469
342431,27279474
342930,27279483
3401154,27293246
3401238,27293260
342785862,27355731
343047098,27368430
342584257,27374158
3485kk,27383869
34NSND15,27391513
342933066,27411255
345350,27419780
3400073980,27438616
348215,27440401
347731,27558208
34325rye,27570269
34277CER,27597275
345064174,27649624
349681957,27660572
349539528,27688319
342890Mata,27696354
347064-cs,27714718
342627833,27747920
34potter,27784703
340991785,27857146
341171304,27857154
340874304,27857168
349238394,27857190
348764002,27857201
340944966,27857274
340903038,27857292
348942046,27857374
340821867,27882476
34alperen,27916643
347yezda,27916695
341helin,27916715
340Hasan,27922443
345sedanur,27922741
345seda,27923098
349mertay,27976465
348eyup,27976508
342ilhan,27976532
349mertaykar,27976628
343nesrin,27981826
342383783,28001883
34748,28006490
34royal2017,28018437
342d,28050502
342k,28050760
34577IMPACTTrain48,28079072
345439855A,28086273
34buckeyes,28120716
340862374,28225275
349612366,28233879
349611020,28233890
346AwesomeShark,28275432
342358868,28278201
342803061,28278214
343155057,28278287
342802923,28278389
34315505,28280377
343738233,28306004
345678910animals12,28307661
342397627,28309729
349371278,28311471
348612037,28326037
342139524,28355919
344657,28381070
34830SNI,28391553
343445546,28474514
3440887890,28487952
347397drewsm,28496575
342825809,28503355
34302238080,28520576
345408637,28540403
34bacon,28602274
341093,28655454
340081,28655461
349138,28655479
340449,28655510
343773,28655774
3494566313,28688894
341242,28690613
343005583,28834388
344444443,28836010
347venom,28859145
348652231,28871618
34070,28907409
342900628,28977790
34572018,28985247
34796tmm,28988458
34833leuk,28988487
34866zmk,28988538
341058840,29278205
342219300,29517365
342937661,29522524
3435623152,29547477
343600672a,29550367
343822gonzalez,29643675
342786704,29670783
343575676,29703819
345cool345,29714510
34w,29716740
347394sausdlearns,29737417
3426042,29739763
343471223,29749337
34s9,29780294
348114z,29816922
347913cjs,29829110
347643,29859038
346967-348867,29859199
347291,29864922
34_CM_lilgoat77,29890801
349369,29897494
349lolol,29903797
34T_1,29917424
34T_2,29917626
34T_3,29917704
34T_4,29919209
34T_,29919217
34T_5,29919234
34T_6,29919244
34T_7,29919251
34T_8,29919260
34T_9,29919266
34T_10,29919276
34T_11,29919289
34T_12,29919294
34T_13,29919298
34T_14,29919310
34T_15,29919318
34T_16,29919328
34T_17,29919336
34T_18,29919339
34T_19,29919347
34T_20,29919354
34T_21,29919357
34T_22,29919361
34T_23,29919368
34T_25,29919370
34T_24,29919384
34T_26,29919395
34T_27,29919399
34T_28,29919402
34T_29,29919415
34T_30,29919423
342400363,29931123
343AK3LD,29997445
347089880,30002845
346935271,30002848
346689779,30002849
346684359,30002852
346942345,30002857
347013020,30002861
347059354,30002871
349524959,30026940
3401152,30027211
3401148,30027799
342506409,30031308
346815053,30057087
344097001,30109648
34tranquil,30128522
347280364,30130668
344835111,30139191
348785577,30142340
348771601,30142343
348771981,30142351
348909870,30142355
349727933,30142362
349569756,30142365
348873183,30142370
349486779,30142377
349671040,30142383
348785940,30142389
349060061,30142392
348785742,30142396
34_hotdog5,30146114
3487719811,30179602
349057,30255155
34sds2024,30257080
349304808,30261872
348378066,30310305
348mustafa,30320332
342858701,30320363
342924594,30325573
342189098,30325883
348771,30325952
3495697,30326127
348934594,30355796
345439855Abbi,30368326
341068880,30375457
345345345pow,30376537
342992559,30380329
343400,30407120
3421savagepostmalone,30458397
34asqwerty,30479441
3467810,30500928
349143677,30509445
342483534,30534108
345413JDM,30597479
349720144,30626805
349528190,30626997
348955279,30639436
341170215,30739277
34119877,30793206
34jcoders,30851583
34PAT,30897666
342442266,30911358
34ht68,30926643
34y,30928085
3456165714,31006131
342542889,31013635
3435647124,31049224
3445566,31057939
3415rj,31140683
34-LTEC,31229421
3404cw,31278619
3450cw,31278620
3402cw,31278621
3445cw,31278622
3413cw,31278623
3405cw,31278624
3401cw,31278625
3447cw,31278626
3410cw,31278627
3403cw,31278628
3415cw,31278629
3409cw,31278630
3407cw,31278631
3442cw,31278632
3444cw,31278633
3441cw,31278634
3414cw,31278635
3446cw,31278636
3443cw,31278637
3448cw,31278638
3416cw,31278639
3408cw,31278640
3412cw,31278641
3451cw,31278642
3449cw,31278643
3406cw,31278644
3411cw,31278645
344064688,31364641
344045059,31365147
345rastw,31407755
342439114,31417926
347-451-8507,31429718
343009304,31447108
343820478,31458306
343886248,31458307
344971452,31458308
345520142,31458321
343817326,31458323
343816146,31458325
343971776,31458330
343872008,31458332
343808606,31458333
343809018,31458338
343789178,31458341
343809174,31458348
344814884,31458351
343932067,31458353
343813010,31458585
343886107,31489160
343734083,31489161
343824900,31489163
345339089,31489165
343890547,31489166
344726062,31489167
343817052,31489168
344000591,31489169
343816070,31489172
343876124,31489174
343958302,31489176
343820130,31489188
343809299,31489190
343815650,31489191
343823993,31489198
343808226,31489289
343499976,31489298
343280822,31538471
345486708,31807169
343824538,31841330
343809133,31842348
344756119,31842370
341037240,31846781
343812251,31848129
343248357,31869592
345room3sbps,31877236
3486B,31911117
348694589,31939187
348684507,31939188
349128454,31939190
349031872,31939191
348621145,31939192
349031922,31939193
348638156,31939194
348930454,31939195
348643966,31939196
348621079,31939197
348622242,31939198
349027888,31939199
349033530,31939200
348622200,31939201
348567918,31939202
348609371,31939203
349027417,31939204
349032946,31939205
348605445,31939207
348857996,31939208
348631375,31939209
348604265,31939210
348606302,31939211
349289660,31939212
349303396,31939213
348606823,31939214
349099655,31961586
343886503,31962547
34706hrd,31992994
34826ztm,31993058
34951,31993164
34907cfp,31993193
34947cph,31993194
34663ssz,31993205
34650txt,31993245
34790dqc,31993259
34903_j,31993320
34669Amy,31993371
34Bass6000,32018072
342394392,32039771
343248357nkkbn,32074961
341122430,32106801
3418cp,32112394
3401cp,32112405
343325296,32139965
342879152,32141988
343806503,32170170
348585035,32173296
3401188,32179428
343809229,32185707
3402815,32229638
345456576,32284079
3417512908,32309522
343350203,32354155
34-nikita,32368754
3433894368,32427609
346code,32499625
349804,32524609
342748670,32528322
348855279,32542540
344015102,32554463
343895504,32554617
3456782,32555369
343318952,32687447
34glencoe,32705733
342695558,32714580
343895503,32747296
345028708,32747799
349WM-01,32782025
349WM-1,32782261
343helin,32849557
349044198,32877816
34998329,32877836
342516788,32911723
34rhain,32925420
34f4,32990258
34adem,33318546
34----5,33361163
341020,33374665
349070417,33382627
34ayush,33410973
34thomas,33410974
34amelia,33410975
34chamonix,33410976
34vera,33410977
34maanya,33410978
34summer,33410979
34jem,33410980
34zaria,33410981
34beatrice,33410982
34aanya,33410983
34soyun,33410984
34monty,33410985
34vianna,33410986
34andrew,33410988
34megan,33410989
34skylar,33410991
34daniel,33410992
34owen,33410993
34mya,33410994
34rohan,33410995
34jemima,33410996
34carlos,33410997
34nicholas,33410998
349289421_test,33459905
34gold1,33493453
34gold2,33493456
34gold3,33493461
34gold4,33493473
34gold5,33493479
34gold6,33493487
34gold7,33493493
34gold8,33493496
34gold9,33493501
34gold10,33493506
34gold11,33493509
34gold12,33496799
34gold13,33496806
34gold14,33496810
34gold15,33496812
34gold16,33496815
34gold17,33496819
34gold18,33496823
34gold19,33496828
34gold20,33496831
34gold21,33496835
34gold22,33496838
34gold23,33496845
34gold24,33496847
34gold25,33496849
342017-201842,33690937
34room31,33697026
345zart678,33723733
34IN2017,33754367
34600s,33756987
34894s,33757010
34703s,33766925
34870s,33785037
3432343,33788682
348663451,33796546
3401701,33849461
34DigiKid,33910907
346dogs,33933526
343020020,33944117
340937994LeoC,33946592
34landon2maker,33980886
343games,34047668
3498680461,34050770
34westie,34095127
340304200708284526,34128881
343330676,34229811
34234234242432,34239875
34sutasinee,34255720
34677,34263852
34717vb,34268000
34634EC,34268007
34678ec,34268018
34_stem,34311345
34849547,34446431
342510393,34496008
345red,34524955
341a2018,34544357
341b2018,34544413
34B01,34577313
34B02,34577322
34B03,34577327
34B04,34577332
34B05,34577334
34B06,34577339
34B07,34577343
34B08,34577347
34B09,34577350
34B10,34577352
34B11,34577354
34B12,34577358
34B13,34577359
34B14,34577363
34B15,34577366
34B16,34577369
34B17,34577377
34B18,34577380
34B19,34577382
34B20,34577386
34B21,34577389
34B22,34577391
34B23,34577395
34B24,34577398
34B25,34577400
34giftedrye,34584221
34A01,34644255
34A06,34644399
34A07,34644425
34A08,34644459
34A09,34644472
34A10,34644486
34A11,34644737
34A12,34644756
34A13,34644782
34A14,34644805
34A15,34644820
34A16,34644854
34A17,34644887
34A18,34644903
34A19,34644933
34A20,34644940
34A21,34644974
341768,34684286
34B1,34694337
34B2,34694343
34B3,34694346
34B4,34694353
34B5,34694354
34B6,34694355
34B7,34694360
34B8,34694365
34B9,34694366
34B110,34694369
34B111,34694370
34B112,34694372
34B113,34694379
34B114,34694381
34B115,34694388
34B116,34694391
34B117,34694400
34B118,34694401
34B119,34694405
34B120,34694412
34B121,34694414
34B122,34694416
34B123,34694418
34B124,34694420
34B125,34694424
34B126,34694427
34B1100,34694532
34B11000,34694559
34B66,34694561
34B1200,34694564
34B70,34694566
34B1130,34694567
34B1199,34694568
34B1220,34694573
34b200,34694600
34B1234w,34694603
34b117o,34694615
34b100,34694617
34B1119,34694618
34B1180,34694633
34B30,34694643
34b1168,34694644
34B1144,34694661
34B1128,34694663
34b1240,34694671
34b80,34694700
34B44,34694706
34b1260,34694748
34b1155,34694816
345sloth,34697920
3456sloth,34698025
34BJM,34718062
34B1001,34727449
34B1002,34727451
34B1003,34727453
34B1004,34727455
34B1005,34727457
34B1006,34727458
34B1007,34727461
34B1008,34727463
34B1009,34727464
34B1010,34727467
34B1011,34727469
34B1012,34727497
34B1013,34727499
34B1014,34727501
34B1015,34727503
34B1016,34727506
34B1017,34727507
34B1018,34727510
34B1019,34727512
34B1020,34727513
34B1021,34727514
34B1022,34727516
34H1001,34728293
34H1002,34728309
34M1,34728317
34H1003,34728318
34M2,34728323
34H1004,34728326
34M3,34728329
34M4,34728333
34H1005,34728335
34M5,34728336
34H1006,34728337
34M6,34728340
34M7,34728344
34H1007,34728349
34M8,34728350
34M9,34728353
34M10,34728356
34H1008,34728358
34M11,34728361
34M12,34728362
34H1009,34728363
34M13,34728371
34M14,34728373
34H1010,34728377
34M15,34728381
34H1011,34728386
34M16,34728387
34M17,34728392
34H1012,34728394
34M18,34728397
34M19,34728401
34H1013,34728402
34H1014,34728409
34M20,34728410
34M21,34728414
34H1015,34728421
34H1016,34728423
34H1017,34728426
34H1018,34728428
34H1019,34728437
34M22,34728438
34H1020,34728443
34H1021,34728454
34H1022,34728483
34H1023,34728485
34baloohcm,34739721
34gracious,34741159
34A22,34747804
34A23,34747874
34A24,34747967
34A25,34748034
34B103,34769981
34B131,34769987
34B221,34770000
34B218,34770005
34B1210,34796654
34B15508,34796747
3456Warrior,34801488
3434aa,34806198
3406aa,34806202
3409aa,34806206
343yulia335,34831602
34889rio,34889937
3416874943w,34945507
348835737,34969680
347077f,34994086
342763,35032139
340026,35032146
340361,35032154
345565,35032258
340425,35032264
343186,35032269
340117as,35032279
340274,35032289
340389,35032297
340110wp,35032327
340363,35032331
340025,35032335
340079pt,35032371
347415,35032410
343012jt,35032435
34H1025,35080178
34H1026,35080557
34Q,35083458
3441m,35104523
3471m,35104636
3419m,35105495
341456,35136201
340332,35136209
340256,35136214
341469,35136218
340052,35136222
344266,35136229
340062,35136239
345875,35136364
340245as,35136370
340689bd,35136423
348905,35136431
340131,35136434
340132,35136455
340125,35136473
341195vt,35136477
343581,35136487
343252,35136495
341458,35136502
341458aa,35136513
341985,35136542
344529,35136599
34hsdaw,35139982
34hsder,35139984
34hsdmi,35139987
34hsdtmo,35139989
34hsdrk,35139990
34hsdmt,35139991
34hsdin,35140005
34hsdkk,35140011
34hsdbm,35140012
34hsdbh,35140014
34hsdlm,35140015
34hsdbb,35140016
34hsdtm,35140023
34hsdno,35140027
34hsdmb,35140874
34rlon,35220287
347457f,35227138
3401330,35230013
343285581,35238350
343275087,35238361
343285631,35238364
343452314,35238369
342828,35238390
34562cat,35238393
342892,35238410
343324323,35238430
343334058,35238464
343866653,35238471
343881116,35238476
342810280,35238494
343429148,35238505
343338778,35238506
342880911,35238517
343348298,35238520
343328902,35238524
342851961,35238531
343276036,35238549
343362,35238555
343318846,35238572
343412383,35238574
343273488,35238582
343274114,35238585
345413165,35266741
34imagine,35268329
34slesmanatees,35270197
343slesmanatees,35270606
341slesmanatees,35270614
340slesmanatees,35270618
344slesmanatees,35270620
342slesmanatees,35270630
342794898,35304280
343400586,35304306
342795267,35304311
342940301,35304316
343369377,35304320
342814274,35304333
342896412,35304337
342817327,35304338
342865987,35304339
343400503,35304340
342821535,35304342
342813417,35304344
342891785,35304346
343359063,35304349
342829082,35304371
343035226,35304404
342813805,35304420
342834272,35304429
343060307,35304433
342827755,35304434
342810462,35304435
342810207,35304438
342921004,35304441
342829397,35304447
342817053,35304469
343074746,35304534
343335832,35304549
34H1027,35310794
34H1028,35310802
34H1029,35310978
342826773,35332785
343429528,35332797
343203055,35332835
342820248,35332859
342793890,35332871
342795853,35332881
342827680,35332883
343768545,35332902
342827565,35332921
343399572,35332991
342823689,35333002
342933405,35333010
343782470,35333031
342980190,35333067
343350062,35333143
342807005,35333144
343597183,35333158
343275228,35333241
345969323,35333269
343780664,35333350
342815164,35336313
34H1030,35359524
342827250,35374007
343694311,35374098
345732077,35374203
343514,35378654
3449895052,35388016
345872451,35429288
342828373,35433385
342892882,35433423
34B26,35442722
34B27,35442730
34A1,35442744
34A2,35442756
34A3,35442764
34A4,35442778
34A5,35442790
34A6,35442803
34A7,35442821
34A8,35442830
34A9,35442844
34AHG,35442872
34ATH,35442885
34AXK,35442919
34AJM,35442934
34ALM,35442948
34ALMC,35442957
34ATR,35442970
34ALV,35442995
34AVC,35443006
34AEWC,35443018
34ALW,35443027
34paraguay2018,35482943
343369591,35485948
343608709,35486402
343289823,35486424
343566329,35486477
343322392,35486481
343406641,35486489
343275772,35486544
343861878,35486565
343343521,35486567
343490702,35486645
345421242,35486674
34ecuador2018,35490635
343766929,35548197
343750741,35548288
343835062,35548395
343837407,35548408
343750766,35548462
343458998,35548547
3437507580,35548662
343747804,35548667
343750436,35548671
343824371,35548756
343750675,35548821
34169JRS,35551344
34652JRS,35551361
341473825,35558255
341473403,35558257
341457703,35560356
342imagine,35569935
340imagine,35569941
341imagine,35569942
343imagine,35569982
346imagine,35569990
349imagine,35569995
344imagine,35569997
345imagine,35570000
347imagine,35570002
348imagine,35570003
34336,35583084
340952,35622209
349089,35622210
340965,35622213
340958,35622218
340548,35622227
346767,35622231
34H1031,35623027
34H1032,35623036
343446761,35647803
3434233,35663906
3401346,35690535
3401323,35690635
348663451y,35695756
347268,35697326
341442,35697346
348829,35697544
349929,35697668
349953,35702143
349962,35702153
347796,35702177
348853,35702225
343553,35702235
3401346DO,35727242
3401221,35727883
342572575,35787767
34309JRS,35798213
34633JRS,35798215
34557JRS,35798589
343275681,35827436
3456kittycat213,35827955
343903704,35837007
349093,35848758
348975,35848759
349134,35848760
345625,35848761
344939,35848762
344901,35848763
347990m,35848764
349088,35848765
348503,35848766
341741,35848768
348213,35848769
348359,35848770
343874,35848771
348304,35848773
344574,35848774
344853z,35848775
348017,35848776
344846,35848777
345081,35848778
344849,35848779
346411,35848780
348692,35848781
344851,35848782
345slesmanatees,35849028
346slesmanatees,35849056
345541932,35880155
345541932hu,35882683
344868,35888963
349114,35888964
349090,35888965
342196K,35888966
347172,35888967
349311,35888969
348968,35888970
344522,35888971
349092K,35888972
347099K,35888973
348832K,35888974
347186,35888975
346421,35888976
343713,35888977
346368,35888978
348096,35888979
343907,35888980
345068,35888981
346531,35888982
349166,35888983
344852,35888984
348694,35888985
344403,35888986
3456123303,35909600
34512303,35909822
343346292,35923250
343362745,35923420
349132,35925705
349087,35925706
349125,35925707
348839,35925708
348024,35925709
349045,35925710
349584,35925711
343209,35925712
341628,35925713
349591,35925714
3468940,35925715
3482150,35925716
346295,35925717
344402,35925718
348993,35925719
3456660,35925720
344571,35925721
343531,35925722
344842,35925723
348689,35925724
349621,35925725
349053,35925726
348253,35925727
343841,35925728
3402210Tala,35928544
344869,35928609
341855,35928610
348924,35928611
348296,35928612
348392,35928613
348923,35928615
3449810,35928616
3491490,35928617
3439870,35928618
3462780,35928619
346054,35928620
348261,35928621
346369,35928623
344854,35928624
347161,35928625
344840,35928626
344848,35928628
345148,35928629
348250,35928630
34OMGTech,35940735
34J-bps,35963544
34h-bps,35963545
34W-bps,35963548
34S-bps,35963549
34M-bps,35963551
34G1-bps,35963589
34H1-bps,35963590
34B-bps,35963593
349TEONAAYSU,35982964
343SEVDE,35983051
344772645,36001988
34royal2018,36013794
34MaxBartko,36044579
3475m,36053869
346903,36082208
34998,36126057
3401064a,36175081
3400678a,36175130
3401775a,36175236
345436,36193263
34PALACIOS,36210003
3418622437,36225221
34OSUNERO,36241962
34PACHECO,36244452
343005179,36256781
34063bm,36262940
34030Mgl,36263197
342445517,36267114
344566f,36271096
346027XD,36297833
342840824,36307432
343424099,36307794
343407847,36307821
343309910,36307847
343291548,36307884
343408472,36308048
343401766,36308272
34Tawreh,36540887
345776,36618018
348784182,36728508
345679h,36739812
34SEBASTIAN,36859936
342505583,37142009
342326147,37142499
342644614,37181892
34-AceOfSpades,37207880
344992,37346312
343401755,37415832
343401744,37416992
3434098776,37417050
341531739,37458085
34SANTIAGO,37463336
34532o76yt5456789,37485567
341563dm,37488349
343269as,37488351
340735jn,37488352
340445ps,37488353
340305jm,37488354
348763dw,37488355
340759mk,37488358
340734jn,37488360
340313ah,37488365
345322ab,37488906
343330vm,37488908
340742ta,37488910
342867lf,37488911
342651lr,37488913
340077ac,37488914
341259wc,37488916
340170cm,37488917
340213tb,37488918
340075ac,37488920
341488pb,37488922
342191eb,37488923
342739ep,37488924
340344ck,37489334
348234jh,37489335
343311,37489336
340050sh,37489339
343267ka,37489341
340834lu,37489344
340051jn,37489346
340294es,37489347
341651mn,37489352
340458co,37489353
346373jx,37489354
340028sk,37489355
340737mp,37489357
340476lp,37489360
340992ps,37489361
340015lr,37489362
340549ll,37489367
343401701,37569685
34smedenelev,37592090
343-guilty-spark,37604356
348899,37661467
349ktj349,37669935
34POPELO,37685085
34LUSING,37690712
34Haa,37704351
34Hjs,37704375
34Hba,37704487
34Hvb,37704500
34Hmc,37704520
34Hsk,37704549
34Hak,37704569
34Hjk,37704597
34Hku,37704641
34Hjl,37704662
34Hnm,37704687
34Hss,37704707
34Hsm,37704736
34Ham,37704757
34Hmu,37704770
34Hkm,37704796
34Hmm,37704816
34Hmy,37704848
34Hng,37704870
34Hso,37704888
34Hfo,37704920
34Hkp,37704943
34Hap,37704976
34Hcu,37705020
34Hmv,37705040
34Hnw,37705064
341mss341,37711545
348934,37728250
34_0-0,37736321
34GARGARITA,37806581
347slesmanatees,37878978
348slesmanatees,37879011
34735555,37880653
3425752251,37892625
344265ss,37908400
349scratchusername,37926313
349slesmanatees,37951556
342315,37960405
343396339,37998254
3434019446,37998336
342935491,38014304
3434-1,38092893
3434-2,38092926
3434-3,38093008
3434-5,38093401
3434-6,38093441
3434-4,38093474
3434-9,38093755
3434-10,38093782
3434-11,38093804
3434-12,38093833
3434-13,38093871
3434-14,38093925
3434-15,38093940
3434-16,38093957
3434-17,38094257
343417,38094291
3434-18,38094314
3485922,38113398
3434341,38119046
343434-3,38119058
343434-4,38119068
3434346,38119074
3434348,38119085
34343411,38119089
34343412,38119099
34Hah,38280467
3428cats,38306007
349scratch,38309816
349scratch4,38309846
34Hrh,38315966
34007772,38324818
34prof,38335199
344751805,38360539
344735584,38360540
344895586,38360541
344755178,38360542
344697966,38360543
345420848,38360544
344728324,38360545
344831953,38360548
344702089,38360549
344825641,38360550
344760004,38360551
344845748,38360552
344178009,38360553
344870258,38360554
344702774,38360555
344752803,38360556
344872304,38360557
344737374,38360558
344714415,38360560
344734876,38360561
3401404,38403554
3401397,38405934
3401312aa,38406022
343903829,38498679
34144,38500091
344077heath,38503459
341315,38503521
340431felices,38503594
349486,38503694
3413s,38547818
348443102,38566499
34PABLICO,38595837
342742ch,38621364
342987aw,38621389
347680at,38716780
342994357,38727763
344529iv,38765577
341622793,38810653
347maravin,38810666
341622793CS,38836762
342922796,38838591
342923448,38838689
342806767,38838770
344sam,38843553
341052892,38847127
34036scs,38849943
34112scs,38849946
343897-IJ2,38871226
343406-IJ2,38871227
342811-IJ2,38871229
347749-IJ2,38871230
347996-IJ2,38871231
344898-IJ2,38871233
344117-IJ2,38871234
343914-IJ2,38871235
348014-IJ2,38871236
344955-IJ2,38871238
343871-IJ2,38871239
344762-IJ2,38871240
348852-IJ2,38871241
343868-IJ2,38871242
347685-IJ2,38871243
34Tangerine,38910224
341586758,38953614
340903905,38963425
34p01n22,39104496
34p01n23,39104497
34p01n20,39104498
34p01n07,39104499
34p01n08,39104500
34p01n09,39104501
34p01n19,39104502
34p01n18,39104503
34p01n04,39104504
34p01n05,39104505
34p01n06,39104506
34p01n14,39104507
34p01n13,39104508
34p01n12,39104509
34p01n02,39104510
34p01n01,39104511
34p01n21,39104512
34p01n11,39104513
34p01n29,39104514
34p01n26,39104515
34p01n10,39104516
34p01n27,39104517
34p01n24,39104518
34p01n25,39104519
34p01n03,39104520
34p01n17,39104521
34p01n30,39104522
34p01n16,39104523
34p01n28,39104525
34p01n15,39104526
342548773,39105040
342438371,39158334
34pomukira,39187929
344579cb,39256552
344622aj,39256710
340336cr,39258425
348986209,39263550
343126678,39347439
343391827,39349088
342553724,39400832
34maesp,39408869
343371860,39420894
343370136,39420904
343342143,39420921
343275129,39420927
343275285,39420933
343301321,39421011
348227349,39421043
348872250,39424081
34_MENDOZA,39482313
349674242,39501557
342381340,39509816
342345709,39509991
343329785,39510090
343382461,39517048
343286449,39517060
343317400,39517110
343301776,39517120
343352415,39517126
343894689,39517212
34337421,39517221
344888052,39517240
343301768,39517274
343367421,39517394
343370482,39517485
343355772,39517487
343434635,39517661
34334346300,39518563
341120574,39519476
348886698,39526983
341048080,39543135
343256,39543353
341622793CS21,39544252
342887510,39555447
34redsoxcelticsguy,39557452
348363110,39561941
34redsoxcelticsgui,39585924
341124014,39586780
345Hannah,39597828
345446058,39607562
34vsk-artur2121,39609755
34vsk-apoznanskis,39609756
34vsknikita,39609761
34vsk_ajusa2,39609764
34vsk-Andrej,39609783
34vsk-Karolina,39609787
341062420,39614050
349585265,39614126
349585299,39614129
340359ICT,39622405
342992ICT,39622407
342993ICT,39622409
340150ICT,39622410
341848ICT,39622412
347682ICT,39622413
341163ICT,39622414
346403ICT,39622415
342629ICT,39622416
340946ICT,39622417
342795ICT,39622418
342794ICT,39622509
342943ICT,39622510
340151ICT,39622511
344899ICT,39622512
345885ICT,39622514
341823ICT,39622516
343909ICT,39622517
347997ICT,39622518
342989ICT,39622519
348852ICT,39622528
343406ICT,39622529
347996ICT,39622530
348014ICT,39622531
344762ICT,39622534
344898ICT,39622535
343897ICT,39622536
344955ICT,39622537
344117ICT,39622538
343914ICT,39622539
343871ICT,39622540
342811ICT,39622541
343868ICT,39622543
347749ICT,39622544
34_pardinez,39629356
34odiere,39643593
34damon,39643611
34louna,39643631
34hiba,39643655
34wissem,39643673
34aminata,39643695
34sankoun,39643715
34fatoumata,39643731
34lilia,39643764
34Hspare,39646525
342928439,39650809
342457676575,39672536
34karim,39679472
34idir,39679486
34adnane,39679494
34mahamadou,39679515
34annem,39679621
34dana,39679656
34maryam,39679670
34gwenaelle,39679683
341398618,39685337
3428_34,39695512
343294781,39698342
34_Boyan,39735022
348424953,39761321
343402,39767800
348605841,39769520
341093920,39769536
348894817,39769551
348619073,39769556
348625062,39769677
349919514,39769740
341050722,39769747
341044493,39769773
349771386,39769864
348619768,39769872
348624602,39769902
341442614,39791663
341612901jm,39791766
34vsk-katja,39811859
345543234,39817722
34awesome,39896973
345781694,39914220
341786747,39918960
342797958,39927428
342565926,39927439
343891,40007845
343322269,40038957
348992546,40047339
34y5ryrtye,40058427
340352ow,40068898
343702pv,40068901
342158nc,40068902
343741kp,40068907
340401cm,40068911
340772mh,40068912
340411wb,40068914
340044cf,40068915
340033pv,40068917
340094lt,40068920
340356mh,40068922
347982sd,40068923
340631bn,40068924
340265jr,40068927
340203gh,40068929
347987eo,40068931
340855aw,40068932
340378ww,40068933
340247lr,40068934
340428gv,40068936
342961jb,40068937
340747mr,40068944
340400kh,40068945
340806vp,40068947
343263cm,40068949
342794ah,40068950
347032jr,40068951
340615mm,40068952
340102en,40068953
348657ej,40068954
340103mf,40068955
341388pb,40068957
340080jg,40068959
340342kb,40068961
348277ss,40068964
342079aa,40068965
340215lb,40068970
349450,40080056
344052f,40088624
34jose34,40115255
348640301,40165871
348625492,40165876
349282731,40165893
348636853,40165894
348743741,40165907
348994203,40165911
348625443,40165921
349499871,40165946
349531335,40166050
349552083,40166056
349161323,40166175
345520647,40182477
348626177,40213242
34bgdemo,40215228
347722mc,40218214
343871927,40231214
340839,40236249
3497174688,40302998
3449087535,40365234
343274999,40367920
34303829,40373186
342916822,40476329
3432568635t,40480707
3432568635th,40480790
3432568635t5,40481747
349120758,40508015
342194,40509572
341443455,40513575
3484312734,40519584
344586,40522452
345477ew,40588715
340483320,40638105
34egtr7gvads,40674420
3428589955,40677565
343_1NDUSTR1ES,40690313
340082,40783871
345765622,40849063
348849413,40916514
34dogcat,40926874
349871991,40998147
343943544,41053445
344020201,41093415
347647,41205211
3401331,41207931
3401691,41207939
3401334,41208017
345l,41262571
349531334,41267881
349093039,41269961
34892,41287489
3401331GRA,41313572
3401412DS,41313760
343054052,41349619
343762886,41351958
343254157,41352181
342988573,41352463
349291575,41393877
34bluebasball,41404230
349836,41404592
341418861sd,41427740
341414514,41427952
34pandabaseball,41438296
345210,41535559
34BKatie1819,41545290
343270526,41556365
343260345,41556451
34yangzheng,41566889
345-NuriKadir-MKA,41570690
3496654712,41571892
348627761,41587328
34Andrew43,41617100
34366rob,41620120
34358mck,41620151
34bluewolf,41625715
3486758,41629715
3401412,41691529
343582wpp,41697271
3401412De,41733696
344735691,41856725
344796951,41856758
344810130,41856768
345758205,41856784
345827075,41856800
343790440,41856816
344030481,41856824
343952446,41856841
344771670,41856849
343922654,41856858
343851275,41856867
343762324,41856875
343836672,41856883
343936605,41856897
343765384,41856904
345524672,41856913
343732731,41856921
343831749,41856930
343790382,41856939
343931069,41856953
3445567,41857686
34nisa59,41917475
349974451,41968293
341101582,41990057
34V,42083174
34jassem,42157715
340410lb,42163082
345981sw,42163096
340149zk,42163109
343425st,42163110
341450cp,42163111
340379ab,42163115
345417bm,42163118
340249hp,42163119
340418oh,42163120
340590ek,42163121
340384cp,42163123
340405ig,42220540
340235ej,42222689
340383al,42222690
341190mr,42222694
340754ds,42222695
342455jv,42222696
340181gd,42222700
340158dp,42222701
340191ab,42222703
340257wj,42222704
340738ac,42222705
340061hb,42222706
344108do,42222707
346003jb,42222708
345805lm,42222709
345792jc,42222710
340086cd,42222711
340500ec,42222712
340451af,42222713
343444ve,42222718
342804kz,42222719
342800dw,42222720
34X,42386529
344796651,42403660
344705,42457597
343340063,42503316
341034882,42507973
34jake123,42764954
34u,42863292
344097f,42935119
342399607,43763848
34Owls6th,43767501
342800547,43859936
342848280,43859994
343322079,43859997
342827482,43860151
342893971,43860371
342821113,43861409
349687,43868996
34Naomi6A,43887165
341580447,43965875
3428939,44047120
343330338th,44080210
342893971n,44109945
345786495,44179315
343270526_alt,44214001
345786495678,44214513
344952528,44239149
343815445john,44239564
34505,44239606
343861076,44239726
345446470,44239729
34495252,44239755
340220CR,44247298
349744805,44248981
345786495565,44251789
34t6,44264468
346383,44286975
345300735,44303722
348437SB,44320575
340220,44324171
349110,44360754
3434443,44406127
34865,44412803
34jbarton,44455245
3457864956785647,44466522
342892148,44515682
349189514,44573019
345786495678346564,44633997
343701,44708989
3457864956i8,44716593
34232123,44727856
349049007,44750321
34578649567846ry,44755770
340284ka,44775518
34616498,44791884
344756531,44811305
343402749,44811333
348597063,44893774
349751602,44933789
34BRI0009,44995895
34SO-0001,45032490
34PAN0001,45032498
34GOL0001,45032508
34HAR0069,45032509
3413max,45074905
345786495ftry,45105973
342384963,45183126
34Curnow2019,45198058
343140927,45239371
34blockman,45397408
3499277286,45413349
3469hegu0,45415332
344867,45460077
346039,45460082
346631,45462939
3453panda,45541864
34BIGpopy,45548079
34chamillard1,45574340
34_boo,45587783
341343630,45977765
341598043,45977775
341781698,45977803
345rtyui,46095529
34_1A_ASM,46116966
34AAbigail,46277472
34AKayla,46277473
34ANate,46277474
34AOwen,46277475
34AOliver,46277476
34ASaxon,46277477
34AGriffin,46277478
34AMax,46277479
34AEva2,46277480
34AEvie,46277481
34AAmaya,46277482
34ARosie,46277483
34ABella,46277484
34ACooper,46277485
34AFletcher,46277486
34ATessa,46277487
34ALucy,46277488
34ALouis,46277489
34ACorey,46278336
34ACorey2,46278950
34ACorey3,46278997
34591067345,46319070
344627dx,46460476
34akinggamercat,46522442
349559492,47020988
34jojo1234,47701680
34543234,48146076
3402jc,49508298
34cm28,49651096
34tong,49811076
34tong1,49811173
347QQ33,49938231
34Dolphin3,49950562
34names,50039973
34nicans,50040398
34kittycat34,50070928
34Aiman,50122195
342680eb,50148750
342217ef,50148751
345311cl,50148752
342238bf,50148753
342323bm,50148754
342451cc,50148755
342328lp,50148763
342699bw,50148765
342681jr,50148766
345624rs,50148767
342522rs,50148770
341168cr,50148772
345256rw,50148773
342446ip,50148853
343671ek,50148854
345943lw,50148855
342362cn,50148857
342617cn,50148858
343061ch,50148997
342930ol,50148998
342696jn,50148999
342234hs,50149001
345545me,50149002
345141mh,50149004
342687dd,50149006
342376to,50149007
343392jb,50206105
3459hp,50235059
343670ak,50320041
344454,50338223
3419003,50345226
3401962val4,50419554
340389ta,50442250
3419002,50469341
3403105,50526461
342876ar,50572768
341282,50584757
346187cs,50606150
340535da,50606206
340224rk,50608491
340200ia,50608503
340613ls,50608640
343375wgbwilly,50611385
34kbps,50648405
34JC19,50653727
343998332,50819778
3427jc,50881761
3457jc,50883006
3476jc,50883012
3458jc,50883013
345391825bi,50923881
3432leo,50937986
3489895991,50961907
34doglover,50977054
344831953b,51024886
3436473y46374637,51093743
34673467,51104851
341757078,51116292
341776227,51116333
341783835,51116363
344889db,51274982
345566,51275000
343286241,51322314
344shacald,51369282
346471,51490270
347840,51490432
345085,51490515
347229,51490583
349063,51490654
345034,51490757
342509,51490794
346187,51490852
349948,51491193
349995,51617992
348905Tanner,51618030
3403cs7,51647512
3403cs6,51647513
3403cs5,51647514
3403cs4,51647515
3403cs3,51647516
3403cs2,51647517
3403cs1,51647518
3403cs9,51647519
3403cs8,51647520
3403cs26,51647521
3403cs27,51647522
3403cs24,51647523
3403cs25,51647524
3403cs22,51647525
3403cs23,51647526
3403cs14,51647527
3403cs19,51647528
3403cs18,51647529
3403cs28,51647531
3403cs29,51647532
3403cs13,51647533
3403cs17,51647537
3403cs16,51647538
3403cs20,51647539
3403cs21,51647540
34muffy,51688244
342756cr,51896343
343274nf,51896354
345231ke,51982758
342273lh,51982784
342301sc,51982847
343811584,51984123
343888012,51984170
345273205,51984357
343837795,51984458
343944385,51984475
343846226,51984498
348313214,51984514
343923157,51984663
348809054,51984821
343849550,51984831
344850367,51984849
348278359,51984867
345310oc,52023576
342525lc,52023629
342459mb,52023676
342292kk,52023748
347774lw,52023759
342766sw,52023772
345412bj,52023789
342276hk,52023816
342436lp,52023869
3486649418,52032732
3437197134,52032802
342620sd,52035484
348082sm,52035495
345310co,52038477
343319786,52070768
344733233,52070871
349053157,52096001
341787778,52320048
341798601gt,52320161
341798601brhisreason,52320218
341794113,52380137
341794113Adam,52380717
349274753,52384984
343933eo,52418659
341416717,52458608
341407138,52458636
345664460,52513384
343271342,52513799
342750ew,52538865
347942,52601341
344824081,52661591
348886649,52662538
343754651,52706662
348636101,52709293
3443345,52753812
34America,52802785
34793720370,52826818
343425765,53024415
343366290,53059597
3455555,53083652
34555555,53120543
343370417,53124861
343349197,53279084
343328910,53286347
343329017,53291401
343366209,53291958
343328456,53329379
344955893,53329398
3433491977,53329431
343366118,53329490
345regt,53356817
341145340,53360368
34980-JE,53395058
34lanesfieldy6,53415930
343391215,53434869
343305,53460034
34333lem,53479871
348797275,53536761
344025,53591671
344387,53599479
3434343434343434hytg,53667067
340916,53681013
347080,53698016
34726822,53698024
347105,53698025
346927,53698026
3468131,53698027
34240413,53698030
34726,53698035
3474411,53698426
34681301,53698453
3473554,53698475
34690388,53698488
3424041313,53698496
3468130101,53698638
346845,53699398
34690308,53706549
34735504,53710798
34758405,53711355
347021,53711393
3417969144v,53711395
3438861072019,53943836
348832494,54041798
343453064,54049194
344017645,54049545
343343380,54050235
343445805,54099594
343405452,54130156
343459186,54130397
343402988,54130742
344027693,54130969
344075650,54131359
344902077,54181794
343565651,54182280
344820816,54193388
3473graysonh,54199601
3467sophiabl,54199731
343498226,54203577
348820119,54204535
349032995,54216780
341576510,54248230
341721454,54289989
343792636,54312625
340544tf,54381501
343532ab,54405620
342511mo,54405646
342480ma,54405659
342346ns,54405668
343063rf,54405678
342208cm,54405683
342268tg,54405702
342715bw,54405713
345130jd,54405720
341203fh,54405734
342623lw,54405739
343831za,54405753
342597fm,54405758
343098lc,54405765
342363lb,54405791
342545mg,54405868
342560ea,54405889
342219lw,54405916
345249ns,54405936
347950am,54406077
343118ah,54406086
345923cs,54406093
348704ma,54406103
345794sg,54406116
344am,54422675
349230532,54552696
34_First_Street,54576425
3471537,55166945
346990,55167170
348626920,55235477
348596297,55237872
348843590,55238414
343434452,55250992
3406hudson,55296884
343465175,55344747
34567890-09876543,55392582
345427as,55587474
343524849,55593482
343364204,55593490
343522892,55593685
343622825,55593733
343557393,55594090
343705075,55600688
341602274,55641651
349835blj,55655108
3403132NaldelinR,55657551
341616043,55727671
349726364,55729504
340837gg,55768160
348666470,55773503
347795sv,55831229
343343935,55927230
3495729461,55945257
343778312,55978853
343698510,56008297
348584236,56075513
344767371,56092799
345197958,56092810
34456733,56140360
345359012,56172092
344726997,56172176
34fox,56186317
34805wj,56228547
345084165,56410301
345glu,56563241
34royal2019,56572012
345Js,56657727
34for,56665731
348597105_,56667499
34782light,56721105
34940light,56721189
34080light,56722053
34790light,56722496
34854light,56722599
34dolphin16,56779627
346goksu,56817327
34866lightsouth,56845146
34761Lightsouth,56845211
34879757275,56851309
34_lil_nohair,56851622
348727,56852001
344796198,56858186
3414smd,56864200
3435smd,56864206
34995mg,56898876
34567uiojhgfd101,56913167
34emily,56965113
344173141,57009903
343_Guilty-Spark,57144240
3440banana,57207055
34stanne4,57443105
341723AQ,57600875
341715AR,57600940
341596NB,57600953
341710JG,57601087
341596GU,57601120
341608RS,57601169
341611DK,57602990
341786PD,57603121
3417100JG,57603185
341744SM,57603228
341786FD,57608366
341422JT,57608367
341448SD,57608376
34151JZ,57608391
341417LB,57608416
341443DU,57608432
341428AN,57608453
341395ANN,57608458
341692IL,57608486
341434JA,57608580
341405JS,57608619
3414280AN,57608634
341398kk,57608688
341422JD,57608879
34232d,57647711
345qwe,57664149
3401674,57671969
345amorr,57733687
346871,57770879
34783676,57805363
343198883,57807304
342650AB,57981671
342912LL,57981767
342232PK,57981804
342535ZH,57981955
342626AB,57982030
345150CH,57982458
345288KT,57982500
342429AC,57982585
342894AC,57983017
342882AB,57983044
342443LL,57985553
343123HW,57985601
342809IO,57985636
342854NM,57985655
341275HF,57986831
342420AC,57996573
342263TV,58084825
348986191,58119231
34K2020,58126186
34_Emilio,58203301
34r-2020,58408860
3456fsfhgdf,58746001
348385592,58802989
3420nina,58941276
34567890o6777777,58965038
345969,58996208
346069,59005723
34rbeast,59012215
343904496,59132749
3456RA,59173974
3456PG,59174004
349605477,59179363
349410324,59240720
343416442,59338935
349888289,59419529
343621835,59516348
348837535,59561529
342796893,59615357
343273207,59618082
3456yt,59637993
3424761893,59671785
349339374-TEST,59723823
34BOBbe45,59843235
34BOBtnf,59852842
34528266363dysdyct,59868901
34BOBTNFTF,59883412
3455meme3455,59918997
348779760,59933627
34BOBAMK,59939026
34BOBMD,59939027
34BOBTH2020,59941878
34BOBME,59982127
348831603,60089938
344856844,60096847
342761,60129078
345387948,60145752
343811477,60222480
345yhbv,60289138
34345454545,60294389
3443455566565,60294405
343443344334343,60294490
34434454554,60294524
3455656,60294554
344444_-,60294602
344005590,60303934
343936522,60361464
3470910931,60425756
3456th,60560718
346512,60744724
34Yen34,60770252
344759311,60796715
34567891011jh77,60848740
345969_tutor,60851659
349395806,60865894
343896494,60899393
34394_phil,61045582
34aluScratch_CPR,61113496
34Horse123,61116251
3435545,61157617
3444545,61157633
343434534,61157664
341LittleMissWolfy,61192601
34545432,61247938
3456r5456775434,61268262
3499NimbusCloud,61314850
3456Marlie,61354414
34ifo,61376369
343409850,61404441
349230,61441255
3456789r7,61449787
343906301,61531238
34t7ygrh,61765653
349609917,62007912
34n,62094750
346926,62263021
34Jcats34,62270225
346286,62323972
346925,62343934
342612,62457483
347109,62590291
3456bed,62740825
34dogloverrp,62762010
343768511,62785778
345Alice,62825464
34015551,62883934
34020862,62892727
3465735,62931657
34WP,62935870
348991506,62947582
342754,63137306
346513,63148169
34334hunter3434,63183557
34PES2026,63302117
342392339,63479470
342860152,63479481
345088918,63479483
340955871,63479563
3400cg,63535712
344700AD,63546414
344701LD,63546428
344822SH,63546452
344591GS,63546476
345929MW,63546499
344927AT,63546525
342397EM,63546536
344639GM,63546652
345566KM,63546749
345036SB,63546827
345250AE,63551353
344468LB,63551371
344902SH,63551379
344869JI,63551428
344981KN,63551453
344593CC,63551466
344678ES,63551516
344472EG,63551560
347947GB,63551574
345342KB,63551587
348456ID,63551627
343742MH,63551646
345184MM,63551668
3452zy,63588968
34henry,63672720
340129,63683752
34rykatsinha,63862781
344074729g,63876828
343768867g,63876841
343750691g,63876852
345391825g,63876872
343796355g,63876894
343869533g,63876902
343869426g,63876934
343750725g,63876950
343750733g,63876978
344106018g,63877002
344105929g,63877021
343917480g,63877038
343977146g,63877051
343761995g,63877068
343747739g,63877086
345343,63927975
349230151,63940914
348816091,63940938
349888537,63941114
341144848,63950820
349193201,63966115
344jojo1,64028477
345140685,64034289
349216804,64168765
341123107,64169540
349278242,64171521
34-WC,64250158
34I,64251655
3489896118,64289552
349151423,64339646
349411769,64355150
345ece345,64375470
348978461,64408827
348mehmetayaz,64409852
34TSHI0006,64472887
348986118,64502738
34Tio,64504109
343847752,64569533
349208066,64594054
346643,64638342
34534535345,64643776
349663658,64648770
348568809,64675973
3467532,64680006
343302774,64685416
343434777,64705989
348414772,64784593
349461624,64788376
349045278a,64805281
3463475okiuyg,64818380
343963161,64917709
34567899876543,64936058
349888784CODE,65000856
342914272,65089185
349334326,65113393
34dfdavid,65166841
349098574,65223024
349396846,65223428
345179691,65288815
341529pie,65314044
340ahca9485s4,65379448
341zeni1227s4,65379462
342fire5075s4,65379470
341464LM,65408654
344861NS,65408681
342738JS,65408718
345835AK,65408730
346173WK,65408743
346260GR,65408756
345448OM,65408762
344581OR,65408801
344865NE,65408815
344878DS,65408832
341673EE,65408857
345025MB,65408873
347561BB,65408955
344726JR,65408975
344509EC,65409064
344612RS,65409082
344961CM,65409094
345055MB,65409106
345204OD,65409114
348199JG,65409123
348904DK,65409133
345091BE,65409172
344853EM,65409182
344510EH,65409285
344584AZ,65409300
344585GZ,65409312
345073AL,65409324
345107BA,65409341
347598XD,65409364
344531EA,65409390
345209LA,65409400
342333FR,65409531
344847OQ,65409543
348814AM,65409556
345254EJ,65409644
343877247,65409695
342836PC,65409830
342325JL,65410181
342884RH,65410248
343482AD,65410255
349002OE,65410264
342340965,65415386
3447544,65420074
344882,65420370
349208066lol,65440296
349323543,65481675
348631441Geo,65523811
3471012,65554204
344795497Le,65554770
345345345Sa,65554858
34CLONE,65655358
349188664,65664495
348841933,65672523
345-the-savage,65741818
3433432334,65749066
34Bdog,65758387
34dhjuy6,65811262
34ryka,65825332
345redfox,65831221
344345,65900641
346050748,65920471
348725854,65920659
3418919819199,65970531
349032144,65976175
346050743jdejhqkjak,65978438
34567876676t,65978697
3475385,66003764
34RD,66079907
34kerem37,66154406
349027946,66181211
34575565545,66220435
342761_Test,66235133
347543475434754,66348259
348876269,66350565
34-BLINK,66380344
348603549,66418052
3487332663,66485986
348636788,66492387
34z,66614159
345345444,66708427
34orange826,66775645
345yellow,66822016
3456Existsnot,66850412
344153374,66883955
344958897-st,66884025
343884078,66884034
344173158,66884080
343778155,66884181
340006_D,66887962
348149,66897059
3423141a,66927894
345Catlover,66971909
345rugirjkthhd,66976013
3420001,67035601
3408F,67105878
344692991,67149450
345345362q,67149939
341009,67179208
349342345,67763751
349462978,67805350
348437,67808622
34564688,67820181
349201897,67825137
345226963,67891592
34koc,67899854
345re5rrrrr,67935759
349564955,67946631
349399204,67958174
3457Existsnot,67960301
34kos,67965275
3458TimePwh,68009645
34383764,68010273
343303327,68055644
34930459,68055890
346GuineaPig,68083819
34Cloud34,68124945
348445,68142808
349093575,68146572
34456fhddafhuv,68185266
34kind146,68325580
344694104,68390888
34152germanshepherd,68437334
3461966142,68446790
3494623945,68447002
34352dnsn,68476612
34sg,68590088
34________l_____12,68599836
349231514,68664533
3454286,68673227
343928123,68740735
343954053,68741991
344030507,68742075
348910738,68742190
348854936,68742305
347865,68742791
34214373488392,68789870
349626929,68867252
34678cat,68891297
3423423423S,68935095
344153705,68945366
344644,68988478
34YYMonkey,69002896
343275905,69066879
349302745,69128716
343057220me,69144726
34r54erickrules,69152574
348887332,69156708
342567901,69159149
349457655,69282872
345345324,69287704
3445567_FullAnime,69371978
34MK12,69398064
349631127,69456880
3444444444444444444,69456919
34567654323456,69490221
34-coder,69496741
343734315,69551049
349567172,69585577
349618892,69588216
34supersane3265,69596752
348793688,69602396
340168,69612168
349024562,69631371
349248674,69636211
349036749,69636242
348992009,69636284
349990820,69637848
3457810,69644010
349702365,69646595
348769753,69647025
346758673,69647482
34567897,69647754
343649NN,69660349
344471AL,69660522
341421AW,69660569
342143AR,69660588
344583AM,69660600
345085BW,69660613
342144BH,69660630
344507BC,69660657
344738CA,69660677
344498GG,69660702
344530JB,69660934
344600LP,69661222
345198LS,69661313
345551LR,69661357
345704761,69661898
341574MM,69661910
345082226,69662311
349788PL,69705001
344862DM,69705405
344598ED,69705432
344490HG,69705450
345649NF,69705506
344654NS,69705525
347519NA,69705546
347278PS,69705573
344722VS,69705588
343152AO,69705615
342994DM,69705699
345202KD,69705720
345693MB,69705749
344577RT,69705786
344965SA,69705808
344651NS,69713685
344551LR,69713822
343841920a,69726155
345unicorn,69736995
34WA,69743502
348c,69753341
348817115,69764769
340hernandez,69764956
340spina,69764959
340rodriguez,69764960
340eugene,69764962
340ortiz,69764963
340darcyg7,69764965
349371161nl,69772888
3467586,69777050
349443820,69789458
34944382007,69824066
340945152,69838452
349383125,69840744
345969_and_friends,69892639
349411132,69966926
3489dino,70025966
3489pliofukie,70026482
347226,70028407
34011,70034182
343813853,70037406
345minecraft,70038834
346658,70114267
3445673,70132071
344991RL,70167619
343653,70173640
348983669,70181210
34scratchb20,70184280
34d9out43809tu,70287835
349207472,70343956
349383562,70344018
348992173,70344095
348993296,70344109
349936070,70344120
349731315,70344275
349455980,70347738
34952343,70348019
345mariacool,70412198
349100677,70427468
3420416,70480300
342567901455778564,70497194
34344444444444444,70508171
349499,70554157
345555567677,70570871
3439043o,70587966
349837096,70592926
34sib3,70594225
349972869,70646278
34puma,70658752
34_,70690732
3491a,70701542
34jj8,70749647
348831603_test,70757129
343e,70786214
348785452,70822289
342342234,70823377
342355234,70823815
3445hgn,70831385
349374488,70832759
349884767,70832936
349460709,70833714
340BlueDoG340,70837076
34675867,70841622
3492a,70856814
342361234123,70883544
3449460709,70901110
348675661,70988164
340chris,70989205
345949275,71039323
341067460,71044245
3426372,71083561
34misy,71101343
349989566,71257296
342561,71315989
341513,71356340
344044219,71366393
349972885,71374886
347763427624,71390995
349090282,71435426
34689hae,71441410
349032524,71447651
349261784,71574374
34Frog1234,71575546
349695346,71597513
349109025,71724932
348584236-Alt,71755507
348963257,71781688
347234MW,71786076
349420224,71847869
349456789,71869028
349961326,71916718
34Haxia34,71926400
349334326_2,72306577
345586,72332539
345412183,72333023
3464654,72346156
3456812,72410184
345jacob,72417119
3477215020,72500365
3453s,72524874
34579872,72654710
343scratch,72757028
34Student1,72946714
34Student2,72946730
34Student3,72946810
34Student4,72946816
34Student5,72946820
34Student6,72946823
34Student7,72946828
34Student8,72946834
34Student9,72946838
34Student10,72946846
34Student11,72946852
34Student12,72946861
34Student13,72946867
34Student14,72946873
34Student15,72946879
34Student16,72946885
34Student17,72946889
34Student18,72946894
34Student19,72946902
34Student20,72946909
34Student21,72946934
34Student22,72946944
34905202777,72997568
34651734,73061152
348798521,73091206
345zainab,73153568
34Xx_ByVinue_xX,73273316
343969127AM,73280901
349235036,73462337
349260521,73514140
345oeanut,73542532
34345454,73631716
343459236,73652008
349477000,73699411
341Student22,74367489
342Animations,74411553
343747614,74474724
34Luckiedog,74600451
347225,74693064
348balkaya,74731125
34LeoLion4E,74757171
349935296,74833080
34-msan,74892790
346coolkid,74971506
34siv5,75056666
347_busramelek,75103308
344_YagmurKuscu,75107911
34ervanil,75109278
34ervasen,75129348
3434344343443433,75136348
340bussi,75414511
34-SY2021CUR203,75436852
34erva34,75484837
344526668,75808977
345019KK,75973671
343782,76002872
345julia,76052970
34erva34_,76179489
34erva34-,76182294
34erva_34,76191666
344168125,76208606
3414shams,76359973
3499554,76405102
340572zaiba,76414618
343947230,76445935
343733739,76457279
3412will,76480048
348207804,76535797
345berrakyeng,76588467
34xclusive_Liyah,76886747
34princess34,76886999
3410travis,76923145
34ALL_LOL,76954174
346511,76962263
343346,76987036
346_MelekIbragymova,77014426
34Sanguino,77404877
342inym1852s5,77422619
340knan1466s5,77422620
341fuso8004s5,77422628
3433yello,77625799
346098494,77635626
34Emek52,77815811
349373126,77842114
3472smdingley,77894139
3477smdingley,77894142
3452smdingley,77894144
3488smdingley,77894146
3442smdingley,77894147
3467smdingley,77894148
3475smdingley,77894149
3447smdingley,77894150
3446smdingley,77894151
3478smdingley,77894152
3445smdingley,77894153
3450smdingley,77894154
3451smdingley,77894155
3443smdingley,77894156
3483smdingley,77894157
3469smdingley,77894158
3484smdingley,77894199
3474smdingley,77894200
3491smdingley,77894206
3489smdingley,77894207
3466smdingley,77894208
3458smdingley,77894209
3482smdingley,77894210
3441smdingley,77894211
3462smdingley,77894212
3460smdingley,77894213
3464smdingley,77894214
3497smdingley,77894218
3498smdingley,77894249
3411smdingley,77894250
3496smdingley,77894251
3444smdingley,77894253
3440smdingley,77894254
3457smdingley,77894255
3495smdingley,77894258
3448smdingley,77894260
3455smdingley,77894261
3459smdingley,77894262
3470smdingley,77894263
3490smdingley,77894266
3485smdingley,77894269
3403smdingley,77894293
3415smdingley,77894294
3412smdingley,77894295
3421smdingley,77894300
3410smdingley,77894301
3408smdingley,77894304
3401smdingley,77894307
3417smdingley,77894308
3435smdingley,77894334
3406smdingley,77894335
3423smdingley,77894336
3414smdingley,77894337
3407smdingley,77894344
3409smdingley,77894345
3416smdingley,77894350
345678jhgfds,77941393
342806359662346,77965979
341778132,77997841
34656468u,78139928
349467365,78290899
34kakeru34,78391472
346510,78422298
340112,78518983
349757054,78528673
345610lovet,78539803
34sea5,78591678
3462875q5q4q,78672037
345082226altacount,78677822
349479568,78707775
349031211,78894777
345uknm,79151242
34123h12,79223940
34883,79431866
34rictusempra73,79510353
34543435,79627199
345_,79733225
343222222,79780756
3455612,79782566
346084,80018624
342752WCS,80018654
3473591,80076744
344559raj,80106806
346377Cec,80108882
340588cha,80109014
345919LEW,80114541
346423tho,80114576
344528Fin,80138404
344528can,80221290
345gracen,80309531
34-Hour3,80310586
34-Hour4,80310680
34-Hour6,80310807
34nice,80356572
34017005,80526026
341FRU,80655111
34Formula12,80771540
3452JD777,80868216
3478red,80878076
3474747545427973,81061730
34235363,81203093
34racer,81443234
345blue567,81459745
34clw,81476910
345447,81514113
345black209,81534010
342JL0702,81587137
3429699266,81620915
3448cats,81621479
3489Bobcat,81750553
3456richa,81789503
34MrEndLT,81833170
345134092,81881973
345129944,81972661
3456899,82197727
342542,82246914
349084947,82410551
3420MG,82644302
3420NM,82644303
3420KW,82644304
3420MO,82644305
3420MM,82644306
3420ES,82644307
3420SR,82644308
3420HD,82644309
3420EF,82644310
3420MAP,82644311
3420MEP,82644312
3420EG,82644313
3420SF,82644314
3420RT,82644315
3420KH,82644316
3420QL,82644317
3420AC,82644318
3420AA,82644319
3420XS,82644320
3420AL,82644321
3420MK,82644322
3420AV,82644323
3420SW,82644324
3415JM,82645059
340746898,82692086
345ruby,82782076
3455671,82866048
34334578,82906678
345327308,83194632
34rapids,83267449
342536222,83297911
345107437,83418411
342818_kitty,83699524
346287462383726,83747733
345lior,83811211
343441667176726,83864380
34ducks,84109464
34HalilScratch52,84298398
345e5,84335630
3455667,84420759
34689729,84441809
34gnihtemoSnoitautiS,84603222
34223,84643753
349207738,84644432
34TheOneAndONLY456,84670248
348072,84676340
349073,84676389
346796,84676540
349576,84676644
349369M,84676732
349989,84677397
346677NG,84677475
34132etrtertr1224,84734556
346789MZ,84780142
349036,84780411
3487smdingley,84790601
349666636,84910106
34Noah,84942800
34907,84943961
34triplebaka,84994873
349964182,85088217
345189799,85103071
345gtford,85148884
349035,85249506
34-panda-nt,85271838
34-panda-yb,85271843
34-panda-ss,85271845
34-panda-ge,85271852
34-panda-ei,85271854
34-panda-os,85271861
345780976,85332457
343cvg,85423702
348819772,85491718
349540310,85494044
3497jc,85523615
342538667,85649949
347077ET,85652774
349861TG,85654395
347124LK,85727405
346854EM,85727442
349883496,85815080
346808FS,85824852
346988KB,85824962
347446JJ,85825071
347190SP,85825140
34674g,85911146
347033,85980606
349033,85982750
349825570,86088439
34387943333,86099256
346512tyannneru,86177183
34WitchCraft_Guy,86375799
344852090,86529051
344846688,86529078
344847629,86529480
344161872,86543956
3434987,86563575
344848577,86611685
34216179204,86665591
349-_-3490,86674143
34RTZ,86720344
345mg32,86773657
348995945,86864615
344845169,86865833
349195503,86867791
349193755,86867817
349222307,86868000
349205518,86868243
346078892,86874822
349031,86882306
346b,86890453
3492222307,86928430
34aew,86932401
343Guilty_Spark,87022044
345M,87037680
343840195,87039010
3490312,87046927
3490319,87113603
34PPAP,87143203
34CoylePV,87169349
349457556yrdsb,87178501
34567HK,87259884
349035998,87312396
34006smcdsbonca,87362166
349671727,87368804
349633735,87489370
34gomo32,87641116
341010,87641792
34pizzahcs,87948495
34242934,88012710
345055242,88023297
3425306atscratch,88064560
349661660,88067708
346978CB,88075592
347244MY,88075665
347198RC,88075712
347099KH,88075854
34hhby7,88258521
348313766,88302289
345125512blast,88310181
34r211234rdesq,88338084
343919494,88409604
342tfdsrhf,88423920
344170808,88503026
34t43c34v3w,88633008
34clawedfrog,88642257
3445birthdaycake,88646105
343369252,88714327
34216437,88935311
34871666,89019430
3458656,89081083
349834,89111267
34aGhWc5RQMNyhAh,89156988
34happy12,89195321
34661,89414830
34267es,89498475
34BurgundyCoder,89635954
349913343,89641821
34Turnips,89762897
345741508,89779203
34567698760,89786755
344884614,89832717
34getonthedancefloor,89903085
349409763,89960240
349201897ISKEVIN,90044734
345217,90069280
349201897_IS_KEVIN,90127587
349392050,90129279
34Ashley,90152198
349267286,90296324
344579hi,90372825
343344263,90388608
346001555,90389048
343434dhfh,90528018
343GuiltySpark117,90606770
34TMSGolt,90759645
3467cool,90862870
34smaya,90928234
342432423,91139917
345666309,91215089
34UniPark,91233350
3435667898,91234566
349481513,91289174
34234234122,91318567
342342324,91332347
345678999999,91400851
34jimmy,91434400
34036WillD,91683057
34cooldude34,91890662
34p6b,91900991
349158907,91944430
34r211234rdesqg,91980265
3456766666666,92052399
3461Reeses,92120714
34proayaz,92207616
3476234,92366353
34662,92607527
345blogclass,92626925
342536222_alt,92683582
34-MAICON,92691208
346t5friugiuhhu4g5,92930946
349001776,92996323
349290874,92996594
349737890,93016906
344857628,93208668
34rt5wzeb6u,93271195
345watson,93309148
345Coco_Cola,93314731
346214cy,93521220
3432aart,93531285
34411,93585833
34scratcher,93619748
3418lindsay,93772073
3417lindsay,93772076
349307009,93928395
34Rockett,93976015
348821687,94096613
349440453,94117529
3420SY,94159081
3420MA,94159393
348599887,94159690
34234234334,94196812
346534643436346,94199875
34359738368,94221720
34Mert2013,94264081
34-anajulia,94433145
343744793578536,94442324
343434343443434325,94496138
34tigerlily,94604873
34222001,94607721
349535831,94879626
34678743,94939597
34A-21,95059047
343sDeDu,95063172
34Jp34,95124889
3420AMC,95266484
34izzy,95558656
34726374,95612944
3456778fire,95770824
3456p,95867897
34CScratch10,95882463
34928,95892880
34PIZZA34,96036686
342536222_goals,96081798
349027128,96201046
34MrEndLT2,96339181
343267613,96561627
349512939,96840137
342345353433,97020770
349685685,97215114
3430222265,97272115
349954107,97314372
348633918,97314384
349127837,97314433
349993105,97314500
348632969,97314538
348699273_88,97316167
348699273_8,97316257
34567345678,97334953
34eray44,97350744
342536222_rates,97358979
348424375,97400879
345663,97438699
349755447,97665646
34_Kira,97734367
3458notinthisspace,97767289
3423940325,97801725
3444444444444478,97892399
345Cash,98042963
3478987654345654321,98063649
34kazu,98433144
349909820LH,98574524
34Ttiger,98720021
34Tpanda,98720029
34Tkitty,98720081
34Tdog,98720085
34Telephant,98720088
34Tpantha,98720091
34Tbug,98720095
34Tcow,98720109
34Thorse,98720112
34Tmonkey,98720116
34Tkoala,98720118
34Tlion,98720121
34Tkangaroo,98720122
34Tseal,98720127
34Tdolphin,98720129
34Twombat,98720131
34Tchicken,98720133
34Tbilby,98720134
34Tgiraffe,98720135
34Tbird,98720137
34Thamster,98720139
34Tladybug,98720142
34Tbaboon,98720145
34Tcat,98720147
34Gpineapple,98721197
34Gstrawberry,98728106
34Gdragonfruit,98728143
34Gtomato,98728179
34Blettuce,98728340
34Bcarrot,98728344
34Bcorn,98728349
34Bcapsicum,98728373
34Bbroccoli,98728393
34Bonion,98728399
34Bspinach,98728400
34Bcabbage,98728405
34Bcauliflower,98728411
34Bpotato,98728418
34Byam,98728424
34Bcelery,98728428
34Bshallot,98728432
34Bzucchini,98728440
34Bbeets,98728443
34Bartichoke,98728449
34Bedamame,98728453
34Beggplant,98728458
34Bfennel,98728462
34Bkale,98728470
34Bpepper,98728478
34Bradish,98728481
34Bpeas,98728488
34Bsquash,98728495
34Kpink,98728589
34Krose,98728597
34Kpurple,98728604
34Klilac,98728613
34Kyellow,98728616
34Kblue,98728617
34Kviolet,98728620
34Knavy,98728624
34Kgrey,98728627
34Korange,98728629
34Kgreen,98728633
34Klime,98728636
34Kaqua,98728639
34Kbrown,98728643
34Kred,98728645
34Kwhite,98728651
34Kblack,98728655
34Kolive,98728658
34Kmagenta,98728661
34Kmustard,98728665
34Kcoral,98728666
34Kcyan,98728668
34_505622,98828411
34FTT,98843339
3482ryta,99029833
34kflowers,99045845
340gillyweed,99164241
341gillyweed,99164273
342gillyweed,99164279
34181413,99243684
34092419,99243695
345123345123,99292076
349856823,99305182
34-5th_Hour_2022F,99322250
3443e3,99403176
3443e3twnyw,99453840
34ydw333eegheuygefb,99733104
342342342hvh,99858804
343hfjwhffdh,99860378
343hfjwhffdh4,99984062
34fourr,100154684
34Banimal,100174695
34567o,100482414
345976543,100647815
34567883,100660897
34beast56,100836297
342inym7635s6,100900479
340knan4653s6,100900481
341fuso4397s6,100900492
343evample,100947291
349956078,100956069
345arora,101056074
34-uenoue,101068616
345FHT,101134619
34rdjj,101149948
345wercs,101162092
34567t,101339195
345694939,101387157
34bear34,101461865
3485783,101474039
34340913,101557715
345845473,101630359
345454456,101661651
34151bces,101717640
34145bces,101784892
34Klemon,101831575
34Kfushia,101831584
34Kgold,101831590
3479turtle2,101931628
34scalibag42582,101994302
342YTR,101995705
342food,102134685
343a01,102250442
34goan33,102338504
34perez,102390912
343a13,102398177
343338208,102651355
344824073,102653759
345585038,102793290
345664577,102793306
348176587,102793345
349264372,102793378
345610323,102793394
345971402,102793410
345740591,102793437
348418443,102793513
345684971,102793530
345335111,102793553
345174429,102793576
349696526,102793600
345259345,102793620
345192561,102793636
349953802,102793664
345359855,102793704
345146815,102793723
345105159,102793742
345249353,102793761
345251110,102793786
345438139,102793831
345254148,102793864
348287087,102793898
34479495,102794417
348903535cdf,102794490
343797536,102803149
343346342,102803160
343340451,102803253
34creatorerror,102817237
34763lat,102917207
343277216,102922479
343296760,102922607
343267720,102930347
343348983,102989235
3476lat,102996829
345t643ertywerthj,103158153
349041384,103164337
343501052_,103170290
343270203xAlec,103170387
3426021,103245119
34kanarya,103270490
34ninja,103440580
343491981,103455202
344is2223,103600317
348is2223,103600320
349is2223,103600323
341is2223,103600324
345is2223,103600330
342is2223,103600332
340is2223,103600337
343is2223,103600345
347is2223,103600351
346is2223,103600362
34234SE,103668165
34324234,103837523
34Lcn016,103877450
342642,104027177
349056465,104387864
342631cvusdco,104394416
346116726,104415892
345355101,104415903
345173819,104415913
345316731,104415924
345406078,104415936
345332589,104415957
345181473,104415968
345417315,104415984
345124788,104415989
345263313,104416003
345361331,104416023
345158463,104416057
345127419,104416070
345261986,104416080
345292817,104416091
345304521,104416128
345249783,104416135
349259885,104416147
345286322,104416159
349731074,104416172
345250682,104416180
345598288,104416188
345200083,104416204
345332522,104416230
345250427,104416240
341499,104428691
345141873,104471704
34pandajb,104483202
34pandaeg,104483207
34pandaum,104483212
34wssgbdc_,104586637
345rustYCheese12,104595815
349694372,104934987
345000083,104976925
341159gus,105177322
349panther,105228479
340221ceh,105238320
34minatomakaron,105419964
342631,105502226
344798194,105537390
34UPSmith,105563166
345681019,105871065
346526,105882997
349988,105999290
349748343,105999344
34dolphin,106008212
34ANONIMOUSSSS,106066703
34ANONIMUMMM,106067447
349212084gu,106085130
3418dog,106086950
3499887,106223861
343406955,106302261
343791315,106304410
34cults,106408289
3410ee,106418438
34561567,106582775
348996158,106827042
345973002,106916207
34ut98wnet,107362464
343815676,107370710
343725024,107370712
343736815,107370719
343740726,107370722
34395164,107370730
344022496,107370731
343730560,107370734
343832267,107370735
343739231,107370738
343874822,107370759
343739488,107370773
343838231,107370787
343815866,107370805
344799341,107370904
343904074,107370957
34372871,107372598
343828802,107451532
34u3823d,107504218
349781,107530201
349448,107530216
347116,107530219
349561,107530240
3456jddd,107586345
348543943,107587702
348381302,107587737
346042757,107587754
348210287,107587769
348984741,107587792
348209347,107587818
345910467,107587831
348236605,107587852
346121799,107587869
348762337,107587890
348270125,107587906
349259992,107587958
348396227,107587983
346115321,107587995
348254111,107588010
346055577,107588024
349696666,107588039
348202854,107588054
348835539,107588068
34h5k5,107590988
3456the,107689377
343809240,107760959
343982831,107780839
344833900,107780963
343853917,107830574
343947792ayaaa,107835034
345417406,107853439
345351704,107853515
345198402,107853523
345355051,107853525
345129811,107853530
345148464,107853645
34878242,107860421
349251165,107911201
34065388,107979346
3409213,108014262
34656543,108031019
344655645,108031050
34F4TOM,108127482
344sourta,108129358
34purinya,108130418
343guiltyspark2,108182180
345powerpuff998,108271035
34ka,108520026
343947792hehe,108714452
343737250,108733303
34manu,108737179
34opennedoor,108792127
345bball890,108881490
34y998341gt,108944758
345181036YS,109029978
34344_sabu,109081091
34JPDACLC,109084593
3419Allen,109155544
3414John,109155545
3403Sophia,109155546
3422Andy,109155547
3417Ray,109155548
3412Andre,109155549
3409Lina,109155550
3413Tony,109155551
3415Leo,109155552
3407Mimi,109155553
3406Irene,109155554
3401Elsa,109155556
3405Juni,109155557
3421Tzu-Cheng,109155558
3410Kim,109155559
3402Millerful,109155560
3420Spike,109155561
3418James,109155562
3404Alice,109155563
3423Henry,109155564
3411Raylin,109155566
3408Ivy,109155567
3416Hendrick,109155568
34Fripanda,109168398
34Frifish,109168400
34Frisnake,109168402
34Frizebra,109168404
34Frilion,109168405
34Fribug,109168406
34Frifly,109168408
34Fricat,109168409
34Friboy,109168410
34Fribird,109168411
34Fribat,109168412
34Fripup,109168413
34Fribunny,109168414
34Frihorse,109168415
34Fridog,109168416
34cwbobcat,109295331
34546474,109295835
346419,109318132
347330,109325641
34Frilizard,109334142
3418-James,109407903
34frentiino,109428618
343-Shady-seal,109440121
343fork,109502837
344192,109553483
345365407,109632238
344760863,109632798
34-JW,109636021
3456Claadia354,109649269
34235363_ALT0_0,109651859
3434245,109753912
34shadow9,109783794
343731816madyy,109786996
343731816madyyy,109787193
34654654,109829748
34alunojw,109868442
349277038,109932179
34sgccsc,109946603
34sgccszc,109946611
34sgccac,109946612
34claimfame,110028611
34Vin8c,110067624
3456Dragon,110251196
345148712,110330012
34lauer_agostinho8a,110332997
34ree34feee,110356063
34rafaalves,110472624
34rafaolive,110482173
34rafaoliver,110482376
3423efsdf,110568717
349256545HII,110641398
34oliverafa,110710634
349897389,110847724
348120,110872907
3413h,110892951
3421h,110892956
34noahg,111135675
34812774,111150868
349996,111168451
3465SMD,111257975
34840400,111379004
34_uenoue_,111572948
349218057,111589923
34578bohste0809,111607555
34thecreator,111825590
34873763,111838655
343-Industries,111973998
34yngridi,112089229
342123424,112262385
34567890cat,112411962
345trees,112474469
34r0R,112491271
349675868,112822190
34Pacanga_Head34,112976408
345gabby654,113088564
34BuckleSomeMore,113208018
3456uij,113289144
3489q934fq,113310095
34567ham,113314849
3456messi,113319248
34HICLASSMATES,113325014
34openthenoor,113423379
34Gatorred,113480292
34-KR-BS,113580847
34openthedoor,113587058
34Frigiraffe,113691624
34Friwhale,113691633
34Frialligator,113691644
34Fripenguin,113691665
34Frimammoth,113691676
3426876,113955661
3419524,114043189
345r45,114604314
344558406,114900168
3428WC,114901934
349243162,114934490
34campnou123,114943267
34LiuKevin2,114961700
34a-AnKue,115002647
34a-BiHas,115002655
34a-DoWeb,115002667
34a-LaSee,115002680
34a-FlGro,115002689
34a-FiMue,115002699
34a-NiEic,115002711
345678rttyE,115201925
34thaillynni,115204889
34516515,115219531
34and17trolls,115227164
34634867,115464918
3456273,115597967
34EVa12,115849914
343042396,115869761
3404th,115992757
3456carter3456,116051178
34CKPS20,116523343
34-anthony,116536178
34-anthonyleo,116536552
34cgahs,116598973
34vitorluiz,116686316
3434355,116736268
34thiago8b2023,116783713
34gameer,116798579
349945352,117282435
34181223,117376771
34181310,117428625
34181169,117428711
34181183,117428726
34181291,117457916
34181274,117457934
34181279,117457945
34mareva,117498943
34mouse34sameperson,117525130
34room923,117552101
34room723,117552103
34room823,117552105
34room623,117552108
34-greenrabbit,117607728
34greenkale,117608154
34th_Panzer-division,117682237
3464009,117689196
34157,117724317
34239,117724323
34757,117724330
34842,117724338
34mouse34samepersonp,117729437
3409210_,117882106
345birdboy,117913101
341BozoHA,118024465
34winterglovess,118075676
344006,118085270
3409210,118108915
349598942,118121378
344894,118168291
34673bces,118194377
34liuKevin3,118215005
348994t,118345420
344343t,118439754
343Mexico,118538886
34bluey59,118697261
34t62362612,118926435
3473661,119086720
34012877,119086728
346432,119373662
349412,119388214
34AntSinger,119400422
34SillyBee,119400423
34AppleCrab,119400424
34VampireMoose,119400425
34SneakyTurtle,119400426
34MightyBear,119400428
34MegaMonster,119400429
34HappyHippo,119400430
34VividButterfly,119400431
34TangoRoo,119400432
34RocketFrog,119400433
34EpicMango,119401277
34AppleJam,119401279
34ElectricHeron,119401280
34ZestyGazelle,119401282
34NoisyDinosaur,119401283
34GiddySnail,119401284
34FancyGator,119401285
34SuperDove,119401287
34JumpingGuppy,119401288
34OliveYak,119401289
34AquaWhale,119401290
34EagleRay,119401291
34SunnyCat,119401292
34ElephantKite,119401294
34MysticHeron,119401295
34PuppyLaugh,119401656
34EagleYawn,119401657
34OwlLeaf,119401659
34AntValley,119401660
34RainbowCake,119401661
34NinjaKite,119401662
34RacingSun,119401663
34AppleStar,119401664
34OrangeCup,119401665
34AwesomeYoyo,119401666
34MagicCup,119401667
34CookieBear,119401668
34HappyZoo,119401670
34JellyWave,119401671
34PmRd,119677213
342c,119702147
344123lebron,119913162
344737903,119981312
34ysrgsrf,120017760
3414-111,120022130
34Bros99,120048898
34Squirrelboy,120158561
34Brad27,120165717
34hello54,120165746
34puppylover175,120210955
341954db,120279131
34POOR-poor,120555356
34rehnat,120716391
34mitben,120716392
34jincai,120716393
34setosh,120716394
34canjio,120716395
34jigshu,120716396
34kozzla,120716397
34surish,120716398
34soumur,120716399
34guoyif,120716400
34mnaren,120716401
34malsop,120716402
34katmaa,120716403
34yoodoh,120716404
34oiskar,120716405
34norhar,120716406
34watkei,120716407
34kobeva,120716408
34shiema,120716409
34moreri,120716410
34yasmir,120716411
34sumyuu,120716412
34kojshu,120716413
34kitnah,120716414
34kwolin,120716415
34tanjun,120716416
34mcgemm,120716417
34tonlei,120716418
34saishu,120716419
34hanama,120716420
34kimann,120716421
34shirasaki,120716483
34_Studios,120938493
3467589,121130257
34567pli,121278029
345FOTBOLL,121417947
345678nineteneleven,121421340
3423h,121516103
34a-PSE,121529287
3456789ygfhgdkj,121669648
345544L,121681793
34r34r,121715966
3498723,121815680
344tyyy,121822503
340008,121850639
34rrrd,121932277
3400-com-exp,121985380
340000bh38,122164757
348ierhsku,122237136
342Kuba,122272599
34DINOMEMET23,122730627
34SIXAS,122895079
3408551,122909245
3404879,122915293
34gmm,122960028
347290,123090329
34h5hfi,123156375
345bk,123635311
34meme12,124012551
34-Malikhain,124018838
349563361abc,124113817
34Hernandez17,124199436
34guzmanae7,124320157
34bull,124385444
34guzmanae77,125063049
34ACCC,125227751
349809582,125351831
3415panda,125401645
34Reaper,125568505
34allarl,125651749
3467543,125703786
34675456,125704340
345365764,125774296
3456yuiop,126057577
34secrets,126138278
34356554,126169916
345t6yuikl,126440023
347899d,126492287
3456789Watermelon,126545420
344919279,126559885
344728415,126783841
344706361,126783850
344768783,126783873
344780457,126783901
344775234,126783910
344757406,126783979
345111561,126784014
344152459,126784020
344706841,126784339
344776653,126784361
344831581,126784388
344893953,126784615
344164496,126784842
344173042,126792695
3461u,126836229
349677450,126838735
3453wte56yrfthhb,126847566
34yt,126916686
34uenoueeee,126952920
34k-bo-20,127101216
34ryfh,127101373
34iqwja,127175083
345222228,127555521
345gfds,127614179
344161419,127689840
34CakicMarko,127772339
345bluesdloth,127902064
345bluesloth,127902212
349479,128331136
34yrfur,128986926
34setnir,129584424
34535436,129824112
34gl2032,129877443
34-7c-2024,129923943
34valen,130166156
34SAS6D,130325237
34567qwert89012yuiop,130330321
345345000,130330789
3467812,130543176
34t33e,130603335
3426saer,130681416
34-UngChiTamDTC,130724181
347613,130744159
34Luciano0814,130831643
34Luciano0815,130831644
34Vasquez0882,130831645
34Morabito0117,130831646
34Mattison0100,130831647
34Lamberti0313,130831648
34Loughren0531,130831649
34Michalak0872,130831650
34Palao0505,130831651
34Pagliaro0705,130831652
34Nava0798,130831653
34Ronco0810,130831654
34Santiamo0518,130831655
34PerlleshiJr0867,130831656
34Pamer0504,130831657
34Sarabando0776,130831658
34Ovillo0617,130831659
34anthony0689,130831660
34Lybbert0513,130831661
34Prendergast0865,130831662
34Murphy0878,130831663
34Salanitro0401,130831664
34McCallop1349,130831665
34Leisawitz0832,130831666
34OSullivan0616,130831667
34Nannariello0463,130831668
34Lim1359,130831669
34Small0828,130831670
34Shea0895,130831671
34Radi0912,130831672
34SceboldNeuscho0806,130831673
34Munoz9892,130831674
34Paradis0923,130831675
34Rodriguez0854,130831676
34Sammartano0847,130831677
34NajarroPolanco0952,130831678
34Zweibel0859,130831823
34Vazquez0884,130831824
34Weinberg1149,130831825
34Walker0070,130831826
34Weiss0229,130831827
34VasquezOrdonez0725,130831828
342542CS,130987643
342treaf2n,131168896
34448905,131268317
348506,131276392
340jayden,131548391
340ovalles,131548593
340cargill,131548677
340sameer,131548809
340mhica,131548851
340caileen,131548926
340kiuni,131549244
340siobhan,131549530
340jordan,131549611
340adeline,131549637
340endrit,131549675
340grant,131549771
340ivana,131549835
340genevieve,131549881
340mensah,131549949
340julissa,131549988
340lorenny,131550026
340rance,131550081
340picardo,131550151
340wayne,131550174
340cabral,131550254
340rivera,131550331
340brandon,131550394
340julian,131550462
340melaina,131550535
340princess,131550641
340muhammad,131550901
340ahmed,131550969
340Jameis,131551009
340penelope,131551066
340hanna,131551107
340yelina,131551177
340charlize,131551220
340mesiyah,131551284
340oyola,131551345
340milush,131551396
340elianny,131551436
340angelique,131551570
340victor,131551592
340liam,131551615
34961o675,131552358
3416qw,131737365
34646535,131741953
34DBrayden,131894181
34961965o,132666068
343234541,132814182
34648318,133195227
34nuggets4bunny27,133208615
34icecream5lion96,133549259
3401921,133565279
34adil34,133907172
34okitar,133916825
34tagmak,133916847
34baniki,133958034
34-2nd_Hour-2024SQ4,133967404
34johnfin,134090732
34-DOUGLAS,134162520
34GilesQ4P6,134197646
34butterflys,134486715
34yotam34,134540524
3458406SAUOLR0,134598734
3428280,134690884
3498smdingley_FAN_,134756185
34CRB,134856382
34IWA,134856389
34ESO,134856390
34MMI,134856391
34RVE,134856392
34GSI,134856393
34AOS,134856394
34RRA,134856395
34RTA,134856396
34QTA,134856397
34JTU,134856398
34RTO,134856399
34RRO,134856400
34ATY,134856401
34TTM,134856402
34RTT,134856403
34JRI,134856404
34EYL,134856405
34AMM,134856406
34AMO,134856407
34HMA,134856408
34LTA,134856409
34ORE,134856410
34LVA,134856411
34UNI,134856412
34NTA,134856413
34GNE,134856414
34TSP,134856416
34MRO,134856417
34ETA,134856418
34FSBC,134856419
34MLI,134856420
34KME,134856421
34HWO,134856763
34YYI,134856764
34LZH,134856765
34GYE,134856766
34BZH,134856767
34YZH,134856768
34LWU,134856769
34DYA,134856770
34MXI,134856771
34NYU,134856772
34TWT,134856773
34HYE,134856774
34JYA,134856775
34Hermione12,135388819
3475smdingley_TEST,135701226
34fm7b,135868757
3475smdingley_trans,135957377
34myka4,136091371
34RCTURSO,136192272
34567-8,136234855
3455221,136584976
34estudanteego,136585001
349457556yrdsbfan,136634150
34-torreser,137282605
34-quintkey,137282897
349231712,137602615
3477bobhead,137675982
3477cat,137675983
3477bobbyheady,137675984
3477brybry,137675985
3477pip,137675986
3477POPCORN,137675987
3477kitkat,137675989
3477Saltandchips,137675991
3477crazy,137675993
3477hi,137675994
3477warthog,137675996
3477bobby,137675997
3477bob,137675999
3477froggy,137676001
3477viperwhale,137676002
3477flash,137676012
3477coolconz,137676019
3477posty,137676020
3477blue,137676065
3477vipnew,137676086
3477frog,137676134
3477R,137676690
345hola543,138240767
349874482wesley,138281884
344ROCIO5B,138476316
344162514,138919123
345besties,139046526
345macaronefive,139077837
34z33d7,139697554
3456uhj,139840212
3464009Z,140176468
34759879,140285455
3456uhjs,140548465
34H001,140578673
34pietraluisa,141111188
3475408,141381093
