67589jun,29559
678,40769
670,75240
674532198,102891
675827268,136757
676767,138639
679,229187
67707148,255800
6754,274114
67545555,334124
670615,339967
67benny,350258
6789,351744
67leo,360822
678doglover,419122
67d,473008
67y,518455
675,547786
6700,573529
671,610791
67bapas,671482
6732,693818
673,712932
674,734746
67kid,773550
67aaaa,796041
67899,834220
670152_med,859219
67068031,932262
67809684,937897
67698,945545
670king,962974
672861,965775
67715,983516
6767,995630
67347,1020582
6798rwb,1039051
672446065,1089547
674716068,1089579
67lisam,1149149
673368799,1221170
67890851,1353906
67911,1413106
67gs,1750499
67814,1906460
67817,1912650
676,1917349
67aw,1935324
67anne76,1981516
67t,2186989
67774,2240368
672853,2406535
6781,2484861
678iowa,2488385
67iza,2559760
67451,2577058
678789,2577396
678678,2588135
670648593,2604319
67859,2692411
670929,2822212
6756,2824060
6713,2862297
6714,2862298
6730,2862314
6712,2862317
6711,2862319
6720,2862321
67555,2877966
67KellyAnn,2886082
670101,2894224
6708,2919856
6729,2919943
6718,2919961
6727,2925719
67fastback,2948074
6748,2963989
67589067,3008480
678gateacher,3030892
672472,3093058
6767devon,3100729
678909876,3286931
6755yewon,3471777
67549t,3486162
6789045732,3599075
67impala,3644676
67905,4092083
676767676767,4108040
67hills,4534471
678566,4682343
67supernatural,4716175
67891,4741513
679461,4746001
67hug,5129476
677677,5205206
673598,5313436
6706161,5452456
673129,6620710
670830,6821996
679327,6831120
6785904,6890874
678tr,6951820
67barti76,7107536
678watrat,7157308
6789zoom,7259162
6754Cardiffhigh,7350778
678teacher,7392958
67582324,7645728
67_ant_lopez,7653588
6785905,7658646
67kontaro,7845508
677,7884110
678blazer,8072582
67747,8079752
67inx,8339722
67412,9929112
672,10049650
67u6,10492298
673799235,10702406
67a,10927194
67891012345,11019966
67090,11113838
679h,11140514
676701540,11594628
675444,11797164
678097,12146956
670804,12392762
67933,12656248
67wl,12789732
67848,12831560
67378,12831566
67Wolffman,13546397
67M,13551148
679f,13700306
6756022,13704372
6755489802,13833201
67superhero,13847589
67s,13861454
67456,13914757
674394,13922169
674442,13922298
679isawesome,13966503
6744405,14164863
67808,14270280
67497_67497,14312220
670533,14407439
678Master,14412721
6702Alex,14517111
673737,14583408
67tyu,14778633
6758yutr,14907012
671467,15651142
678ajb,15773189
6789101,15793585
67805,15947832
67219,16045640
670976,16586354
67100,16661420
67k,16899332
67B,17127921
678184,17637239
679lover,17814861
67380,17915123
67361,17943970
67chevyimpala,17973971
67300,17997222
67918,18093212
670804gg,18281777
6760cvusd,18329902
6733cvusd,18329906
6781cvusd,18329913
6742cvusd,18329915
67Branston,18493138
674573,18587569
6788cvusd,18689012
6765cvusd,18689033
6763cvusd,18689046
6743cvusd,18689075
6799cvusd,18690943
6738cvusd,18690949
673918,18792045
671561,18792047
675312,18792049
670190,18792050
672486,18792068
672205,18792079
670174,18792086
677046,18792090
671916,18792105
673402,18792139
6769cougars,18799616
673485,18835665
6743fhsdnm,18862829
67711993,18927515
67889112,18952388
6738cvusdwk,19000494
675129,19025711
670080,19025806
6713588,19081799
677934,19110582
6753232389,19126740
6771816869,19155208
67032566,19168097
6776828652,19179534
6723791533,19203004
6734418952,19223066
677934l,19256003
6738wk,19352390
6789946411,19376259
6781646486,19617133
67cheekymonkey,19746267
67cats,19816421
67883,19870125
678speed,19951671
6772417178,20013776
672417178,20014386
676767s,20092337
673218,20093573
676001,20094032
674919,20096952
6779982,20104951
673714,20133635
67816,20136325
67Even,20310799
6789123harry,20371235
67556,20376758
672653,20397948
676777,20403605
67mine,20437528
678espeseth,20475784
674775,20478529
674062,20515424
67_dancergirl,20527455
6711955269,20623366
6746esperanza,20787394
67rat2goalie,20810368
6722cvusd,20838495
670601a,20934329
678407,20958819
67scratchy67,21139966
672278,21213201
670348,21213268
672333,21221640
675077,21221670
679286,21221671
674176,21221691
6737781861u,21345039
672292,21350103
671384p,21377770
6776cvusd,21388729
67sherbatsky,21437151
6732756819,21580336
671amulodi,21816018
672457,21875460
678flower12345,21876149
6772592638,21891381
6767182920,21891390
6712cvusd,21904538
672arivema,21967096
6795505,21975770
6706cvusd,22017094
67gordon,22036662
675331,22095703
67675857,22288365
6729darkred,22546576
67678,22668776
678955,22810226
677729,22810268
67baba,22869070
679739,22959321
67scratchy2,23025578
676796,23220710
673711,23220722
67917,23221613
676191,23221657
671002,23251008
67cp,23289579
678679,23370177
67546458,23452840
67f4b746f3b8,23453349
679pop,23508390
67purpleface,23528876
67woodst,23629552
67178,24014048
67138,24014086
67646,24043176
67g,24219064
67578585,24278346
6785472563,24821084
6724485177,24821136
6736838851,24821147
6789567895,24829549
6767u,25037601
67awesome,25146252
67766,25162011
67832,25162014
67v,25192364
6758940310,25213863
67623,25248716
67928,25248762
67513,25248773
67967,25370897
67048,25397037
6768428292,25450798
6712849799B,25530855
678410,25531136
6746973549w,25538981
67402,25635225
67422,25657623
67394,25657681
676220,25859559
6787t7,25884080
67xscratch,25926399
67983,25979191
67hockeyb,26000890
678ss,26005059
678jg,26005085
678jps,26005340
678Leal,26126840
67u,26185053
678248,26187438
677740,26254068
67139,26384075
674674,26389331
67576375666,26500835
670068219,26516998
67w,26576934
6768767,26626849
67g655,26629110
677375884,26707333
67228,26725059
675dm727,26811553
678570,26811594
67255501,26883940
679488,26946950
67346J,26957083
6715569en,27005644
67510,27021907
670964,27287443
671017,27287486
671058s,27287536
672124,27287869
672052,27287889
674332,27288041
6789c0,27304184
673484567363,27374443
67867678chrissy,27620442
675166,27650343
674395,27752435
675895155,27784737
67clark23,27803063
67clark25,27803064
67clark27,27803065
67clark15,27803066
67clark06,27803067
67clark22,27803068
67clark01,27803069
67clark07,27803070
67clark03,27803071
67clark24,27803072
67clark02,27803073
67clark26,27803074
67clark05,27803075
67clark30,27803076
67clark04,27803077
67clark09,27803078
67clark08,27803079
67clark18,27803080
67clark19,27803081
67clark21,27803082
67clark29,27803083
67clark28,27803084
67clark12,27803085
67clark13,27803086
67clark10,27803087
67clark11,27803088
67clark16,27803089
67clark17,27803090
67clark14,27803091
67clark20,27803092
674223,27819227
676767474,27872079
67261502,27952345
67150501,27952380
6709999s,28009821
673536,28073448
670150,28121849
673870,28122590
67520,28129423
675319ljf,28244824
67820,28286213
6771234,28364365
6738828364y74,28464260
67696,28552698
6767678910,28559059
678er,28629621
678es,28629643
678cd,28629661
678779,28741499
678605,28745794
675673,28746355
6756731,28786108
676286jose,28830727
678RYAN,28831480
675924,28863938
671227071,28970390
6700sakter,29513802
6726745753,29547138
6728438459,29547389
6762386432,29663096
67425345213,29670485
67l,29680411
671254449aths,29685662
67Skippy,29704094
671ab,29710848
674ah,29710942
677jl,29710993
671as,29711092
672sw,29711118
672cj,29711394
676gama,29792581
67two,29913800
6733mgsd,29945553
6764820341,30142065
67cutiepie,30142358
67705ADA,30172941
6787uh,30200617
67875,30728263
67flower,30832551
67gars,31093707
67098,31231856
67-,31383440
67r,31458288
676720036,31542883
67163001,31588442
674560,31845446
679036,31890944
6726B,31912772
67f,31938706
67889gui,31962053
6783757587,31962628
677705,32009950
673702,32010167
676700,32078606
673538,32179742
675dsdd,32210225
677831,32225175
678042,32225214
673341,32261611
679043,32262697
6758495867,32303061
679660100,32385640
674xalt,32483978
673ncs,32570062
671ncs,32570070
676ncs,32570539
670ncs,32570566
67i,32602754
672275,32714872
678durlug,33353738
67Codeclub4,33377170
67Codeclub1,33377211
677777777775,33549481
6707jb,33680102
6740jb,33680113
6734854647364,33680475
674742,33822656
6731,33844928
67PPS11,33879753
67snoopdog,33915498
678543290,33928596
67DigiKid,33990957
67423,34028199
67sams,34029057
67508,34039704
67valleyview,34734876
67baloopsj,34739664
671295,34785631
67264,34791576
67h,34859089
6789Warrior,34904513
67456345,35161662
67slesmanatees,35270232
67545AAD,35292904
671136PBJ,35296625
672565,35377089
675157,35377105
679109,35377174
679159,35377177
670317,35377211
670674,35468926
679930st,35469265
672728,35478725
67439elmhurst205,35560948
67imagine,35567111
678o,35578969
67PercenteTiny,35622291
674833529,35773863
67E00J3y8R,35777777
67ut,35794957
671868,35846852
67lunafern,35863869
671sammeht,36331484
674jas674,37654036
673389,38137217
67bla,38181078
67594984949494,38281233
67M18,38303963
67wamer,38308817
6765hockey,38394892
67panda,38429393
67hola,38476843
67555744476,38495705
67Tyler67,38564410
67414elmhurst205,38580287
67610elmhurst205,38580318
67417elmhurst205,38580380
67baseballsmasher,38614064
67451897,38645068
67223Cag,38694107
67ParroT76,38747726
67391Cag,38882223
678900021,38903389
6767MD,38920131
6715538jl,39095451
671360,39178828
678239,39209998
67panda11,39460899
671286,39587190
6782777,39656359
67doomboom,39728780
6767855yqehdqfh,39737128
6712345,39830687
673878AMS,39944017
674955,39964851
676108,39964903
672176,40057551
67596,40110250
677789,40210390
678585d,40210776
677789j,40302244
678710427,40307382
67283,40426966
67804mkums,40430430
67832D,40432747
674N,40454365
6767897,40462920
6772624548,40519580
67798joh,40589701
6776941963,40677246
6774329845,40677521
67669mat,40749822
677202456,40854338
679AS,40866874
67UG7,40914740
67P,40946178
67fresh,41130134
671-16,41269738
671kerem_detpool,41468744
672-RUGO,41568276
67534,41599046
67114,41599049
67558,41599065
67660,41599067
67695,41599069
67791RB,41599071
67811cooperscott,41599079
67591,41599081
67867sam,41599087
67515,41599088
67978,41599092
67726,41599094
67515a,41599103
67401S,41599113
67487AZ,41599119
67688b,41599134
67538JA,41599183
67618,41599187
67615OB,41599200
67538AJ,41599243
67688bu,41599253
67811cs,41599393
67615OB1,41599398
67114jc,41599677
67-panda,41638654
67019,41706910
67039,41827366
67497kk1,41953539
67383is32,41953659
67Scratch,41956662
67570288,42022039
67615OB12,42135147
67CLVRodgersb,42401405
67401sss,42470756
6771566,44386729
67350clw,44429841
67677,44607883
6738851,44708130
67760,44984817
6748347,45073822
674067,45074027
6740347,45074481
674773789,45315855
67892738,45728875
67755,50026195
671imagine,50215093
674imagine,50215096
675imagine,50215106
677imagine,50215112
679imagine,50215129
6745t,50224266
67dogs,50394069
674539,50681220
679348,50681231
678729,50681240
678777,50681242
677382,50681246
678207,50681249
671524,50681253
678216,50681256
672817,50681259
673492,50681265
678001,50681266
670371,50681287
673182,50681291
670331,50681419
675599266,50739979
67e,51536184
67n,51676877
674tmg02,52243224
674tmg021,52243822
67PACE,52623052
670S155A,52783231
679tuanna,52889856
67534342,53276922
678767876,53522051
67267037373001760,53587256
6732A,54139789
67coolcoder,54308288
678bnb,54391796
67trwytegr87t,54486190
6758q,56052570
67_,56063063
67587890,56101531
676_btl,56113483
671993,56406349
677883,56406351
679037,56406352
678067,56406353
679173,56406361
678161,56406364
670138,56406371
677784,56406394
678725,56406398
678161a,56406411
677784A,56406417
674380Lucas,56406424
67777777777777,56430984
6786902,56494993
674defne,56817325
6757MrWong,57461716
67hhgwwijjsj,57554901
6782purn,57953567
6770purn,57953569
67_21,57961849
67888888888,58568179
674336,59331383
67geanie67,59365841
678condog,59494538
67750529,59537256
6783653874567365,59682121
675838894797987,59685849
678kay,59931010
67jokke,60071293
6789pdog12345,60275483
6786786786,60466110
675849320,60467742
67AS,60533846
678GnimsaY,60578174
675486,61060582
6781476,61213333
67q,61366817
67-Unicorn_Lover-67,61527084
6715635zt,61607698
6774Ka,61699705
6789mj,61949120
6723Jyoo,61980004
677f677,61984624
67541234567890,62190899
67656AN,62321382
678Sofa,62420582
6765746,62749953
6786uu,62996149
67PES2024,63301742
67PES2025,63301980
67PES2026,63302127
67584928858,63722596
6755332828,64005272
67-giraffe,64162384
67j,64179866
67677527671,64243346
6744533,64470559
67connbaco,64678228
6788438439,64684798
6756361341,64690160
6736202,64853805
678wolf,65118396
678iop,65685967
67coding,65925934
676766,65933478
679Ryder,66122948
6755908,66192304
6785uoy,66364794
67limonad,66555027
678boi,66745078
675589,67161545
67109,67627192
67592CMS,67636788
6767lovie,67744675
6787954,67830541
678890,67871146
678905656,67946710
6713037,68106542
67Jquest6,68219952
67Jquest4,68219962
67Jquest7,68219967
67Jquest3,68219971
67Jquest8,68219976
67Jquest11,68220010
67Jquest2,68220054
67Jquest1,68220086
67JQuest9,68220116
67Jquest14,68220117
67Jquest12,68220224
67Jquest13,68220377
67Jquest10,68220396
67u67u,68245355
67Jquest15,68291005
67Jquest5,68291366
6749san231s,68445051
6789258787,68446847
6753121471,68446945
6789258787Bc,68447156
6757t78,68521667
6748816122,68557490
67535,68566149
678945463737,68794690
678good,68855936
6789107483,69016529
67kendall07,69143035
67tyiu,69263094
6789are,69280950
67harts,69437410
675674essex,69585958
6717326,69770212
67mustangs2021,69843987
676756202,69942339
67z,69984784
67rafferty,70146504
67993,70193514
67890donut,70695630
67Geo,70893196
6754-,70927985
67o,71019540
67bannana,71044603
676767577575757,71087264
6789121,71089083
6757885,71216783
67c,71223228
678_krypto,71388414
6789-Alpine,71388545
677777777777,71393761
673HATICEESILA673,71505292
67291,71671955
6773859,72135017
6737nh,72144368
6756545flame75765656,72332696
67589403,72420533
678910Superdog12345,72549028
67housemat,72592670
67574,73012643
6789studentno,73122317
676767675,73300192
67247,73948625
6789898,74318311
67859Imancuri6,74343864
6767654,74371874
6750HD,74476615
674nayman,74805557
671DD,74882616
6711M,74885119
67rumeysa_67,74889212
678010,75125814
676565656,75228065
67934cms,75288367
67742CMS,75364397
6732ivykiudf,76000709
678cookiesjulia,76057245
67X,76283692
67bob67,76283884
67659cb,76772194
67Fan,77320433
673511,77471359
67896789__,77484499
679i8779,77584921
676845464,78147882
67kakeru67,78607595
676deathstriker676,78743524
67Sultan67,79007457
671056,79027645
67WWWWWWWWWWWWWWWWWW,79027656
678-987654,79159003
67Sehzade67,79350601
678gamer,79477654
67666665t66,79683405
678900BNM,79686514
67CornD,79950579
6710000743,80270603
6755434,80291000
67226054102,80299743
6758445676,80485272
676946,80515676
678STEAM,80569242
67babyyoda456,80657880
6755736554,80711370
677864i4bh,80787570
676776_,80828773
670817,80945584
6784M,81054466
6705834,81054925
677scr22,81099955
676omega,81138795
6745674556778545,81185489
674b,81188330
6786b,81188343
670584,81317398
67299,81382025
678blue557,81737620
6761Hamza6761,81789857
6767bunny,81804087
67565758,81811573
675-,81841415
67ACR,82518680
678910122,82533666
6789Orange12345,82726692
673300k,82808945
671363jm,82809027
671362L,82885962
671895A,82885967
672638j,82885999
6767275875481,83208131
675-huma,83320774
6722NS_256_L322,83337449
670002021,83362834
67you678910234567891,83622201
67reyfhdbnschf4,83633415
670eggersl1,84046378
6763667434,84543002
677IP,84758505
67777766,85306816
67996,85601640
6758000089,85678657
6789o12345,85838648
6748678196ce,86084330
67834189,86542364
67KMBVSD,86562132
67KMBVSA,86718289
67ux,86866844
67mj,86935618
67664662,87022179
6754803,87048429
6735imrand,87070165
6733ilyasl,87070166
6774mawjif,87070174
6746karimk,87070200
6793parkam,87070249
6794parkep,87070308
6705chowda,87070317
6716foonge,87070323
6772masooh,87070330
6791pdhaa,87070335
6770maryaa,87070336
6758khanda,87070344
6784navarl,87070357
6727hussaa,87070401
6725AvaHunterWright,87070457
6791padhaa,87070562
67855234,87074140
6755156256,87093507
6720gowdai,87153967
67334a,87190049
67bbb,87191529
67iluvschool,87418725
67a1,88091698
67a2,88091701
67a3,88091708
67a4,88091711
67a5,88091729
67a6,88091731
67a7,88091739
67a8,88091741
67a9,88091744
67a10,88091748
67a11,88091751
67a12,88091754
67a13,88091755
67a14,88091758
67a15,88091760
67a16,88091761
67a17,88091782
67a18,88091786
67a19,88091789
67a20,88091793
67a21,88091797
67a22,88091799
678449,88231905
6764272689,88254240
67T4583,88347263
678joel,88465983
6754reso,88655847
6784lnavar,88753689
67dog67,89262333
6765894e7956,89362456
67whatisup,89433182
67824drage14,89736764
67Banana67,89795525
6734yehdb,89989778
67blackday,90133812
6734ndm,90183495
6788panda12345,90213163
677hira,90338607
678I,90357168
675D,90432850
676998876654432671,90458989
67shotzzz_,91063324
675flashmaster,91150787
67892222267,91553364
6789999999hahahahaaa,91730631
6705657,91819389
67432swa,91880517
675ninja,92056147
676767YAVUZ676767,92142330
674789,92467953
67KMBVSD1,92478542
6767831727,93081290
6789097,93115493
672915,93347859
67890kkkkk,93557050
6751096,93962696
674life,94190307
67676emmA,94260724
67189,94321223
67gl2029,94383623
67tuy,94660375
676LT10,94700110
677LT24,94700307
675789,94946237
67cls,95198409
67naureenj21,95439522
67Birds,95616407
67024lcb,95626378
67734567,95762902
6758490,95811778
67871234,96316539
67878098,96455379
672276,96503926
67229613,96636031
672296198,96636103
67sb,96637604
6788888-,96660277
67229613109,96682595
678909876543,96720582
67890t78rty8967,96721525
67on99,97314767
675848,97443100
67676emmAlover,97570009
6765765,97647349
677fatho677,97716704
6745103,97921509
675flashgod,97935035
678opyyyy,98312946
6796598386,98541229
6700ninmenoNORUMAKU,98902209
67105woods,99158061
6789qwertyuiop1234,99266990
678987889,99403660
678thyio9,99576815
67Birds_VectorShop,100233413
672cb456,100411866
6704nf,100773044
6787789,101000610
674511381,101213812
6707HAYAL,101366996
67Birds_SpOoKy,101443968
674746784,101467707
67110student,101881253
674201,101962496
675077c,102069081
6730001,102269480
6739REvil6739,102564254
6705233356,102658829
67890rrrrr,102695491
678golf,103074305
6788kimberly1234,103239163
678Akart,103428441
67890Batman123,103534747
6789467,103599294
67487683gabriellt,103615389
675dcf,103823438
67458,103986038
67858644,104141156
671liop,104396902
67cw_68,104688186
67543bca,104702193
676104801,104799273
675D_ALT,105093719
6769012,105183277
67496panther,105228789
67bat67bat,105308025
67623THEGOAT12345678,105366488
6748393,105372017
67319,105550406
67BirdsNowHere,105568601
6746723,105577043
67BirdsIsNowHere,105604439
67BirdsSussy,105624320
67BirdsLovesToEatPoo,105641636
67BirdsLoves2EatBut,105644723
67Blrds,105644898
67birds-is-lame,105648615
67birds-is-AWESOME,105649197
67birds-is-C00L,105649517
67birds-Da_AWESOME,105649586
67birds-is-nice,105649611
6789joker12345,105769549
675687568,105778446
676_-_-_-_-,105793956
67108863,105807868
676478268,106160673
675897603,106231568
677rtyuuui,106463973
67ers,106470224
67leah,106740991
678910yayyyy,106903324
67671111,106983533
67671111-sub,107118430
678910asdpp,107178258
6789210,107355263
67131,107406243
6764eg,107421584
67ter,108003054
675e56678787,108031039
675645678,108031068
67_0709_67,108062114
6700IQ,108109432
677tg77,108117803
677777547,108579549
670vf,109107420
67FortniteBattlePass,109634666
67063B,109719983
67890Student345,109722602
67k_Maddyyy,109722663
67348pokemon,109836297
67motmot,109926587
6771823qg,109948977
67turtlehare,110021714
67pinkpoodle,110109958
678giraffes,110250105
678865766,110273802
673912,110434369
675HELLOKITYY95,110477519
675DsBestBro,111079697
675D_New_start,111163156
6744533butsh1pped,111461584
672miab,111708827
678669oliviasquare,111922012
678KVK,111992579
6758998,112326064
671234,112508540
672jlk,112609941
67gatorred,113480246
67swimmer,113510003
67france_number,113550772
679424,113598310
678The_Enemy,113667793
67367676,113771287
67sw78e37636,113988142
675855555,114116976
675DsBestbroNewstart,114519615
67742dd,114529111
672012,114998995
67bakazuuu,115747483
67531,115962194
676ONTOP,116256069
67uk,116285458
67tg5,116697264
67Black,116806740
676trer67uytfde456y,116815809
67sx,117392556
67675747nooby,117910295
67yry,118020815
6789no,118393783
676e43,118432144
67AAL6,118586571
67ACW5,118598695
67ACW5X,118598822
67801701,118651512
67thecreator,119014326
67678cutepuppy,119439574
67Make,119474443
67BluberriScratch,119524308
6736e,120881151
67mx,120900646
678hello,120962286
678Ultragamer,121007669
676QU,121196056
6754_scratchbot,122022367
6798hm,122360490
670alr01,123270174
67479,123718411
67Michigan2345,123852357
676677795,124323598
6788623,126739223
673944asxppd,126905140
679_Rizz10,127488900
678thy,127843225
674085,128351984
675434565,128680308
67t6gf7766t7,129174881
6787656,129288633
6768732,129660026
67gl2032,129877592
6782374hyhhuf,130192724
678stelth,130200807
675919,130953350
6721234,132470168
6753212,132720832
677kakeru677,133160894
67424b5bg8y5,133305943
678hyhnuih,133591500
678isback,133779589
6748674,134716537
676mvm,135232338
67ugfr576yuytg,136008378
678u903,136614365
6789monkey9876,137423455
675865ybrjyycb,138201857
670Netball,138825094
67st6cw76,138931695
67y7fqwydf,139104021
6789g,139729722
6758master,139816417
67186ad84200aeabd4c7,139961212
670120330,141233876
67knalb,141572808
