853,102745
852013,144071
8560,145902
8566,145909
8581,145970
85a11b28c,238974
852,256140
851a1534,315009
850,331285
8586qaz,367858
8502,378127
852456,394434
8548,481238
859,594938
850919,613768
854,617511
852369,621319
85207410,626256
852963741,680925
851217,742698
85158515,749472
852000,763295
852poi,1022880
854911410,1047605
852741,1050883
85max0811,1055278
85575085,1059009
850417555,1071813
857231934,1074974
85810,1091384
85468,1116809
85565193,1223599
8578530,1230873
854423805,1258395
853259661,1260758
8580121,1286697
855nocab,1296091
8524567843213245674,1453510
852520,1719478
858723686,1784770
8521369,1931222
8513813963,1933562
8543515p,1947988
85421086,1953063
8529030,1963505
850817910,1990961
85338509,2003529
855,2019078
8524663,2033851
859288117,2039111
852455881,2101006
851655388,2170072
851565292,2183988
852470209,2200257
85walts,2251041
852667064,2296742
8543740,2385271
852719,2393707
857Awesome,2545610
854796321,2630993
85628,2776222
852085208520,2782158
8585,2828879
85514147,2862564
8513,2913156
851t0396,3015073
8555,3047797
85kxkawasaki,3157006
8576,3180100
859060,3208835
85321045,3260212
853705,3290709
85kid,3293021
852379,3319504
856599,3331263
852369741,3341527
856647ds,3348099
859-361-4047,3353826
8565293,3474676
857461,3507347
858m858a858k,3669967
8536,3702462
850boy,3712494
851p088,3728323
851m5035,3729462
851m6911,3729466
851k1691,3729472
851e1091,3729496
851v0759,3729497
851c3284,3729505
851a4423,3729510
851r0980,3729513
8560199,4026526
857798,4053490
851216,4129671
85548302,4144256
85255,4261474
8585857,4307341
852klc,4388285
852719_and_orenf,4402014
85glitterdog,4531359
8549578,4762163
8574735,4762705
8594084,4762711
858512287,4793055
8599963,4837346
8580,5470618
85461,5572392
8565,5631944
8572505,5812100
85858,5834356
8573003,5855766
8559b,6214268
854976,6524840
8544428,6672352
8557624,6786372
8550202,7362196
8595762,7593206
85_lui_naranjo_c,7927016
857620,8003268
8573,8266878
858,8597706
857,8617164
85blue,8691862
8550,9583942
85nesplayer,9941670
85fashion,10218956
8500,10344392
8581349,11675694
856,11678638
857809,11971696
852735,13783776
85261,13921185
858master,13936787
85407,14326430
8574514,14723962
85756,14938091
85H,15564856
851,15988308
856795,15992920
85909,16153237
85026,16408727
857238,16449246
851v0339,16676794
854718450,16844247
858masterExtra,17099345
8572145,18009199
8574848,18009629
8573003T,18028240
85067890,18106667
85843,18118120
8564cvusd,18310689
8541c-vusd,18351913
8535cvusd,18422773
8585cvusd,18427386
85933,18516927
85458,18516947
8501CVUSD,18568824
858-733-0737,18596063
8576919088,18599152
8535601,18608104
8515CVUSD,18613282
85054,18748354
8588CVUSD,18749843
857873,18766377
854312,18778274
8578046,18789154
85266128,18795562
858763962,18939985
8548268654,18940182
8587639692,18941564
858984,18942056
854504,18942061
858596ss,18942067
851g194,18963746
85goodnightj,18973697
854337,18985864
857131,18988939
854521,18988968
851014,18992840
854482,18992903
851854,18995029
85483,19024427
85027,19024442
8561616,19029764
85689,19029769
85923,19029774
85028,19029778
859kevin,19087535
857361,19188860
851l2007,19200650
8525369489,19201395
85948,19285919
8556422837,19318273
855764,19351939
8591732197,19484369
85970213,19591241
8522929491,19604866
8547287469,19607069
8565398595,19623802
854nenguer,19649358
852gussand,19649465
854nengue,19649570
854352,19781445
8599716,19942418
85428,19942419
85490,19942420
85380,19942423
8565216,19942424
85687,19942425
85424,19942427
85440,19942428
85452,19942429
8584916,19942430
85447,19942431
8536416,19942433
85322,19942434
85321,19942435
85597,19942437
85323,19942438
8542316,19942439
85435,19942440
85342,19942441
851627,20011291
858337503,20065792
854191366,20065797
85878,20124579
85f,20228824
85058,20590575
8547refd,20747616
85crazygamer,20882075
851b0232,20894286
8566913,20959244
85002,20980504
851627sGirlfriend,21027918
8573585544,21031667
851627sWife,21097689
857elif,21614715
8554933024,21652869
854613,21690477
859lil_ugly,22157316
853489,22326776
853489aw,22326843
853489a,22327201
8523571361,22350616
8573ml,22387175
85ml73,22387806
859100,22415386
857109JB,22415612
857109JCB,22415683
855564,22419071
857503,22423609
852879,22423614
85484,22657766
853204,22663665
855849,22663766
852406G,22664057
859665872,22737234
85t,22899890
85731pc,22955229
856_ny,23054331
854235,23224575
855635,23347132
8519378,23557946
851v0034,23567498
851a0577,23619373
85kike85,23622429
8530756,24190274
8572570,24250745
851a6047,24263926
85Monster,24365090
85tuv,24464255
85honesty,24543988
855980,24560780
8562a,24673653
85265,25093391
85665,25093675
853441,25180720
852845,25193891
859982,25195419
855544,25234870
858421skull,25235202
85106,25243639
85_luc_13,25265602
857586,25307669
857596,25321376
858588,25321469
857435,25321600
850183,25323919
855785,25394137
858636,25394152
857972,25394204
854145,25394210
856917,25394212
854206,25394215
858798,25394223
858112,25394230
853615,25394258
854204,25394259
855259,25394265
85815,25397227
85817M,25397333
85920A,25397344
85083A,25397347
859389,25410972
853039,25410975
855181,25411301
858569,25412110
8539151251,25416829
8591783646,25418602
850758,25418637
8577639657,25421124
8577846385,25450786
85oyoy,25526468
8548268654s,25530814
8592486378B,25530873
8512947497g,25532564
8520Gc,25613579
8510Eg,25613608
8504Jm,25613658
8523Ks,25613746
85551aaaa,25622627
855047,25653716
851279,25656095
8551abcd,25715794
8521942451,25731124
858134,25742355
859412,25763884
856982,25763885
853375,26121401
8510336,26129599
8575287,26162892
85784mck,26215029
8508878,26347608
854892,26435699
855595,26435744
852168,26435810
854780,26435825
853447,26435827
856664,26435832
855146,26435833
856977,26435835
858189,26435847
854896,26436591
854286,26436598
853914,26441728
854877,26442844
853066,26442862
855483,26442866
853983,26442873
857212,26442878
857088,26442886
857278Mr,26442903
854744,26445708
853077,26445716
855481,26445721
851535Hb,26445722
853466De,26445725
855365,26445726
854265,26445728
855476,26445729
857083,26445730
857061,26445731
855209,26445735
852199,26445736
857119,26445737
855212,26445743
8524194995,26477402
852187,26491950
853296,26491954
853079,26491955
858186,26491956
855467,26491958
853517,26491960
857286Cr,26491961
853606,26491973
855737,26491975
853187,26491978
857216,26491980
853825,26492009
855182,26495135
853183,26495153
855377,26495155
857211,26495156
852858ck,26495160
857207le,26495161
857290AS,26495162
855484,26495165
853049,26495168
854625,26495169
852367,26495170
854868,26495177
853338,26495179
853987Sk,26495181
859863,26498323
853053,26498327
853781,26498367
853974,26498368
854914,26498370
853068,26498378
858153,26498379
853211oh,26498382
857111,26498403
854260,26498405
853318,26498406
852171,26498422
854732,26498424
855410,26499326
859237,26719108
8597725664,26800794
8560111,26803532
8559976,26803553
85986,26957086
85186,26991592
85241949995,27010474
85632bm,27085427
85857e737,27130380
85256pc,27149797
85082pc,27149802
85335pc,27149820
854444,27292928
851863047,27500954
854494,27516954
855654,27517000
858505,27522634
853113,27522640
855449,27550369
854777,27550453
851872,27554807
855563,27554967
854708,27561853
851789a,27563224
85Owen,27663813
8599Gamez,27666636
851d1641,27701050
8537,27776340
855529,27786733
857487,27821177
853421,27826729
858328amk,27829214
858039,27839862
8575503,27960579
854754,28001368
85sushi,28111691
8593945,28175663
85169jp,28228309
8548074,28342989
8573609,28344093
8573690,28344381
851g1546,28354969
851a2021,28357612
85404just,28391601
8509507,28435287
8512663,28435291
8577035,28436097
854045,28480883
857575yu6,28505160
8576770,28520790
8577564,28520858
8577988cat,28520903
8579752,28520921
8564741,28521131
8573968king,28521301
851933,28524825
854129,28524832
853870,28524861
851301,28524938
8513012,28525164
856267,28695543
853533,28698491
850431,28698507
853611,28698525
854884,28699575
853608,28699619
8538700,28743031
856007,28743063
8511617,29800729
850471,30021187
854399,30096960
854127,30097122
850494,30097375
851737,30097662
854436,30097697
854416,30232498
853581,30318237
850403,30424114
85655,30553753
853933,30585260
853996,30626186
853008DT,30642300
8525391,30666689
8563285,30928255
855286,31123469
854446a,31123482
854484,31128131
854743,31161742
852870,31161759
853287,31161768
853888,31161772
853429,31161781
853422,31161799
857975jg,31161860
853044,31164724
853165,31165618
857227,31165672
859478,31165677
853197,31165690
858659,31165743
859478nr,31165749
856662,31215505
852227,31215518
857962,31215530
852227km,31215600
854795,31215608
855877,31215626
855426,31215630
855383,31215632
853114,31215642
856661,31215652
854546,31215656
854141,31215675
854566mc,31215699
855628em,31215921
855469,31219650
857132,31219668
855462,31219688
855478,31219698
853299,31219704
855792,31219707
854285,31219719
855381,31219722
857391,31219724
855607ym,31219739
854167,31219751
857261cr,31219757
854043,31219760
854561,31219763
854140Kjm,31225394
858898,31229356
855235,31229372
854604,31229388
853932,31229454
856137,31229458
8537767395,31262366
853425,31366817
855801sh,31374734
85luccalane,31863186
854502,31925426
859_miah,31927025
85u7,32018601
853868666,32095674
85075fms,32219035
85lucalane,32274583
855570,32283105
851922,32283123
858134ak,32286508
85l,32377688
851e0382,32480964
851b0160,32509738
851m7442,32586918
857aaron,32657526
85988pc,32752748
85947pc,32752783
85449pc,32786971
853adventures,32801071
857587,32842973
85180,33456540
852957,33515898
8556596,33611456
854217anr,33615522
8511657363,33645500
85225,33647485
851d0115,33946540
851s0503,33946594
85DigiKid,34126923
853102,34151788
85781,34352936
857536,34413469
8525tcjacketsnet,34570533
85456mku,34583360
85721,34584156
85188,34584172
85131,34584196
85188ln,34609705
85188mk,34639929
8594573322,34654572
85396isaacIsaac,34655532
853966,34655556
85945rigo,34672014
85568,34764283
851701,34767332
850jcw,34847712
85066AA,34854902
85108,34857192
851414,34878668
855621,34882132
852077,34908924
852923,34911224
856283J,34914812
857913,34942178
858320Arvid,34942240
853998addib,34942255
853334WZ,34942256
858053Calla,34942278
852087_TheFish,34942309
8585754745,34945293
853621Thatcher,34945813
853962peanutbutter,34945818
853502maff0w,34945855
851938-adubs,34945880
857250,34949582
855555,34955576
85661,34989082
8596742747m,34991421
852079,34995136
857243emma,35024269
854523,35032567
850758s,35107360
859389s,35107369
853039s,35107467
8535stefox,35133654
851883,35134024
8501834,35141538
854243EA,35151101
855181s,35180608
859970FSMS,35187956
85jacob,35217449
851461,35232939
856051,35232960
857Leah,35233287
857Eli,35233293
857Angel,35233842
857Saniya,35233915
857Jeury,35233924
857Justin,35233933
857Javi,35233970
857Marcos,35234007
857Stan,35234019
857Jay,35234029
857Chris,35234035
857Jaden,35234046
857Sincere,35234058
857Xavier,35234069
857Alban,35234079
85slesmanatees,35270239
85366word,35286007
856012,35290529
854005,35291275
851411,35294792
853436,35294796
853967,35294836
8583619417,35297317
8525461326,35297427
852546132,35297505
854923,35304780
856392K,35308188
85576,35343659
856Josh,35375297
856Raf,35375333
856Charles,35375373
856Jayleen,35375398
856Fahad,35375470
856Jayline,35375508
856Jaiden,35375521
856Jaelen,35375553
856JP,35375568
856Kenneth,35375588
856Emily,35375614
856Evelin,35375644
856Anthony,35375665
856Tyrese,35375679
856Nyiesha,35375706
856Aiden,35375753
856Ryheim,35375768
856Rigerta,35375789
856Akrum,35375801
856Davonte,35375829
856Aidan,35375861
856Alexsa,35375883
856Aalyiah,35375926
856Jhaneitzyh,35375992
856Angel,35376012
856Amanda,35376070
856Isaac,35376111
856Elvis,35376131
856Muhammad,35376155
856Destiny,35376214
855Chris,35379256
855Rana,35379275
855Eman,35379295
855Carlos,35379370
855Russ,35379390
855Jergens,35379425
855Aidan,35379462
855Juanita,35379501
855Angel,35379614
855Ryan,35379702
855AG,35379839
85274188,35421295
85933sn,35436122
8589869056,35517981
85imagine,35567102
85068r18,35605338
853243,35607775
85063r13,35608325
85725r13,35608338
85782r13,35608870
85954r2,35613149
85740r2,35613150
85077r2,35613189
85724r2,35613210
85627r2,35613257
85337a3,35613273
85971r2,35613278
85335r2,35613343
85754r2,35613364
85786r2,35613365
85642r2,35613424
85353r2,35613434
856Taqia,35679800
856Nahji,35679863
85oc02U0r6,35778276
859020,35792165
857085,35801332
8527563592,35958591
858734,35996534
8551128,36212207
854-1,36241009
854-2,36241014
854-3,36241016
854-4,36241021
854-5,36241023
854-6,36241027
854-7,36241033
854-8,36241035
854-9,36241041
854-10,36241046
854-11,36241259
854907C,36257275
857631,36280052
851steyang,36332082
85632whe,37585853
85632kg,37585961
85632ugg,37586083
85632ejg,37586180
85632nnh,37586289
85632mv,37586672
85632wz,37586744
855kmw855,37650391
85pW4lYLXX,37737576
857danaa,37871062
850439,37961712
852349,38030974
854639,38107109
859536,38276263
857Sayury,38400505
858866792_,38522453
855Karl,38576776
857Shabir,38615568
85Cats,38774328
852988,38891783
854434,39258162
851a6727,39292652
859413,39294733
854172,39301073
857123,39361907
85792,39365353
8578170,39645197
8572360,39645209
8510556,39645233
8537318,39645265
8574948,39645349
85CatsOnMyLawn,39808885
851fp2018,39823645
852fp2018,39823952
853fp2018,39824360
85sshaw,39923226
853260,39948522
85656321,40053134
8564405,40203309
850Magnolia,40205323
85mjl,40230826
857Jergins,40301649
857Jergens,40301789
852gcg09,40348995
857532307,40357947
85188mkums,40427655
85721mkums,40435789
85366mkums,40437686
85336-2-0,40482138
8559174648,40519550
8598540,40539886
85099,40617877
8549142476,40677219
855Adrianna,40707279
851w0150,40711857
850304,40755945
85439292,40756064
85553mkums,40880889
851984,40999389
8555176,41117732
854549,41122888
850354,41276269
851947,41279150
859880,41310315
858580,41312722
853046,41312763
85soundproof,41386360
857721,41432571
85_petrus,41538725
854kerem,41568309
8554421,41628542
85beckerj,41661186
85741,41663671
854910,41692373
850556,41953287
8572433,42161507
856Dvyni,42253713
8507581119,42294126
85358,42311278
853643AA14,42347331
85347MC,42437054
85726NW,42437055
854248YH,42491128
85meyadaa,43673357
85A,43841252
85j,44224049
8523577181,45027234
8589559,46296190
85Ninja8,46347060
8522236,49983739
850513,50260018
85Gillyweed,50304779
855181f,50332683
854764,50606900
859289,50621320
851012,50621387
852213,50692406
85351ed,50940650
85794vl,50940655
85387ll,50940656
85789zl,50940657
85385el,50940658
85568bz,50940659
85388jl,50940665
85565so,50940668
85566at,50940672
855100,51241801
85em85,51368493
8579216844,51410044
85A85,51709523
852farm,52168333
8578JD3,52196594
856Natalia,52263295
853471,52269809
8511cooldude,52474763
85793,52571760
85-100,52925876
8568163947P,53650522
85926784642,53776062
8549170994C,53805655
853885,53830366
8590225,53911687
859choco,54099700
8529795342,54218883
852026,54287124
853jk,54300193
859044matthew,54615677
854119,54698641
857639,55278499
850548,55658824
850905,55692831
850fettern,55876595
852645,55926331
852645gigi,55926454
852645Gh,55926661
8511692995,55928089
851075,56197177
856289de,56197239
8512692995,56399405
85ant,57077799
85akm,57088604
85SuyogDudz,57281059
85silver,57340328
8545EJK,57417072
8539FJ,57417528
8552jk,57741043
8524purn,57953568
8513Lexi,57976534
852545,58294032
855JsandersOfficial,59390918
85k,59613036
8592815072,59727501
857118,59828879
8509889,59880496
857356277365,59893765
85ant-test,59931645
851t14411,60540657
85martinezus,60761769
855329dog,60868214
857kittycat,60939390
85lightning65,61334065
85momo,61348777
85oranges_animation,61384763
85666kimati,61510704
8553265c,61591976
855892ca,61591997
85Z,61720188
8578585785785857,61929756
8581531385,62003598
854685,62005406
85122ZA,62321386
85238SD,62321387
85672MM,62321399
85913,62420708
852k,62464882
85PES2025,63302015
85PES2026,63302147
852charliepapa,63336197
851a0894,63384230
859069LCPS2026,63555440
85Mojo_TCEO,63911110
85anttes,63953276
85sprinkleorange,64299374
852sprinkleorange,64359298
85anttes_tes,64360569
850sprinkleorange,64361413
855zeynepsu,64410191
85981D,64575854
85c,64788171
85ant_alt,64797530
85245666,64902057
85253794,64936477
85ant-alt,65121538
85201742,65309945
85ant-_-alt,65353762
85fe,65533466
85s,65547155
857518,65943503
856yaren,66160248
858290,66237648
85606dog,66412610
858q43ar329q,66446442
851veysel,66672637
859tuna,66672652
854583989,66851348
85808,66971684
8522236_TEST_,67960798
853020SS,67999822
853716,68147953
850636,68236325
858500,68248729
858gul,68374611
8543983398,68440532
855684,68661283
855341,68718372
855328,68718579
857077,68719825
858300,68869331
853168,69092956
854678,69323210
8563524,69525744
85b,69687147
8521Learn,69793169
85mustangs2021,69843997
856r65r,69965975
858033PTP,70043672
859705ptp,70043813
858609PTP,70044375
850-cat,70101924
859874,70839144
856141,71045586
852NILDA852,71505262
853MERT853,71505271
851YASER851,71505274
856ZEYNEPBEREN856,71505300
855-JAYSANDERS,71750830
85_Silver,71866750
85867876876,71963978
855852,72135827
8525744,72944950
85564,73100103
85406,73185621
851m8307,73291785
8543941,73998833
859398d,74143075
855263i,74143118
859815h,74143273
858845r,74143315
859858y,74143384
858496e,74143431
858878a,74143550
856145a,74143636
858888m,74143691
854801a,74143839
855073v,74144008
859898y,74160143
85y,74281093
8575735,74390623
8575663,74393071
859785,74553961
8531woeM,74775490
85O,74906201
8531827,75119684
8556656,75120235
859474,75637376
85_thecreator,75715633
856470ART,75720516
8586--,75831923
8586_,75832175
8588_,75832300
8586--878,75833007
85-,76004402
85222236,77826055
85E,78002759
856385medo,78301660
85d,78553080
854972613,79304049
857454,79963650
8576737u4848774,80057468
85_,80084299
853402,80389572
85study,80485692
8510-2010,80614043
857sweet,80809904
855328H,81524350
857662,81524446
855333R,81524598
855851,81524658
858987,81524898
855341A,81524930
855329V,81524953
857077R,81525027
855330,81525050
855331,81525090
855852L,81525122
855332,81525134
857664,81525143
855855,81525173
851523,81584475
8589117219,81620910
857312,81828437
8533204736,82174749
8582892853,82704388
853-muhammedefe,83320785
850282001984939438,83373981
85x,83915288
851110,83948383
85G,84018125
8548ds4,84032984
854BW,84767252
859223SJ,84910563
85988449,84929138
850328,85433752
855455EG,85433817
853973,85530193
852105,85744596
8539606497,85839229
851o0921,86098255
851g1490,86678332
850caden,87436417
85R,87588782
85U,87588784
85V,87588790
85P,87588792
85Q,87588793
85M,87588801
85N,87588802
85W,87588809
85I,87588811
85flowwwww,88471618
857021,88483937
8532pizza,88484808
855373,88647177
856215,88647306
8532297269,88687157
8546raven,88773588
851239,89187899
851239V,89188419
851239e,89517304
85quattro,89550731
851239a,90048051
85purplerace,90134188
854213,90208980
851s0338,90227049
858468468468,90763898
85john23,90871378
850407dpsk,90925644
8539881,91058409
855684test,91077520
8549er,91426874
85832,91569180
856160,91669896
85202nosaj,91723019
8563628429,93081296
857360,93548043
85nh0,93651004
8571111,93697214
858546,93945750
856528,93949443
85qw,93961352
854056-,94106431
857649-,94106441
851738-,94106551
855004-,94106599
853051,94107105
854393-,94107589
853754-,94107813
853631-,94231079
855608-,94231085
850327-,94231101
85046,94515970
853ytrewq,95340394
85624,95476191
85ChromeDragon,95967366
85bclass,95971316
85bclass_,95971355
858859539,96377347
858285885,96432114
858986-9056,96809939
855987,97012706
85mori,98177575
856ry4y,98476372
852413,99177804
8592t,99318967
85611,99678783
85green2023cs,99694507
850g,99771009
85958,99903674
855996,100009471
857720LVO,100207038
852Sunshine852,100386256
8559966,100430381
85chickennuggets2,100564421
85033cs2022,100596891
85599666,100877643
851474,100958018
85659,101281095
85321Brenly,101348832
85quintillioncheese,101711854
85ugn,101817373
850651280,101972478
850caro123,102081893
850caro13,102152945
859853,102274866
850-OC-PG-01,102442619
851e3091,102555523
85gl2029,103033613
854855875,103235469
8549m6c752046d8dd52h,103411285
85858858,104138527
85brownbread85,104343106
8596a,104417279
85734072,104982491
857772,105320748
856141AB,105478432
85236_ev,106023172
85608SG,106023188
85608syd,106023830
85655lilian,106023937
856501,106133299
85655LV,106316122
855336,106712823
855346,106712899
858362,106918083
850593stem,106922597
852993Jt,107007186
853143av,107026346
852795stem,107177098
853168stem,107177176
854049stem,107177498
858330,107177499
851412stem,107177545
852093,107177549
853838stem,107177550
851536stem,107177997
856831stem,107509751
853866stem,107509771
855817stem,107509798
856852stem,107509988
855831,107510001
856852,107511152
851607stem,107696957
852493stem,107697025
851287stem,107697028
857314s,107702373
8566003,107722847
853184,107775608
855028BH,107787127
854435,107859729
858953AC,107859759
850869,107931282
85tre90,108187781
85NINJA100,108414758
851s0252,109206358
85_TheNumber,110049854
85skiplane,110109964
854uuc,110815412
85493__,111585177
85bd37,111631283
85948748,111953614
851073lion,112240566
855Josie,112754684
85potato12,113151476
856rebekahe,113485587
856sebastiv39,113485602
85scuba,113510025
855806Pranav,114435916
85095490we,115144250
85q2,115379526
85us,115785367
85741367,116115273
85321Brenly_ALT,116268774
854621397,116733113
855cd6,116805826
8569-niyodo,117488130
856yt9,117567002
85637b,117921320
85bam,117936944
85588,117944597
85DSD6,118931328
85DAC5,118949126
85Make,119475799
85Strong94,119633408
85547,119728391
85tiger58,120165443
85fan,122017979
85poli58,122541418
85Star,124483644
856467j,124700802
85068e,124700884
850684e,124858308
85pixels,124945580
85Pluto_YPMC3367,125360208
857234,125383207
856467,125561898
852655greencheetah,125891961
857436purplegiraffe,125905519
85517v,127416835
85kTyler,127743613
85kTylerxx,127743801
852278,127908421
852528,128422423
856738,128422436
859850TSG,128422458
855991,128422461
854724,128422546
854724mia,128422576
854349e,128625321
85477OC,128714280
85026AH,128714292
85020RL,128716082
85798P,129262867
8566yeet,129718714
8569ben,129737571
857mn,129858368
85Astat,131016258
85gfh6uktyhnfyhf6rud,131270954
850404MD,131564696
85rediRhtaeD,132984046
859288dpsk12net,134400364
85_PROJECT,138393938
858anm24,141333431
