54321,27562
548,68836
543,92153
54321wrghsf,127299
54678833549,133789
54osw,137068
54456456,149220
54321r1,149595
545945628,192691
5410,210717
546,211525
5450,249618
545,289112
5492,291711
549,355221
549145,395766
542,421547
54377,473701
54146,473706
54152,473710
5417,488086
5441,509410
54iannai45,569442
5483023,577334
5487,613676
546lilipod,621023
54078,621313
54275427,626181
54283,644653
54k3r,662461
5413,672870
5478,687924
54321blastoff,692312
5454,693212
54345,718061
5407,737209
5428,737214
5401,737215
5430rita,737219
5429eva,737220
546458695,740603
540683595,744822
5428tina,763089
544457,779523
54X,858383
5438,943094
54HFY,954866
541,959378
54grade,970323
54785,989128
545579180,1050255
545981152,1053187
541236987,1053202
5488,1055316
54123698777,1066592
543abag,1078412
547896321,1087179
541236987119,1090936
54luping,1090950
542313jack,1093143
547245474,1100876
540,1101191
541ovelsweet,1119163
54cd54cd,1202002
54030353,1203138
5486217930,1205578
54030469,1208238
548210080305,1209288
54231,1218925
54030463,1224386
54030495,1231173
541144,1248460
54mb,1254742
543365915,1258126
54232gogo,1300134
5426mzj,1304975
5402aaa,1340426
5403aaa,1340427
5404123,1340429
540921848728,1340438
5416a041212012,1340443
54070,1340444
5421SOFIA,1340450
544389262,1355155
54lulu,1416397
54pig,1443208
54592,1837461
547,1838711
545964086528127,1889913
543211,1901856
54sey,1929281
543701152,1941401
545130heyishan,1960780
542833348,1977230
54sb54sb,1977373
549754,1978805
54891es,2028714
544751129,2057792
54man,2069918
546461443,2167159
546879,2169884
5475,2194643
541430068,2207548
54321T,2249995
54y4ru3,2268070
544152,2275547
54M1N,2276320
54523151,2305321
5432154321,2317460
54040,2340814
54aedan,2384979
543219876,2394755
5453181,2453805
54856435,2496021
543215432154321,2500519
5454T,2518615
54637,2530452
54834,2609103
544521220522202,2619631
5413115,2643469
5410617,2643472
5410516,2651769
548422,2660513
54264,2665958
548625,2667585
54678910,2693589
543216bett,2750147
543293136,2779645
543827,2802681
54321liceo5,2829640
541ycnan,2864780
54667,2885386
5489178,2929517
54321dcba,2972930
544514165,2998866
5476,3007246
5470M,3017803
545658,3031960
544862,3032001
548957,3080899
54tl1,3082984
54887322,3084930
545MRP,3086710
54Pandas,3102657
54875487,3116068
540015584,3122722
540015550,3122751
540016293,3153079
5445,3155147
5423,3162089
543fun,3243422
54queens,3280084
54daisy,3325862
54321qwerty,3330190
54779c,3354650
5488wt,3357773
548448499,3394276
54321_Family,3420436
5432273,3479021
543ccb,3577829
54_V_17,3598466
5436804,3600367
54piggy,3601946
5496301478562,3662222
5444509,3692164
5497454974,3845246
54545,3937566
5417823326,4033199
5462855,4167606
54577,4249240
54544545,4312531
546479416,4313391
54068,4363110
54y4,4387349
54422184,4516454
541isaiah,4662644
5431,4718848
5444,4768436
548879,4801881
546rat,4902126
54745474,4956626
545e,4960278
54329,5279548
543c8j,5285584
54503,5480488
54562,5480738
54321scratch,5843918
54892,5986276
541parker,6061492
5432198888,6076234
54D0W,6297846
543vip,6394488
541541,6564948
544458,6682682
54321om,6745386
5442745,7369952
54_lau_coronado_a,7675080
54-,8036946
54657,8182366
54jakey,8418000
5463,8598338
54321GO,8679210
54____,8909300
544,9596724
5432IGO,9949112
54CottonCandyKick11,9998176
54321showtime,10128318
5457452643257328,10902090
5432345,11222790
54sswas,11317876
54bart,11403662
54g,11825892
54fifi,12030130
540600j,12264074
548471770,12339140
545230,12502934
546lex,12507274
54321ymmot,12551302
54723,12560520
5486732,12889784
542325,13070942
54757,13123152
54353,13151222
54j,13294886
54Timber,13588509
54001935,13637111
54roses,13853934
54R4H_H4RR15,13903922
5478957849567,13944891
54321what,13993744
54ninjaRor,14044179
543219,14159333
54467,14369880
54321234543212345,14457720
54325,14490794
54910,14529238
547320,14594802
546813875,14640142
54321Epic,14842463
543SwampFrog,15802504
54l,15812051
54abby,15887058
5488888,15951829
54888888,15951883
549766,16310498
54042051,16330073
54a,16795045
54321BAB,16998380
543055,17037692
54creepersam,17215240
54books,17349918
54302,17409303
54316,17456594
54838677,17645671
54312Blackcat5,17663307
545soccerdude,17726644
543017,17938596
54289CISDTX,18094263
549985,18115209
54658crowleyisdtx,18128923
54b,18140142
546775CL,18149642
54503240,18157214
549355,18249631
54pink54,18349800
54365u,18443428
54Natalie,18493143
548911,18526796
54729M91,18578420
5493948257,18634035
549LiaHoan,18668861
54321kittycat,18745511
54BlueLane,18752502
54y95w7664e89y64,18772074
5404JS,18856562
5404BM,18856565
5404BS,18856566
5404IC,18856567
5404SG,18856568
5404JO,18856569
5404PS,18856570
5404KG,18856571
5405CQ,18857349
5409JZ,18857575
5409JY,18857576
5409TMon,18857577
5409ZZ,18857578
5409TT,18857579
5409AROD,18857580
5409MS,18857581
5409JW,18857582
5409KZ,18857583
5409VW,18857584
5409LG,18857585
5409DGon,18857586
5409FSAC,18857587
5409KC,18857588
5409DGav,18857589
5409AY,18857590
5409JA,18857591
5409LZ,18857592
5409AR,18857593
5409VR,18857594
5409AK,18857595
5409TMih,18857596
5409BL,18857597
5409HS,18857598
5409DP,18857599
5409VD,18857600
5409FS,18857602
5409HSIL,18857603
5411MM,18859615
5411RW,18859616
5411HC,18859617
5411SS,18859618
5411MG,18859620
5411AM,18859621
5411JR,18859622
5411MZ,18859623
5411DemG,18859624
5411RL,18859625
5411SM,18859626
5411ET,18859627
5411AB,18859628
5411EH,18859629
5411CL,18859630
5411CH,18859632
5411AO,18859633
5411BT,18859634
5411TW,18859635
5411CS,18859637
5411KH,18859638
5411EL,18859639
5411DanG,18859640
5411MT,18859641
5411KA,18859642
5411DO,18859643
5411JC,18859644
5411JB,18859645
5469,18859734
541456,19082193
540802,19107591
54I,19107715
5404SK,19208091
54M,19210325
5409Ram,19255203
54banana,19318863
54321catman,19349930
5416975628,19484364
54t161,19520819
54S,19534335
54658768,19577353
54099,19608250
54199,19608254
54999,19608489
5498464673,19642853
54399,19697088
54699,19697106
54499,19697183
542263,19748882
5412saintetienne,19802159
544332,19826417
5454546,19860205
54754,19984582
54321numnum,19996792
5463726,20063179
5491RMS,20143901
540163,20310522
540174,20310535
540155,20310539
540068,20310545
540106,20310560
540063,20310572
540071,20310574
540072,20310578
540075,20310591
540062,20310605
540039,20310611
543495,20345113
543543ss,20353257
54525rau,20475339
546783,20528540
54277,20564853
5473fng,20634803
544515645285,20657833
54350624,20694083
54321Nova,20744576
54H,20815070
54heads,20845538
5466j,20892320
54f,21016280
54299,21026662
54899,21027304
54brooke,21093763
5478525a,21257065
5415617736u,21345088
548500,21398254
549058,21398255
546558,21398256
547672,21398257
546648,21398258
546672,21398259
548311,21398260
549347,21398261
548679,21398262
546739,21398263
549192,21398264
546717,21398265
546619,21398266
546584,21398267
549197,21398268
546612,21398269
547075,21398270
549635,21398271
547071,21398272
548982,21398273
546760,21398274
546691,21398275
546736,21398276
546752,21398277
548937,21398278
546693,21398279
54_143711,21445310
54_147442,21445311
54_130624,21445312
54_135264,21445313
54_140199,21445314
54_153919,21445315
54_135263,21445316
54_147868,21445317
54_148633,21445319
54_140664,21445320
54_132511,21445321
54_136349,21445322
54_147863,21445323
54_132008,21445324
54_153182,21445325
54_137405,21445326
54_141010,21445327
54_137566,21445328
54_140270,21445329
54_141036,21445330
54_145292,21445331
54_137524,21445332
54_140804,21445333
54_138147,21445334
54_134432,21445336
54_135502,21445337
54_144519,21445338
54_150879,21445339
54_140150,21445340
54_150688,21445341
54_140912,21445342
5471F,21487807
54_adevi_va,21492620
5409harry,21498292
5424czme,21498295
5423angelina,21498316
5413ian,21498318
5411chidi,21498319
5412Li,21498389
54charlie54,21543486
54321goodbye,21551406
5431fnaf,21631142
54554543,21637858
5478525s,21644524
54w65ugXIWG3N395,21696244
5465465661,21720356
5443098280,21891409
54631,21931335
54469,21963388
54atst,22078231
5470pinnapple,22136003
5482566,22375034
54321ui,22450772
54783209312,22535591
5404AdamA,22560793
54212356,22633964
5432811,22648874
54awesomeness,22650617
5455Y,22669465
54Y,22686090
5492930,22737709
5485464,22808359
54RATCHGAMER,23058423
543461,23300307
54565667867566,23384857
54520,23952546
54086,24043168
54163,24043315
54321OMGLOLOLOL,24092614
5404JHar,24163560
54t,24304946
54lovealways,24330132
5452854296545628925,24451629
54tuv,24464265
5463iinet,24470119
54086sebastian,24535481
54828385,24638061
5487940,24692612
54d,24757073
54andykuo,24802501
54579,24811818
54197,24847437
54360921,24974538
5449999s,25100344
5469999s,25100345
5429999s,25100348
5419999s,25100349
5499999s,25100351
5409999s,25100357
5459999s,25100360
5479999s,25100361
5439999s,25100376
54m8,25101444
547567,25158752
5432781867,25177247
548754875487qqq,25269989
542952,25303741
5478500,25391510
5478400,25391516
5478200,25391523
5444100,25392456
5428200,25392460
5437100,25393360
5499000,25393912
5499500,25393920
5497800,25393926
5498900,25422467
5490400,25422470
5444700,25422738
5483100,25423242
5482134,25456441
540001740,25544169
540001587,25544221
540002219,25546379
54321m,25580883
540001421,25582002
54478-CarterL,25612480
5448r8r8849448383883,25768315
542780,25941030
5498800,25941606
54079cvusd3,25945043
54595cvusd3,25945045
54615cvusd3,25945052
54767cvusd3,25945057
54020541,26025170
545274,26027391
5490900,26051378
5498600,26051385
5481500,26051392
54dokkie,26086588
543ja-0,26095213
54444100,26128199
5445445445,26220307
5458200,26233355
5480000,26233358
5483200,26233368
54986MSH,26252454
54721,26354389
54232,26379447
5430900,26409181
545R56YU77,26513135
54323122,26516894
54gtvdrbrtgrdxgb,26550606
543dfg,26566767
54321001,26601393
543216mini,26621990
54b2017,26646280
547892,26676591
54882,26719937
545740,26801574
5454545545555,26893007
5483400,26921429
546793,26953307
54op,27019383
54yuscratch,27029954
545qw,27065209
54TE64FE6RG4,27261589
54795j,27321981
54971j,27321986
5479048,27326810
545436,27352442
543gio345,27406693
543210blue,27499741
544560808,27784716
549426842,27784744
54574hutto,27797332
54ab8a,27972486
54286,28061091
542-fly_,28202225
54735846,28263738
5496761441,28272126
54Marina,28284632
5476567,28384684
54637291,28442213
543992,28655773
543606,28655868
543743,28655894
5483848268,28688900
5421234,28692340
543007Luna,28783371
54k,28970248
54647,29607008
54362126345,29680460
54321_____,29824436
54_,29844334
544810,29921038
5469875785,29921608
5418496441,29937023
54V41_P4RK3R,29977212
546keremacar,30084278
545445454848,30136028
540722,30183698
54020,30345415
5400057AV,30396697
546450,30456686
54DiamondStorm,30513186
543242343223,30516954
546312,30711094
54dney,30714881
54mehmet,30715554
5400220,30729989
54321gg,30972983
54639,31023164
54769118,31100890
5417777,31174568
541777,31175251
54-LTEC,31229416
544IA,31351333
54xiro,31382477
5454547,31513644
545kcrtap,31516866
541986,31541328
54DiaStorm_Test,31881722
5406B,31911124
5416B,31911128
5446B,31911132
5465894121H,31970075
54878870201,31981538
54cj654cj6,31981633
5432376822,32127501
5467383675,32166867
544ADJ,32174454
5400017mg,32185389
5400453ka,32185478
544566565525656,32274104
54Sloth,32476600
54Elephant,32476613
54Giraffe,32476620
54Koala,32476630
54Lion,32476637
54Duck,32476645
54gb5h3a,32498781
5408712,32669655
54321shark,32691673
54321bird,32691707
54321frog,32691740
54321hippo,32691747
54321eagle,32691752
54321kitten,32691754
54321rooster,32691757
54321fish,32691764
54321snake,32691785
54321kangaroo,32691787
54321puppy,32691789
54321piglet,32691793
54321tiger,32691802
54321panda,32691810
54321panther,32691817
54321dolphin,32691822
54321mouse,32691824
54321flamingo,32691829
54321monkey,32691832
54321dingo,32691836
54321sheep,32691842
54321horse,32691843
54321dog,32691844
54321goat,32691847
54631sh,32726587
54321ant,32764665
54E,32770956
545-6565,32851242
5443221,33339786
547Meerkat,33374756
543gaming,33419364
5454011,33560846
541028N1333,33742602
5432112345678900,33875703
54RE,33901154
54DigiKid,33910995
5403276424,33949821
54888888888888888,34033006
5464666,34267643
54321v,34356484
54269738,34414271
54321roland,34426611
54232san,34522251
54girl,34524860
54baloomst,34739718
5404bb,34806689
5405bb,34806700
5407bb,34806714
5410bb,34806888
5410bbb,34806902
5431bb,34824272
5401bb,34824274
5408bb,34824281
542689,34909907
543872564,34973753
5407bbb,35037557
54172457854,35059811
543sam,35063019
5428834579,35250791
54slesmanatees,35270216
5404tnis,35314621
54_ur,35330833
54534573743,35356619
546580,35382053
54hdk,35404734
5432122,35480862
54567657,35529923
54imagine,35566902
5443588478,35635754
5454MIN,35721606
541Magnolia,35765759
5454848956,35824498
5471759559,35824507
54321Self,35825835
54919,35906170
54OMGTech,35940718
5485642217,35958571
54UMUT,35982600
54266,36017566
540501,36186993
540502,36187213
540503,36187217
540520,36187354
540518,36187355
540506,36187356
540508,36187357
540509,36187358
5405111,36187359
540530,36187360
5405222,36187361
540507,36187362
540529,36187363
540510,36187364
540526,36187365
540527,36187366
540524,36187367
540525,36187368
540504,36187369
540523,36187370
540519,36187371
540521,36187372
540517,36187373
540516,36187374
540515,36187375
540514,36187376
540513,36187377
540512,36187378
540528,36187379
540505,36187380
5415211,36188393
541507,36188394
541528,36188395
541523,36188396
541506,36188397
541522,36188398
541512,36188399
541525,36188400
541513,36188401
541524,36188402
541520,36188403
541509,36188404
541508,36188405
541518,36188406
541519,36188407
541527,36188408
541526,36188409
541503,36188410
541502,36188411
541501,36188412
541517,36188413
541510,36188414
541511,36188415
541505,36188416
541504,36188417
541514,36188418
541530,36188419
541515,36188420
541529,36188421
541516,36188422
541006,36188678
541007,36188679
541004,36188680
541005,36188681
541002,36188682
541025,36188683
541013,36188684
541001,36188685
541028,36188686
541029,36188687
541019,36188688
541018,36188689
541008,36188690
541009,36188691
541021,36188692
541016,36188693
541023,36188694
541011,36188695
541030,36188696
541017,36188697
541015,36188698
541026,36188699
541027,36188700
541012,36188701
541024,36188702
541022,36188703
541020,36188704
541014,36188705
5410033,36188706
5410100,36188707
5413055,36189059
541302,36189060
541324,36189061
541304,36189062
5413033,36189063
541307,36189064
541325,36189065
541306,36189066
541323,36189067
541322,36189068
541321,36189069
541320,36189070
541301,36189071
541309,36189072
541308,36189073
541318,36189074
541319,36189075
541316,36189076
541317,36189077
541314,36189078
541315,36189079
541312,36189080
541313,36189081
541310,36189082
541311,36189083
546987315,36212312
5404-30,36271888
5404-29,36271889
5404-14,36271890
5404-23,36271891
5404-18,36271892
5404-19,36271893
5404-20,36271894
5404-21,36271895
5404-15,36271896
5404-16,36271897
5404-17,36271898
5404-10,36271899
5404-11,36271900
5404-12,36271901
5404-13,36271902
5404-22,36271903
5404-28,36271904
5404-26,36271905
5404-25,36271906
5404-24,36271907
5404-27,36271908
5404-8,36271909
5404-9,36271911
5404-6,36271912
5404-7,36271913
5404-4,36271914
5404-5,36271916
5404-2,36271917
5404-3,36271918
5404-1,36271919
5405-28,36274467
5405-18,36274468
5405-30,36274469
5405-29,36274470
5405-20,36274471
5405-9,36274472
5405-8,36274473
5405-3,36274474
5405-2,36274475
5405-1,36274476
5405-7,36274478
5405-6,36274479
5405-5,36274480
5405-4,36274481
5405-13,36274482
5405-12,36274483
5405-11,36274484
5405-10,36274485
5405-17,36274486
5405-16,36274487
5405-15,36274488
5405-14,36274489
5405-22,36274490
5405-23,36274491
5405-19,36274492
5405-21,36274493
5405-26,36274494
5405-27,36274495
5405-24,36274496
5405-25,36274497
5409-9,36274592
5409-8,36274593
5409-7,36274594
5409-6,36274595
5409-5,36274596
5409-4,36274597
5409-3,36274598
5409-2,36274600
5409-26,36274601
5409-27,36274602
5409-24,36274603
5409-25,36274604
5409-22,36274605
5409-23,36274606
5409-20,36274607
5409-21,36274609
5409-28,36274610
5409-29,36274611
5409-19,36274613
5409-18,36274614
5409-17,36274615
5409-16,36274616
5409-15,36274617
5409-14,36274618
5409-13,36274619
5409-12,36274620
5409-11,36274621
5409-10,36274622
5409-30,36274623
5418818845,36290162
5418382691,37222553
54162010t,37425353
545mmk545,37650400
543okr543,37654047
5450plc,37676091
547aka547,37711527
542mkn542,37711541
54443,37717321
5485448474874488,37782223
541444,37788837
54blue,37837992
543bob,37849888
54v,37864644
54321craig,37960476
5487a,38019694
54lhlt4gjgiojg,38037481
54emehfri,38272984
54etraeri,38273082
54ehenemi,38273593
54eknuron,38275309
54esivkar,38278477
54evansun,38278482
54sivkar,38281071
54ekrobra,38283786
54esetoda,38289878
54efuting,38290516
545466666666,38297357
54erosbra1234,38316975
54esoredg,38317184
54eleisol,38317200
54ecarzar,38364740
54646LJU,38381299
54evidell,38394051
54snake,38429390
54661kno,38432896
54661knowles,38433080
54362395,38523036
54623Cag,38694111
54336,38721781
54321rob,38842940
54892Cag,38882222
54a560,38912254
54p01n07,39104317
54p01n30,39104318
54p01n29,39104319
54p01n08,39104320
54p01n09,39104321
54p01n06,39104322
54p01n19,39104323
54p01n21,39104324
54p01n22,39104325
54p01n28,39104326
54p01n23,39104327
54p01n27,39104328
54p01n24,39104329
54p01n25,39104330
54p01n11,39104331
54p01n10,39104332
54p01n13,39104334
54p01n12,39104335
54p01n15,39104336
54p01n14,39104337
54p01n17,39104338
54p01n16,39104339
54p01n20,39104340
54p01n18,39104341
54p01n04,39104342
54p01n05,39104343
54p01n02,39104344
54p01n03,39104345
54p01n26,39104346
54p01n01,39104347
54catplays,39116918
5487ka,39163581
54336h,39217993
5436978670,39236782
5432111bro,39267057
5432lin,39303651
54gmtang,39370025
54ehusalf,39390236
54estrhei,39390237
54ebermar,39390266
54ejenhen,39390290
54eingisa,39390295
54eqvaphi,39390299
54eresvil,39390313
54efevliv,39390345
54egriani,39390350
54erosthe,39390361
54ekarmar2,39390362
54eforemi,39390375
54eottcha,39390382
54egrilin,39390397
54emehjoh,39390417
54egjetom,39390435
54efremik,39390591
54snake22,39460911
540001776,39516636
540002256,39516642
540001777,39516653
540001822,39516743
545821,39605281
548605,39688891
548545WherewolfRJ,39691556
54321roland2,39776642
5432dndstj,40236299
54321ll,40307657
547070,40344252
54873030K,40414183
54775,40473022
5437791585,40519546
5457353524,40677539
5415429,40732381
54riceball,40797264
54646764648436,40883297
5432HI12345,40929853
5434ccb,40961733
5439ccb,41089149
5432LEX,41160883
54321098765,41175995
54SFS,41176411
54641,41384371
544sude-poncikofsu,41411544
54Melek_10964,41411571
54jackm,41487548
54owenk,41487549
54michelleb,41487550
54johnc,41487551
548724,41493247
546cinqt,41507199
54255roei,41544382
54BJules1819,41545299
5436543,41546614
54600mic,41620853
54321rowan,41723572
543rehcaeTlooC,41818271
54983Austin,41917094
54466345646336654lol,42079561
54999311006,42099598
54991604242,42099606
540001822_mybousd_us,42265292
5455032,42507780
54626,43221458
54372,44022508
54tyk6u,44142894
5404-31,44166460
54V4G3,44244852
5405-31,44245761
5405-32,44245944
54329_Teacher,44301080
54532,44393746
5417jkwan,44491181
54ase,44598420
5484341,44837649
542137463,44839238
543290,44919890
548765796yg,44972156
54SAK19,45072029
543Hacker,45107915
5405-33,45264934
54Rose,45722533
54Bark,45722534
54Land,45722535
54Water,45722536
54Leaves,45722537
54Lilac,45722539
54Light,45722540
54Heat,45722541
543533,45734737
54757ggrthsrhjjyssfh,45854538
5487apple,45927303
54321Banana,46460893
54776tomas,46630463
5432person,46676473
54unicorns,47438630
54raebimmug,47962677
541045,50045529
547imagine,50213607
540imagine,50213611
548imagine,50213618
544imagine,50213619
545imagine,50213622
542imagine,50213623
546imagine,50213627
543imagine,50213630
54321em_taE,50265040
5443221111,50273614
54HSDCB,50299801
54HSDDW,50299802
54HSDTF,50299803
54HSDPL,50299804
54HSDCH,50299805
54HSDLC,50299807
54HSDTJ,50299808
54HSDSC,50299810
54HSDNW,50299811
54hsdmb,50300561
54232567,50464397
543849,50649129
545831,50649748
546293,50649814
540081,50649823
546913,50653742
549444,50653765
540164,50653791
547267,50653812
547274,50653880
54665AS,50712902
5432I0,50856428
543DOOMSDAY,51035586
543mmmong,51038087
5432167,51066322
545258,51136303
546267,51285223
5424020w,51291889
5497969670,51314098
54ll8k,51355789
54ll8m,51355944
5407lucas,51564244
5413cs1,51634354
5413cs2,51634355
5413cs3,51634356
5413cs4,51634357
5413cs5,51634358
5413cs6,51634359
5413cs7,51634360
5413cs8,51634361
5413cs9,51634362
5413cs10,51634363
5413cs11,51634383
5413cs12,51634389
5409cs11,51642754
5406cs30,51642849
5406cs28,51642852
5406cs25,51642853
5406cs24,51642854
5406cs27,51642855
5406cs21,51642857
5406cs20,51642858
5406cs23,51642859
5406cs16,51642863
5406cs17,51642864
5406cs10,51642865
5406cs11,51642866
5406cs13,51642868
5406cs19,51642870
5406cs2,51642871
5406cs31,51642880
5404cs16,51642960
5497969674,51676738
54675mgdfrw,51937993
546719,52038700
54HD_project,52288298
54r,52502203
54unicornia,52527569
5436535763,52606600
541381,52615379
54rainwater,52710303
5413cs14,52758030
5413cs15,52758036
541487,52768080
54max,52776963
545asaf,52889796
5417page,52965597
545284,53336024
5479729668,53607212
549849649872,53607329
5434woody21,53607481
548640_DIT,53864650
5455teaching,56004442
54greynolds,56330888
5404aa1,56798342
5404jb,56798351
5404eb,56798357
5404nb,56798360
5404nc1,56798381
5404lc,56798383
5404lc1,56798386
5404je,56798391
5404mg,56798398
5404mh,56798403
5404mi,56798413
5404ak,56798415
5404jk,56798419
5404mm1,56798421
5404sm,56798423
5404bm1,56798424
5404jp,56798426
5404ap,56798438
5404lr,56798440
5404er,56798448
5404or,56798451
5404jg,56798452
5405ac,56798484
5405jd,56798486
5405vf,56798489
5405hg,56798492
5405mh,56798495
5405mi,56798498
5405tj,56798501
5405aj,56798505
5405sk,56798507
5405lk,56798511
5405tl,56798516
5405cl,56798519
5405km,56798520
5405jm,56798522
5405em,56798523
5405jn,56798530
5405sn,56798532
5405do,56798537
5405kp,56798541
5405jp,56798546
5405dr,56798547
5405lr,56798558
5405kr,56798562
5405es,56798563
5404al,56798605
546ela,56817405
541hasan-cj,56817481
5404ar,56955907
54stanley,57107540
542derin,57164080
54321eeveec0de,57277869
5497003313,57333895
54083,57526446
54PandaGirl,57653318
5483purn,57953554
547023,58314107
54526235254621,59099548
546SASHA_1,59129652
54_sakarya_54,59210385
546423,59397731
5436Yes,59481276
546576767656454343,59520005
5453563413,59727559
541111725,59836635
54321DuhDuh,59971786
54moshe,60194721
546984605874,60555678
543reedklo,60596579
5488339,60676866
5464live,60908887
5411019129,61020277
54aluScratch_CPR,61113512
54slimbird,61239177
54321Tigg,61292147
5423672,61491481
54428546111,61494753
54321goldendog,61628711
545654894,61806470
543xuniL,61878515
54ffdfvfdfdfdf,61883424
5416196354,62088520
54321cake,62108532
54cc,62125827
545_hello,62181071
546784,62475623
5432543,62520709
54se,62701806
546cole,62825433
5444-,62856689
54543234,63110965
54uchakip,63190974
54PES2025,63301992
54PES2026,63302144
54088a,63310298
54tfgh,63353080
543093,63404906
544pde,63516048
54428546111pro,63653749
547470,63715535
54879tv,63718124
543or,63782183
547467254786,63794956
54428546111yedek,63808087
54444f,63815530
546993,63824512
54321selffie12345,63905085
5432x,64072607
54568395834095,64142222
54-dog,64157020
540kaganc,64410185
5432870967,64510129
54428546111_TEST,64630971
54353635,64687093
549903,64805770
549643,64805824
549906,64805844
541826,64805897
5423foxtime,65363807
544891,65424640
541225210,65436531
544223,65674697
54422,65678321
54Petrichor,65860858
5425773136,66010071
54321bastoff,66025784
5463ecs8,66060363
544ty,66219955
5450sing,66576420
543gulsen,66668857
54647848474647,66780040
5474744,66893036
54351990,66913700
54ali71_00,67151756
544rfgtbr,67163860
54794891,67647990
544349271,67763918
543519909,67888706
54blocky,67931384
548555558,68071854
543588,68113373
5489030,68146074
5487148787,68188329
548714878787,68188426
5487972796_Lila,68446943
543dolphin,68556546
549639,68582388
54321543,68653333
54351990o,68745568
54p,68800431
5435199090,68826457
540049799,69125885
54674564,69132318
54_baby_trey,69141334
545064B5,69253608
541747B5,69254032
545939B5,69254159
543218192,69276176
5487940485604,69303492
54333453453,69391945
54melo53,69422093
54C,69721337
545-cat,69765700
54mustangs2021,69843961
54678ty,70176175
54sssseidda,70490987
542-cat,70549423
54901HAT,70561614
540384,70636962
5453443,70822553
54smart5231,71100292
545345655546gg,71162791
54654444444,71317165
5468917,71432199
547857548675865,71466493
5486888866,71569806
541965241,71660425
54qcy4eytv,71817387
54567554,72021038
5445apple,72192321
5445pine,72192335
546689,72217197
54u,72475947
54445444,72501651
545algerie,72664555
547444ej,72762909
549734ar,72762927
549413jo,72762937
548628bh,72762999
54N,72765563
541_paarthu,72793674
54tea,72811395
5437638,72817342
549341,72845816
543pot,73021106
546456456,73947697
549731vg,73974179
5489999999999,74496819
5437_Beach_Vibes,74545511
5487954879785989,74557689
54gl2029,74708711
54asya,74805956
545uvuyuv,74895963
5456467586,74933934
54321_Senior,75204509
54321_junior,75204678
544-6,75303525
5432ente,75702715
5432ente-alex,75702955
5446387219,75722637
54ov,75735296
545485,75761013
5497733ks,75879778
549968dc,76216454
54352342,76363050
546545,76384095
54321blaze,77492518
54O,77684806
545445456246867,77888657
54tuna,77913319
54321oldoak9876,78341317
540954229,78371060
54378987687903,78420772
548932,78453890
54kakeru54,78518080
546267_Alt,78678047
5425teacher,78741372
5411081111031101,78838749
5403358016,78864594
54321em,78984610
5464w23409,79024695
549561,79061149
542ndAccount,79181572
545algerie1,79289939
545algerie-test-,79351604
54870438_cat,79478023
54850948958,79605891
543sda,79636989
549755813888,79793855
544443,79812757
545algerie10,79979897
54648388344,80027177
542278JT,80031172
5412exe,80153097
5451519,80288723
54s1stem,80312678
54s1gene,80314147
54547728,80352999
545467789,80399428
5400022634,80401426
5400026094,80401441
5400026752,80445334
5400028092,80445342
545Games,80465580
5461in608,80467102
544DDUCHXC7,80471274
547536,80516368
549206,80516428
549160t,80516448
540WP,80654901
5471274415,80710874
545xXYeetMasterXx545,80777397
547scr22,81100111
54shygo,81259849
54gay123,81261586
5487090,81498016
54007GD,81629007
5427845,81637047
5418814527,81915395
548412,82272218
5423476496,82334275
54331-,82336674
54367899,82346289
545-fatima,83245533
5469961,83245600
549246,83491398
546789juhg,84088570
546357357357537,84321983
54637782,84382002
54660,84610601
5443543534534545,84945740
545454l,85178322
546802kmke,85471333
54pizzas,85493123
54z,85609973
543233,85802747
54earth54,85962982
5473ccb,86097544
54q,86251969
54w,86252016
5441234adc,86348063
54Kai,86393984
54830tiger,86623587
54088so12758,86631281
546544545654,86825394
549208,87044976
5416179,87091389
5488335765,87094055
54390m,87189927
540888888,87455237
540srkiho,87532409
548srkiho,87532421
546749,87736824
54882362jvsj54882362,88028829
54bigfoot,88383716
546789pizza,88646062
542742,88705924
542TVchannel,88706199
5490raven,88773587
54238769,89186748
54fireball54,89202772
54952A,90135385
544676,91570191
54903p323,91801258
54hh5g5r,91992981
5431hsj,92159193
5460460,92289280
54746383,92655707
54432211,92670791
5430towa,93055773
54354354367,93202365
54ioybrwyui,93380118
54882362homework,93570494
547913,93869201
549984,93869274
546974,93869322
5427232743,93986737
544451b,94038771
544453k,94038831
544453ki,94038961
545611,94039005
546880,94039049
543_cheetah,94521559
5463565,94877445
541108110210,95362583
54959fld,95626316
54321bruh12345,96150216
546rugh,96235050
5467839FTGYH,96278325
5441lk,96432090
54678edt,96588975
547414342,96792146
54Karma_,96825568
5487AASS,96857219
5487AATT,96874448
54686,96949990
54_Exe,97508069
543-TyranApril,97680140
54678565856,97689907
548754870,98028095
54646456546,98184637
54545sineD,98197461
54366272,98300873
54376337,98350364
54321aaaaa,98429006
54373KR,98845981
5400harrypotter,99167434
54321love312,99256585
546787654356,99290653
5400023565,99354760
542985,99355792
541_t,99543042
543210123,99562142
5400026095,99598702
542074bps,99756586
545467980,99856021
5467sdfghklw3sdtgj,99951016
54cookie,99956627
54milk,99956942
54cake,99957340
548664IGR,99983487
54-highhopes,100084449
54bread,100112197
54888-2023,100151063
54545425,100366172
54545404,100366184
5432ilio,100423071
54WEIRDO,100946660
54football,101177358
546omer,101250928
54526,101670893
54888--2023,101736020
54111211,101851789
540984kame,101997484
54554554,102009766
54688,102011551
54sonicguy222,102070527
543345nbsbs,102191861
5449857,102333101
54387a,102663143
54Jingledells,102716687
548726,102818330
5454507,102995617
541989687,103261903
54ikun,103385668
540660,103447918
54R4HN1P,103578447
5471Gaer5471,103607990
54Farmallsmta,103659333
54321cats,103770207
5455redtiger,103935678
546324,104201475
54M5T3R123,104406876
54387a_test,104571366
5430towa_sab,105039039
5430towa_sab_sab,105122400
5430towa_sab_sab_sab,105122641
544betterthanlucas,105296319
5430towa_sabX4,105333235
5430towa_sabX5,105333286
54321doon,105633877
54673tyr4u3,105654856
54756876,105669022
543311,105704998
5430towa_sabX6,105717456
54tutorialsYT,105771942
5437893,105844153
54dolphin,105857745
54tech15,105892041
543doge,106037653
54ujfrmfc,106066932
54edr6t78y9u0i-jhu,106126288
54321yibbit,106324539
54365656,106387339
54321645,106387403
54kal,106427756
547ysrg5,106522850
5463657,106768590
5416AR,106905640
5436cat,107175897
54387a_test2,107237450
54ts,107293201
5451Gray,107456766
5436961,107696407
547CT,107833707
54749580,107862452
5430towa_sabX2,107873639
5430towa_sabX3,107873648
5430towa_sabX7,107873678
5430towa_sabX8,107873712
5430towa_sabX9,107873741
5430towa_sabX10,107873756
54BurgundyCoder,108359595
5432ASD,108593021
54t67,108596970
544b,108644765
54687Ilovecoding,108656841
54484,108826186
54hmvq9348,108900387
54061205,108924490
545nico,109129732
54331--,109136845
5472Butterfly76,109453696
54bodys,109504934
54long,109929912
542jo,110013900
54scorpionfly,110017167
54barkdog,110037700
54857457,110233334
543216yucat,110250108
5474iloveschool,110337606
54654iQ,110476433
5407th,110642064
541gdet,110660385
543456789,110822744
5458188,110949443
5465269S,111129381
54321_ROCKET,111289972
544204m,112031945
544370m,112039027
5454_WarsBed,112136492
543825nakano,112253458
542520kame,112495376
540bead,112509666
5454food,112524882
543379nakano,112541151
543991nakano,112541246
54321119,112678245
548509S,112680445
544795nakano,112874476
544824taka,112914249
5467329,113404878
542ayanamo1,113485618
5407495,113625174
5407639,113625184
5407929,113625185
5441156,113625186
5407697,113625453
5407745,113625469
5407688,113625470
5439162,113625472
5441208,113625475
5408920,113625476
5436252,113625477
54NR10-3D1TZ,113828032
5454633,113885645
5436880,114166454
54321PC,114208706
542_t,114375953
54464283,114900151
547980135,114900169
545385nakano,114987555
54gamerboii321,115199736
5468625,115419335
5474568,115584674
5411_hi,115682542
54486576,115719804
5471295,115738189
5432wertc,115766308
545454144,115886326
54321dsapoiuytrewq,116099886
545325345,116102945
546847coder,116583668
543286,116985589
543443oppiheulB,117526938
548413,118033542
547899,118033570
546676,118033593
546023AM,118034060
548012CK,118034214
547458,118035762
546380,118035768
546996,118040674
547752-1,118083279
547990,118083450
547145,118083464
546046,118083465
54minecraft45,118181640
54231mn,118291922
54blazingpaws,118391298
54298Ian,118499026
54sl23,118662056
54MG390,118880250
5441CS,119100457
54Make,119410749
544446,120199088
54puplover134,120213892
54321Aple12345,120222518
54EJR5,120238889
546772Ch,120296551
5481CM,120509272
5460CL,120509391
5496JN,120509461
5460DL,120509654
5467eh,120510021
5488OW,120511124
5466AS,120514361
54365tgkjhouuyf,120619733
54321tylor_extra,120853580
543266God,120868999
54321Destin12345,120991976
546753,120998427
5475LS,121001638
544782,121251841
54321_DM,121461763
546792kame,121807562
54bodys1,122287040
5413_5413,122485171
54002,122907836
54003,122907857
54004,122907869
542818381,123132581
54654547,123167992
54ZBJ,123194776
544moonCODER,123941272
5467_Test,124014485
547828m,124724882
54324352,125149099
546990BV,125465137
5418tonL,125512891
545rules,126066184
546372890,126170632
546372899,126172445
54881TO,126175069
5487ykcuH,126342969
5418jacc,126352469
543535,126357649
5409cric,126486392
5409isml,126487730
54saka,127165177
54959CP,127318126
546hia,127410250
54576dcc,128114084
54653465,128124913
548340,128323598
54hygfir,128331140
54878992,128344731
5400AP,128519074
54304VL,128603354
54POSEMI23,128609899
54544545a,129178502
5493076,129758900
54moon54,129855660
54gl2032,129877598
546006lsvo,130406807
544522,130710649
5454144,131611890
5409qw,131737369
54wyw45y,132051119
544mm,132504584
545467890,133317171
54trtrtr,133756926
549404nakano,133759896
546172stub,133957259
544192taka,134520907
543unicornio321,134857958
54654645,136963215
54632534,137968106
544-5-5,137968304
54_crf2324_el28,139104827
54_crf2324_el27,139104828
54_crf2324_el10,139104829
54_crf2324_el11,139104831
54_crf2324_el17,139104834
54_crf2324_el05,139104835
54_crf2324_el07,139104837
54_crf2324_el06,139104838
54_crf2324_el01,139104839
54_crf2324_el03,139104840
54_crf2324_el14,139104841
54_crf2324_el02,139104842
54_crf2324_el23,139104843
54_crf2324_el22,139104844
54_crf2324_el18,139104846
54_crf2324_el15,139104847
54_crf2324_el08,139104849
54_crf2324_el24,139104851
54_crf2324_el30,139104852
54_crf2324_el29,139104853
54_crf2324_el21,139104856
5418qw,139394417
543876576,140088594
54ertfyguhijo,140411273
54452374,141644446
