74h,72043
74i,72044
740,87519
741,139526
745,164547
741852963,169534
742,177137
744,200406
747,219679
746,270327
74potions,369098
74loiiz,386675
741597282,391247
741299167,396523
74526734,424550
749Guy,433712
743,434236
74beatz,485010
7421798,489336
744741505,528795
7468738z,529742
741852963qwe,536715
7433,542194
741147,552717
747MOMO,588366
74123698,642078
748159263,679441
748,691645
74u,729606
744hut,741671
741963,743780
7481,946108
745447237,1047603
741741741,1071643
7410256389,1071815
741258963,1094889
74351,1113247
7485,1198313
747372844,1350191
7418521,1428699
74988,1451229
741852963s,1989551
740062450,2059571
740zop7nb53,2098852
7461032128,2169724
742707501,2175868
741549514,2228241
74185296300,2251529
74407413,2294052
74Boss74,2294709
7494pingu,2483842
740372,2487715
74108529636,2515434
7477801,2541190
7494pingureturns,2562002
7456324,2573309
7494pinguagain,2587662
7494pingu4,2593254
7494pingugiratina1,2600693
7494pingu5,2606884
7494pingualt,2618368
7494pingureturns2,2640303
7494pinguisback17,2641074
7494pinguisback18,2683645
74113,2692424
7494pinguisback20,2700131
7449,2800485
7412365,2823304
743113,2961100
741852963456852,2973726
747655ejl,2983445
749093nms,2983452
7413,2988567
747648,2990433
741852963bayside,3014984
7429,3035410
74747474,3056633
741999,3066172
74586639,3070400
74Cammie,3086323
741852963741852963,3116123
741asd,3147468
743049408,3165394
74736,3219011
7418529630123456,3260098
747jhj,3277432
74108520963,3317058
742626,3339952
74radishes,3346641
74854,3450207
74Pancake,3483556
748868,3572437
740582,3634594
7418965,3710892
7475,4320054
7419,4444828
747823,4511939
7471,4751316
74SonicMario,5096452
74violet,5124236
74325,5548698
74joyolo,5746854
742026,6174320
7492669,6927098
745275633,7273274
74581,7400334
7461,7552054
74hunter74,7796846
74325-luuk,7880416
742848,7960482
74506,8072832
747927217,8916184
741116,8942660
749577214,9301488
74gti,10472294
7411adam,10747334
7435z,10918092
743nvc20,11453264
74235,11575614
743306,12041190
741462,12571070
74437,13039160
74warrane,13281307
749,13794636
747g6,13806504
74709,14202280
7403,14212084
744258,14344879
7425,14393902
745072,14427744
740797,14427848
749388,14491640
74128,14516125
741700,14622887
742755,14665388
748476,14991819
7457,15786266
74331,15820215
74178emil,15827316
740125anna,15828068
74HR,16001256
74Carol,16104403
746646136,16114778
7468222,16193932
7417,17543770
7461702,17571305
74120,17598318
748159a,18018621
747jayluca,18116495
74931preston,18121486
748824,18146218
740052,18254415
7488cvusd,18349382
74x,18355522
7492cvusd,18427866
7489cvusd,18463535
7499cvusd,18463574
74417441,18536393
7424cvusd,18568039
7496cvusd,18585687
7425p,18597150
7494CVUSD,18613278
749929,18624073
749954,18624159
7497CVUSD,18668165
74255,18693572
747airbus,18703987
743088lh,18749692
74bricks,18802078
74297429,18820479
7411224391,18924492
7465585848,18940596
7471925876,18941577
7456498962,18941839
7453462878,18992736
74911,19053199
745144,19088263
748461,19089959
7464419391,19179738
7419958963,19209755
7464,19223588
74529bob,19228918
74645355,19251998
74A,19282261
74Engines,19307683
7447scratch,19453209
746341,19546551
7473987,19642198
7467439598,19649890
74211,19700631
748793,19734972
74Jonny,19762139
746377,20139700
745623,20579423
7489999,20665274
7459999,20665523
74905,20734859
7469999,20770397
7409999,20770519
7419999,20770561
7429999,20770597
7479999,20770631
7439999,20770667
7449999,20770699
74266,20798947
7420753229,20835785
7433442855,20897924
743066,20909077
74ea1845,20920760
745341_JJ,20934500
749581,20966409
747949,21003310
749581kl,21124485
747816,21217152
741711,21356803
7418492685u,21406808
74football,21438353
742mpv,21546572
74593,21686873
744364,21690492
741093,21690548
748064,21690559
743481,21690909
745731,21691196
743dahlf,21833586
74727,21870674
7492pa,21946230
749581kl749581,22090140
7499999,22107634
7456123,22281645
749667,22455040
74296,22495517
7411dog,22642625
741627P,22663980
740977P,22663986
7433156W,22664012
743246G,22664025
740836G,22664043
743066G,22664048
740056G,22664050
742806G,22664061
740631,22694955
740632,22813761
74849,22929452
749980,23151899
7482748318,23286233
74388,24014430
74388g,24014589
74388gd,24115520
74k,24155319
743796,24560970
74158963,24902332
74jasperkitty,24947750
74227,24966008
7409999s,25062285
7439999s,25062286
7429999s,25062299
7459999s,25062302
7499999s,25062307
7479999s,25062314
7419999s,25062320
7489999s,25062323
7469999s,25063393
7492551851,25307333
7471331267,25322537
7450helix,25338771
74Amar,25356874
74James,25356881
74Alexander,25356886
74Porter,25356890
74Natalya,25356901
74Manraj,25356905
74AlexL,25356912
74Luigi,25356913
74Adriana,25356917
74Shayaan,25356924
74William,25356931
74Amritha,25356947
74Jonah,25356953
74Liza,25356964
74Charvie,25356967
74Romain,25356970
74Ely,25356978
74Francesco,25356987
74Karim,25356990
74Calla,25357000
74799,25397036
7456498962s,25530798
7465585848s,25530802
7471925876H,25530862
7453462878W,25539915
74bubbles,25543555
74073683395,25556886
745395,25763892
74787,25771329
747union,25808393
74redpug,25809694
746783,25821404
741745,25847620
74617,25883504
74146,25883587
74460,25949510
74467,25978997
74092,25979455
74891,25979802
74465,25979832
74292,25980897
74793,25981575
743162,26008222
74660,26013015
74343f,26076804
741354,26094014
7485658832M,26119187
7411224391M,26119196
745793,26119732
749360Cam,26157276
74568m,26165654
74348f,26187668
74466f,26188008
74466ff,26188164
7454fyjkldik,26239938
743Ara,26241314
749558,26254129
74username74,26402297
74b2017,26646282
740158,26696275
74lauriane,26848422
74590,26983432
742286,26983459
742281,26983597
745el,27032620
747318,27050750
747airplane,27089518
7484095,27332813
741852963987654321,27377059
741828,27559777
743300609,27784870
746668,28024078
74747Em,28052014
744861,28309720
74humeyra,28423389
746127,28440870
74CAT,28678171
7435294195,28688909
7478454,28723704
742246,28842533
74535,28862178
74Aidan,29619165
748231657846785436,29619510
741mm,29711004
749dw,29711115
745ib,29711282
745lw,29711533
7417Dogy,29749909
7435726486,29774534
74n47O2,29796252
74599,29929463
747coding1055,29978522
747869,30031073
747017,30077685
74312864,30084180
7475dasy,30084664
747041,30297974
744015,30298063
744015tony,30300653
748748748748,30507749
74robin,30626466
744580,30675950
74497sau,30837648
744673,30957954
7466131867,31006141
74281,31170606
748aarrnnoollddss,31300493
740MW,31351375
749283,31377272
748471,31554577
74S,31885339
74virghes,31932973
74ABRAJAN,31933113
74RAMIREZ,31933125
74GRADY,31933141
74alissa_moales,31933202
7454234925,31962951
74arianda_morales,31975706
74alissa_morales,32014087
74747488,32161733
7466437i2273,32205903
7456736,32435356
740704,32452314
747777,32663038
748teststudent,32689209
74747432,32745395
74613L,32762774
749770,32861055
748055,32861059
744046,32861071
749608,32861084
748555,32861091
748741,32861106
745391,32861110
744051,32861115
745308,32861119
743314,32861124
748065,32861133
745171a,32861161
748069,32861166
748068,32861182
749467,32861195
748260,32861204
747044,32861216
748053,32861224
746690,32861228
748934,32861236
748067,32861241
745345,32861246
7438nic,32867675
747474474,32945781
745076044,32957682
7484848,33766152
74Birdman,33908820
74DigiKid,33991023
7458Matthew,34092674
747791,34263209
74e,34291645
7403-account-2,34346101
74827583758375020,34372311
74R45,34621733
74563isaac,34655527
74739,34657441
74665,34657463
74550,34658431
74863isaac,34671469
74863isaacschools,34671528
7479h,34671545
74542isaac,34672511
74056,34738806
748204,34905430
744969,34905448
749914,34905565
749675,34919773
748266CR,34919844
7454816622,34945227
749133ld,34946793
748834,34946838
748324hi,34955211
744691,34989558
7431218192m,34991113
748271,34992733
745339,34992862
745755,35002958
749034,35002972
748131,35003084
744964,35003102
742775,35003104
742994,35024892
748196,35024899
749304,35024927
745390,35024964
744174,35025199
744776,35034002
749543,35034032
748221,35034059
7458126817s,35135287
748229,35150877
749837,35152344
749513,35152370
744864,35152387
745747,35152879
745747McA,35153568
74570,35166118
74101ims,35195914
7487256391,35250777
74slesmanatees,35270230
74706elmhurst205,35426572
7462801,35432414
74211op,35542582
74381elmhurst205A,35560911
74imagine,35567105
74465r6,35695274
74793r6,35695283
74295r6,35695289
74561r6,35695293
74tusday62,36010281
74SpongeBob,36158843
741CEMRE,36218457
7481820,37518502
747712,37591843
749839,37591874
746957,37592208
746931,37592382
745bae745,37650407
748699,38493568
7430OPLI,38526911
74527elmhurst205,38580290
74361elmhurst205,38580295
74699elmhurst205,38580310
746turtle,38631267
7402ellie,38715786
74141egg,38843363
74703cha,38843373
740809,38843784
74679cha,38843838
743856,38854425
74yyr47y,39162959
7485658832,39217860
7402mn123,39248422
7402NM,39248429
74888,39294140
744269,39523005
74038,39846593
7464154464,39890823
741237418296374123,39962525
742506,39963293
741836,39976892
74483as,40314904
74629mkums,40427680
74383mkums,40437628
74182mkums,40439667
74nky,40619653
742429,40665702
7452678176,40677520
7437372843,40677527
7428855,40678373
740048638,40700381
740047080,40714581
742771,40717437
740047086,40775776
740047128,40775780
740043538,40775808
740047150,40775817
740047132,40775819
740047090,40775846
740047280,40775938
740047089,40776147
740047151,40776149
740052886,40776191
740049023,40776513
74008734,40776936
740045302,40777584
740046159,40777601
740046736,40777604
740046122,40777608
740045609,40777618
740045531,40777630
740045469,40777635
740047011,40777641
740046729,40777644
740045382,40777645
740045567,40777649
740045606,40777650
740045562,40777652
740046734,40777657
740047380,40777681
740042778,40777685
740045161,40777689
740046003,40777698
740045162,40777716
740045176,40777749
740045163,40777855
740046735,40778462
740044827,40778573
74568900,40875130
746947,40890662
74892,40898071
74203,40999494
7456498962M,41054138
743424,41055490
743621,41140489
747-50,41260084
748897,41266422
749907123,41266879
743489,41276148
745078S,41276158
74587946587345,41316799
749680,41388978
743-ceylinaz,41411769
748-nehir,41468671
745Kerem,41474501
744_Burak_Surprise,41531394
740emine_bts,41536536
74BRyan1819,41545312
74coolwolf,41599570
741-belinay,41606528
74D,41817396
74497sau_,41854589
7411eifloW,42534607
74653893,43903415
74565986,44179590
741136mb,44250860
741240nw,44335835
743075ae,44335849
742737ks,44335897
741251rr,44335909
741276hb,44335913
740560jp,44335921
740359ld,44335941
740656cs,44335949
744821mm,44335952
741232ss,44335966
741207jq,44335974
740495ta,44335983
740321ew,44335992
740366sh,44336017
741224tt,44336035
740766ee,44336048
741384oc,44336057
741121wd,44336067
740717ah,44336081
740476bf,44336092
748283mg,44336101
740754as,44336118
740275hh,44336125
740776tf,44336134
741290gr,44336139
741228ha,44336146
740726rf,44336160
741132lg,44336166
740751jc,44336176
740483ml,44336185
741460am,44336195
740663cp,44336197
743654jo,44336203
742725js,44336213
740732al,44336236
741073ss,44336242
745690,44778635
740046762,45184534
74558,46242320
74-,46409046
747995214,46414593
74redpanda,46482716
746imagine,50215470
740475,50607032
740762,50621314
747737727,50636499
749824,50680401
746967,50778408
740855,50938406
74658,51110703
74562r5,51691084
74794r5,51691102
74852r5,51691139
7426391,52007240
7424291122,52144662
740247resn,52370018
744987,52530177
74832902,52657638
749669,52806629
74soccer2,52807414
741950,52967484
740raggen,53038958
7445321,53237915
7408970,53482936
74j,53557977
7462759241,53603219
74G,53758623
748951,54044998
742307,54375020
74_J,54394649
74j_,54395001
74410,54453842
749025,55168121
745011,55277458
74667840,55560626
74tree,55742931
742836,55877579
742836trevor,55877790
747yrr27,55986384
740922,56178415
744745,56193180
740703,56197226
74ccrawford,56330721
74crawford,56331029
747129,56772350
741belinay,56828038
741395,56886749
74-Student,57188058
740154,57330356
74749909,57499549
746719,57899895
74697943,58171094
74335,58727438
74z,58742612
745137,58905479
7424154,58961072
7411231qazasdfghjkl,59190411
7467S,59385288
7446177,59391169
7408188780,59727395
74hungergames,59928030
746466,60327930
74552,60451944
74q,60455801
74urjd2,60460880
74273r275pro,60554690
74_Bits,60719845
74667840-2,60736209
747693,61117508
74tjf,61486371
74line,61602015
745896321,61619283
74469,61926363
74509275905571907598,62011474
7492yr,62222232
74283TJ,62321396
74326,62549585
7476392,62825431
74w,62910390
74136958,63012862
74-gear,63027113
7497549,63280595
74PES2025,63301998
74PES2026,63302135
747_queen_of_the_sky,63509011
740349,63764846
74444f,63815666
74207425625952,64152710
74silatuana,64410182
7485535889,64690403
74875689787340748275,64887936
74-ka,65168525
746624,65272764
745883,65272884
748085,65347718
7415csd,65604642
746754,66195904
74ham,66227159
74451,66305212
74453,66305336
7487686,66450539
74it,66694357
74oak933,66776388
74763cms,67637084
746-ERB5F,67727261
74Dountz47,67796429
749606,68147782
745999,68244818
7441546826,68440223
74667840-3,68501423
74B,68783692
74768957,69114208
747541,69127216
7405938,69503484
74152963,69512649
74185296379456123,69512671
743549,69705257
741_413X,69762157
74kvibez27k,69770880
7483548,69847913
74645233426578,69850709
74021228,69986265
746haticevildan,70095641
74password,70169358
74389p1487777362p,70334283
74893850396,70923656
742dg792hr980deq,71091680
743t79ft3brboo,71193419
749933,71253692
748910,71253781
746337,71323125
743479,71368309
74fugthyhbh,71810499
749321,72319843
74m,72780819
74da,73224926
748621,73306524
740555,73456316
74sadme,73667924
74382932,73789134
74623784623,73884797
74Xx_TEDDYBEAR_xX47,73894085
74j__,74623301
749534,74650411
7401685689,74785783
747boi,74832959
74efes,74919542
7472bt,75351965
74_,75353480
74hero,75472127
74CarrotsILove74,75578321
7497837,75775976
74ecrin744,75899372
747-fan,76076450
74ecrin7474,76123419
74ecrin74747,76124910
74897584,76337322
742579cb,76371113
74368093q,76539179
7474Mert16,76648792
74sema74,76680312
7492fish,76857561
7432fish,76857782
7427477693,76886248
74748MB,77172825
74p,77480487
74658eyhsh,77514800
74p07w473,77651363
7474Zulal,77683772
74t,77825313
746849197497874675,77888708
743865,77980912
747857,78167037
741Nico,78253205
7413aic,78318698
74zulal74,78346482
74kakeru74,78658692
747910,79187248
74y,79571780
7415369potetosarada,79630013
74384348,79963625
746734yertggywty,80174691
747421,80528136
747669,80662418
749701Samuel,81051879
74336,81056019
74610,81151847
74511816sophianum,81292968
745blue861,81533977
74336loccsd,81543688
74347loccsd,81543822
747yellow474,81737664
74372,82272238
74n,82687767
7485026,82884803
7463973058305305,83327189
74trgftrgftrgfr,83357468
741324,83365573
743q87b6f389763fb487,83764478
7468754454,83989854
7426smdingley,84790687
747990,84858260
745570blb,85507479
74558sf,85669805
74xg1b,85885370
7429_7429,86692105
7429-7428,86755640
7465Doggy_painting,87355553
7429-74298765,87367984
74R,87585784
74V,87585786
74C,87585790
74F,87585791
74L,87585793
74O,87585795
747tk,87812940
74393717,87937930
7446444780,88056253
7474737489128,88401965
7457141,88408484
74tae,88500429
74savoie,88579048
74crownedpigeon,88642274
74987489754895798573,88652689
743157,88664795
74abd,89414751
7498237592,89430412
74rightspider,90134240
74438REGwcdsbca,90234274
749sait,90263961
748fatih,90263987
747kasim,90270307
746ahmet,90270551
741halit,90338552
743560,90435511
745638dghf,90610366
74merve,91113040
7483764,92022206
744845,92788275
7414NMSL,92849713
743856483574,93546187
74gonbe,93836085
7481513u,93918441
746632,94174833
74gl2029,94383616
747_F4F_Bot,95039672
74378,95990593
749578,96170088
744Ozgur744,96195683
747Phoenix747,97082487
744293649419,98333128
740nerf,98479499
747574747575757476,98524826
7452sup,98528361
747elprodeminecraft,98606670
74927482648,98849814
74michow,98911706
74250cs2022,99530870
74147cs2022,99530872
741raso,100102017
746f786d616e31343239,100220308
745740,100334835
744198a,100334879
743224,100335025
745732,100335369
746840,100430821
742159,100430860
7430804a,100508439
748512963,100691468
74268Floris,101348833
74cow,101454847
7470Foamer08,101741649
74788374y4,102046404
74748488,102114084
749382reuwio,102292602
749595779,103085225
74r8u899,103181088
74Gear,103762334
747458,104240529
744138,104414039
749749,104988647
7474panther,105228162
7411TB,105571953
740vibes,105574787
74379802,105634840
74BC,105722421
746802,105891316
74398725,106019684
74709qb,106023198
74709quinn,106023994
74yio,106185188
74WN8U,106459165
74684283,106511799
743965782,107148998
747-DAVE,107202344
74tank,107323474
742172,107915320
74334587,108305139
74107,108406687
747268,108433802
7484383,108456842
74891RARARA,108988148
74076,109206574
74mongoose,109794942
744131,109795944
74Dude,109819314
74monkhawk,109935099
74strikecobra,110017159
74orangesun,110017177
74sprinklecake,110032789
74bugmug,110214950
741078,110221093
745036,110222116
74747474yes,110316753
7431326,110317147
742509,110648470
7438498,111071304
7417342u,111400109
7417350u,111400112
7417355u,111400113
7417351u,111400115
7417353u,111400116
7417352u,111400117
7417354u,111400118
7417341u,111400119
7417357u,111400120
7417346u,111400121
7417344u,111400122
7417356u,111400123
7417348u,111400124
7417358u,111400126
7417347u,111400127
7417360u,111400128
7417359u,111400131
7417349u,111400134
7417339u,111400135
7417338u,111400136
742yuka,111708802
7412luga,111937127
7471hubr,111937135
741961,112290179
74Late_,112309607
741379,112353152
74catdog74,113293158
747815,113327711
74AxolotlBoy47,113350317
74328mmmmmmmmmm,113630085
7471hbrab,113914682
742209176,114900150
743666954,114900175
74857485,115193337
743210wy,116058001
74890291cool,116295829
74397,116556370
743789292,116612735
7429-meteno,118046868
74233,118125152
74WATERMELON74,118301004
74AKS6,118586569
74ASH5,118598657
748912c,118982481
74Make,119475512
745714r,119546274
7446432,120431198
746746743,120677772
743210wynover2,120698613
74YL0R5W1F7,120925685
74yengiy23,122893424
74196328,122940994
74994,123956064
748418,124617931
74ave,125724862
747u7uf,125778734
7493316,126212365
7478362_,126268509
747730,126560965
74cheese,126835585
7476474,126949730
74_Makishi,127256535
74asteroids,127753303
74e9c332,128117841
747628a,128692596
74061CG,128714291
748-228,129183579
7417337u,129184639
743-,129681341
74432473,129875402
74gl2032,129877588
7407saqibz01,130013851
7422siddit01,130013899
744t,130585145
74grilledcheese2rhin,131100124
74Chick74,131661485
742Simon,132328567
7409sathit02,132883503
743k,133868970
747238,133999974
743873,134595878
746fhfhy,135422756
747-SR,135672660
74574775,136918249
7452936,138114825
741silliertetuhC,140918727
747_D7S,141215444
74-74_Na,141655286
