986,23295
9886768,55746
987,59194
9876jojo,62917
989taxus,92678
98763,122916
988,144250
983,145885
981,168535
98girl,169584
987654321,181062
9850450,183791
9850804,183793
9850822,183794
9850816,183795
9850803,183796
9850823,183798
9850801,183799
9850805,183800
9850810,183801
9850802,183802
9850820,183803
9850814,183804
9850809,183805
9850815,183806
9850807,183807
9850812,183808
9850813,183810
9850821,183811
9850828,183812
9850817,183813
9850818,183814
9850827,183815
9850824,183816
9850819,183817
9850831,183818
9850825,183819
9850826,183821
9850808,183822
9850401,183824
9850424,183825
9850420,183826
9850423,183827
9850422,183828
9850418,183829
9850432,183830
9850428,183831
9850414,183832
9850413,183837
9850425,183838
9850421,183841
9850416,183842
9850412,183843
9850430,183844
9850431,183846
9850402,183847
9850411,183848
9850426,183850
9850427,183851
9850407,183852
9850408,183853
9850409,183856
9850403,183857
9850404,183859
9850410,183938
9850419,185734
9850830,187544
98508281,198403
989,262772
9898,282677
987lkj32,290030
98765432101,313771
98daniel,322039
987654,322572
983156,336388
98nate98,348534
9870,350143
9876,355946
986216,363679
986215,363683
988288086,376519
987123goo,384315
989898,386332
987123,397459
98devin,412239
9856,415777
987qaz,431148
982,451414
98765431213,456368
98290,473739
980,475907
98n,478732
98193,485843
984,525884
987kham,548720
981118,566943
98bb98,589730
985,596274
981015,604747
98dbsgh,628098
987321,630469
98antwer,632581
98xam,633117
9899Tamiya,638531
987409,639872
981317,639876
980799,639944
98732188,652936
9876543210602,654964
98lisado,657112
98TinBeb,657119
98mohdas,657126
98evagoo,657989
98anatsi,657991
9832montano,662515
985715977,666353
98w,666419
98young,681901
98frozen,682573
9832montanok,689678
986532784512111,737037
98007,745856
981105,756699
98765,782485
980253,816127
9808kitty,833574
98313128,857582
984403,880547
98govl,886634
98764321,890584
987670,894900
987ae,923212
98nimrood,923382
98312378,925039
98158,958686
98tuffa,997548
98985,999676
9865,1039274
987654321123456789,1053525
987456321,1058968
98512305,1090929
985100705,1094710
98765432109,1121906
98FLAFFY98,1199432
981538250,1202683
987130,1212655
980302,1212663
985616249,1243228
98765432100,1251016
98241111,1263234
98530027,1275081
98530011,1340752
98530003,1340763
98530013,1340766
98Patrick98,1371431
985982489,1396631
980305,1451577
980321penny,1451580
980409,1451598
980215,1451630
987654321st,1469776
9889,1470392
987654312,1724404
9830846,1744857
980356,1748473
980550824,1874020
988q,1879732
985640208,1880720
980Sebstrer77,1929117
9863,1952863
98179817,1984681
987654321s,1989503
980563573,1989711
981174136,1998746
987321654,2014024
9876540,2033803
984526967,2033923
9802,2036457
985765408,2047167
986221,2156255
985170,2156256
984514,2156258
980062,2161177
980735020,2167047
982944271,2175977
98711,2224568
980407,2235261
98798787,2267996
987987987,2268021
982896344,2326150
98bread,2374492
987qwe,2380723
98fullobones,2397556
983907316,2400343
98415067,2462378
986670622,2464117
9871,2481920
98stevensa,2499683
9876q3,2540438
9874,2567784
9896302550,2597670
981rush,2638220
98adam,2664907
9876soccer,2701597
987123564123,2733319
987CutiePie,2737180
98023,2763781
989ko,2763829
98pescribano,2771751
98whitewings,2785757
98igodoy,2788617
98izubiaurre,2800332
98pberazadi,2800342
98TheCiaran98,2832907
98kzeledon,2838641
981125,2853104
987654321v,2870829
9871234,2881545
98765431,2890417
98hanjihun,2909162
98al3xa,2911736
983067,2912436
9861,2918396
987303675,2920083
98703519,2966554
987654321OQ,2980771
980012,3009987
985567,3021366
98lucyd,3027056
98RMD,3065266
9873216544,3067005
980-650,3094685
98235,3099750
98287,3099758
98312,3099766
9879,3101937
98jegerswag,3133212
9840,3138292
986864,3138598
98227,3167922
98346,3167975
98233,3167994
98349,3168067
9862,3199773
98furkan,3227947
98979697857686789,3263945
98898,3287490
98025,3332640
981526092,3363528
987498,3392362
987epic,3405079
98finnyolo98,3424179
98724567,3427774
9855,3533918
9880,3662114
9875,3818629
9897654321,3953203
9857,3956907
983106,4081698
980035,4119663
980080tit,4129216
980087,4129218
980088,4142180
985047913,4297795
9821,4326637
98miranil,4336402
9868,4339447
982khyun,4352492
9812ABOC,4364121
98689868,4396167
9878,4429329
989166,4437315
982407,4437316
98065795,4580332
98066306,4580343
98059385,4580355
9833856667,4582610
98767,4596803
983846,4642039
987gabriel,4674665
98208,4690887
98gooshi,4719198
98259,4824141
98001,4954798
98034,4959698
9864,5010070
9898989333,5029102
987poop,5081732
985241,5357454
985450074,5427004
987asda,5842696
9822225,5957572
9814,6063280
9805,6094172
98285,6116186
98cford,6294478
980048,6304436
98726,6318854
987y,6383532
987x,6384738
9873,6452996
987654333,6560874
985741920,6592070
980108Hugh980110,6717960
9810564220,6718734
989899,6759070
98319,6862682
987xy,6891188
98040,7343712
9872,7347502
9877,8156460
98bayaba,8160306
980102980102,8312634
9881,8715220
989553,9311412
98231215,9562102
980003341,10066090
9888888888,10071612
98PIES,11114590
9801iss,11297422
9883,11568888
9860,11935358
9866,12151518
9842805,12306686
985263,12477410
987yg,12581192
98701,12772918
980061,12806846
9858,12997994
9876made,13099216
985166,13152488
9854,13819390
985566,13996779
985467,14035867
9834,14145068
989onan,14266313
98122220427,14518057
9869,14545227
9808iss,14549459
981850,14583015
9802132,15629638
9873215tosin,16541232
98231354,16590625
984321,16613722
98943,16890917
987654321abcde,16936849
982007,16973731
987894565412321,17068318
98765432100000000,17319566
98i,17598088
98teabal,17663674
987654321coolboy21,17759650
98ui,17878472
98_ang_bermudez_b,17990029
987rissaro,18116607
98746,18161582
987546optik,18314583
9863cvusd,18349411
9877gamer,18367959
9850cvusd,18439023
98Anthony,18493658
9869cvusd,18585673
9892CVUSD,18595912
9897CVUSD,18596369
9861CVUSD,18624791
9859CVUSD,18624811
985cpnacaragol,18656499
987mia,18666335
9896CVUSD,18668172
9845cvusd,18689026
9891CVUSD,18749859
987Root,18777471
9876d,18814728
9862CVUSD,18823554
987fun,18840890
9874291761,18924398
98m,18962970
985589,19058463
98591,19091986
987wolfgriffin,19098410
988632349,19113158
9881577233,19152594
9889961857,19179639
9892293673,19210349
9836cvusd,19232811
9876raven,19381432
98870dn,19445512
98753vo,19445524
987987243,19577357
9812Noa,19611772
9874695463,19623885
983MadCarr,19649357
987qwegg,19654225
9893486815,19925194
987789987789,20025786
987e-GIRL123,20251424
98breckyn,20392389
98912,20403841
987Scratchycat,20595211
985317eb,20748337
988959tp,20748338
98380d51,20751522
98742d51,20751535
98008d51,20751543
98496d51,20751550
98532d51,20751557
98497d51,20751565
980042617,20804726
980047335,20804805
980054015,20804822
980065387,20804830
980037673,20804844
980070416,20804851
980046854,20804864
980039470,20804882
980030033,20804893
980076145,20804907
980057865,20804922
980032417,20804926
980062105,20804935
980046960,20804943
980034826,20804965
980040336,20804980
980029499,20804990
980073326,20804996
980073341,20805006
980038399,20805013
980040462,20805036
980040583,20805290
985885,20816987
985351,20817070
980645,20834316
9811106,20979125
980047321,20993717
980045912,20993720
980047281,20993723
980071697,20993726
980045144,20993728
980046109,20993731
980045141,20993741
980045200,20993743
980050798,20993746
980044015,20993749
980037354,20993750
980056888,20993752
980070791,20993755
980047836,20993758
980047532,20993760
980045677,20993764
980060137,20993767
980044208,20993771
980073058,20993788
980046949,20993791
980063166,20993796
980076048,20993799
980065719,20993803
980033247,20993806
980046623,20993808
980065606,20993810
980045389,20993815
980012345,20993819
980047863,21041225
98798675,21122469
9819ana,21132438
9862715693,21134831
986143,21184496
985471,21278865
98732,21354161
988778,21368477
980974mk,21695776
9827201,21740334
98529,21974360
98gudtjs,21995636
987qwegg1,22025328
989898000,22258895
98miki,22267110
9876ytre,22301293
98-,22308792
9876aaa,22335759
98D,22477805
98a,22664874
98c,22664893
98765666556,22695357
9897ISS,22793739
9806,22911953
987555,22919917
98765432roman,22932497
98r,22956348
9876puppys,23021018
989820,23095722
9805hbra,23248296
984975,23459576
9878989,23498869
987username654,23505525
98789Hellokitty,23607197
98765jono,24120477
989boss,24209968
9891007902,24234091
987dgs,24260836
98k,24294843
987531,24309277
98z,24376526
98marcelo,24396494
987u879645,24574587
987657,24577927
9878545467,24645932
987654321qwerty,24648257
9867123,24752280
986574321,24795528
98jor,24803775
9892265912,25177249
987raphael,25508541
9881577233w,25532588
989798,25614233
9802589557,25642437
9836978445C,25729325
983239,25731588
9874291761H,25924496
98p,25968151
985madcohn,25982791
98Scratch,26000098
985036LL,26003479
9809211011712,26020286
981968,26094031
980034792,26132938
980036935,26132948
980034659,26132985
980039462,26133000
98_PercentAwesome,26214516
98801ben,26214891
98ii88uu,26329375
980029717,26385287
9811969267,26399863
980001393,26417926
9827881566,26477408
987S,26481635
980035856,26508438
980074694,26508463
980046106,26508471
980037466,26508472
980035840,26508475
980039193,26508488
980039931,26508493
980078892,26508499
9898122222,26605767
98922SER,26636679
980071006,26645362
980066347,26645371
980074338,26645439
980057069,26645454
980041888,26645493
980057198,26645512
980038710,26645591
980070362,26645638
980054352,26647162
980068488,26647168
980056003,26647173
980038533,26647177
980033146,26647185
980036843,26647191
980038528,26647194
980039948,26647616
980050837,26647632
980076400,26647647
98971jds,26783759
980081645,26839494
980047614,26839755
980037506,26839775
980058491,26840019
98super,26901358
98kathy,26931741
988682,26956841
98563,26983440
98507,26983450
98438,26991355
980323980323,27003213
989716,27052469
988192,27076747
98u8u,27078648
98y,27151171
98765c,27205148
989393,27241051
9859,27344906
9834230test,27412540
98aosan,27481666
983190,27790050
98KcQ_,27791468
98ygfvb,27796510
9876justin,27860096
980081757,27873153
98l,27881404
980041828,27964266
980062060,28002766
980037939,28002834
980035844,28002919
980073327,28003034
980059151,28003096
980058497,28023565
98645,28024671
98color,28107079
980038527,28131290
980065297,28158483
98591Conley,28181723
9832658725382734,28283433
980039801,28313018
9889033,28401564
988cmt15,28450920
9822401,28474363
9878123,28474480
98steve,28524302
98viktor98,28602610
9876trim,28634278
9829868443,28688902
987908090,28740966
987654321sam,28849467
9847293597,29547689
9865901,29628278
983y8erdhuc,29814153
980028117,29833402
980031303,29833508
98g,29940482
980028117-3,30035498
987943,30067987
987NIcK,30217908
980036797,30263928
9801aszx,30342110
988329,30441160
988327,30441238
987abc654,30586035
9819330,30917973
98kfyw,30926644
9898yk,30990457
980051451,31019167
98575480,31438840
989421,31809704
983268,31851520
986923,31884145
9841285967,31930555
9876532,32036073
984964,32059198
98522auke,32079611
983683769,32086616
98Lola,32104199
987654321f,32231689
98583,32328563
98982525,32494145
987665,32536364
987654321amaya,32560289
98jeong,32608604
985doudou,32673508
98-03-25,32874327
987lolly,32886319
98X2,33381132
98Person,33534245
986875,33545792
98315,33592954
98hh,33650227
98Cents,33735900
98lol987654321,33843005
9804194147,33908010
9898wldnro,33911604
9898windro,33911714
9898ky,34356438
988meR,34430430
987654321Y,34644705
987654321234567899,34648290
986356,34702605
980039597,34708704
980001393_1,34711157
986700,34721690
98baloobd,34739610
98618531,34821454
987654321player,34866737
98tja,34933357
9893917875,34945347
980077645,35035474
980061328,35035516
980058233,35035518
980046695JacobLloyd,35035535
980045823,35035549
980063084,35035550
980086604,35035551
980072694,35035553
980048073,35035554
980072080,35035557
980077143,35035559
980040320,35035560
980048078,35035562
980074756,35035565
980077645loai,35035594
980085545,35035595
980044229,35035608
980048078ap,35035626
980048083,35035636
980085268,35035697
980046107,35035702
98136,35067887
98056,35153878
9870754,35174522
98590,35201154
980071732,35241445
980046150,35241449
980047144,35241605
980066343,35241935
98_2345,35250288
98slesmanatees,35270242
98765431ghh,35271564
9874267,35294913
98801,35319807
980079708,35348861
98k666666,35495649
98imagine,35568136
987andrew785,35605710
9876543210what,35632158
980074665,35702842
98082476,35807015
98765678,35852147
98_ninjaturtles,35953077
98IPEK,35982852
98040758572,36219480
98177616,36251225
98isaac97,36266229
989966,36300254
981276346,37165025
9812018-19,37394261
9876TwentyOnePilots,37495208
985obg985,37650408
981brg981,37669929
980kha980,37711528
984nlb984,37711532
98113,37735338
98kppp,37740982
983400,37961273
980025207dc,37966466
9836596,38354160
98940MOO,38381310
98765hey,38387725
98husky,38429387
98markrobe,38567774
984534,38576666
98876767,38658966
98082476_copy,38678555
98710,38754269
9842421953s,38757674
980037338,38808977
986211,38854338
9862111,38854638
98595,39169823
980035547,39209681
98husky19,39460886
982myaj,39521212
9879879487,39537085
9861470,39760970
98wongjf,39979070
9898k,40043501
98s0l0b,40113527
9886063,40129334
9881721,40129335
9892638,40129336
9893711,40129337
9881449,40129338
9880515,40129339
9880062,40129341
9888647,40129342
9884233,40129344
9888771,40129345
9888565,40129348
9880045,40129350
9884086,40129352
9883534,40129353
9881218,40129354
9880423,40129356
9887907,40129357
9884602,40129358
9887511,40129359
9880087,40129361
9809512,40129362
9892658,40129414
9880761,40129415
9887664,40129416
9895165,40129417
9887309,40129418
9884939,40129419
9883487,40129420
9807416,40129422
9884957,40129423
9888174,40129425
9887108,40129426
9887658,40129430
9883403,40129432
9881088,40129433
9887833,40129434
9880512,40129435
9884074,40129436
9884174,40129437
9884022,40129438
9884365,40129439
9888699,40129442
980051633,40174817
98s00b46,40263037
98635baa,40300365
980062758,40313706
9816697157,40561448
987654321lxk,40611009
9838469815,40677550
9848679456,40677560
987474,40678412
9867160386,40700462
981208,40717586
983829007,40956553
985588,40999399
9889961857C,41052037
9878842916C,41052155
9809imbigdaddy,41277042
984561998,41307571
98127635,41364419
98t,41411747
98395reg,41555764
9865112379,41675434
9865112352,41675436
9865112350,41675438
9865112351,41675439
9865112356,41675440
9865112357,41675441
9865112372,41675443
9865112355,41675444
9865112377,41675445
9865112370,41675446
9865112371,41675447
9865112376,41675448
9865112354,41675449
9865112385,41675450
9865112384,41675451
9865112387,41675452
9865112386,41675453
9865112381,41675454
9865112380,41675455
9865112383,41675456
9865112382,41675457
9865112363,41675458
9865112362,41675459
9865112361,41675460
9865112360,41675461
9865112367,41675462
9865112366,41675463
9865112365,41675464
9865112364,41675465
9865112369,41675466
9865112368,41675467
9865112345,41675468
9865112347,41675469
9865112346,41675470
9865112349,41675471
9865112348,41675473
9865112373,41675474
98s,41883983
98x,41950599
988685,41956674
9885544,41998334
980036222,42172138
98590-404,42421927
98g7uya0oihu8eaghed,42526943
989b,42623146
987654io,43618647
98-K,44587709
9864653,44969143
98j,45181527
98q,45786705
987929749k,46047485
9867574832221,46231019
984662,46296123
98243rmm,46425778
981beetbox,46677845
9829843,46706708
988045521,50269808
98Gillyweed,50304812
9881551757,50573024
98juls,50842704
98u,51081251
9876875,51124877
98754321234567890,51294885
987654321qwert,51540366
980071072,51758665
98fireworks,51832073
980101,52224096
9834451571,52269947
987654123456,52643650
987654321pp,52728633
98b,53073399
98MatthewB,53720072
98MatthewBon,53720077
98Brandon,53720091
98Toby,53720094
98Elena,53720125
98Nikos,53720228
98Audrey,53720232
98SophiaF,53720241
98Jenna,53720243
98William,53720254
98Steven,53720256
98EmilyK,53720258
98Gillian,53720261
98Martha,53720270
98JasperT,53720272
98Jay,53720275
98Julieta,53720278
980818Kevin,54493518
98Eddie,54525617
98Zooeym,54525654
98liana,54525658
98Kostas,54525713
98lilliana,54525717
98Lefteri,54525718
98yianni,54525724
98Zain,54525740
98Katherine,54525749
98Jasper,54525750
98sebastianm,54525759
98katerina,54525761
98Brian,54525778
98ZainA,54525804
98chelsie,54525821
98lianaM,54525830
98maggie,54525852
98Eheim,54525861
98eddieg,54525864
98Jiwoo,54525869
98michael,54525918
98Abigail,54525940
9876tra,55604313
980056128,55840765
983948,55877387
983573,55991641
982094,56197249
987654321MASON,56339248
9898windro_test,56966924
98765432clover,57185088
987654321cooldude,57445976
9849MrWong,57461720
987donkey789,57620914
98765432p,57787072
9842_2_4093,57814487
9876lill,57825438
9876543yt,57829583
980086270,58048254
987894564,58296429
987654321games,58392993
98_,58598197
986531,58617395
98KaraT,58913181
98102A,59171411
987654321jason,59173379
987654321ronaldo,59194159
987654321HWHscratch,59336579
980039490,60013698
98Unicorns,60122370
9810000,60143083
987Andrea_Bts_Anime,60303072
9876y5t4fr3deswe,60367049
987654321messi,60503956
9875241,61071082
98765godtac,61477594
98744656234256411111,61661403
987567890,61680931
98129182,61862833
9876420,61939033
987UwU987,61997196
9865474247,62003734
9807886,62086695
98h,62091149
98_zilla,62164770
9876aic,62280190
9876543210j,62293619
98765432123456789a,62535741
9844MrWong,62549995
981229Fifi,62627051
987ilovecats,62757196
987bugatti,62757205
987dadmum,62757213
98372890,62766170
982Benjamin,62856877
98o,62943401
981114kim,63271247
98kabcd,63964814
9876543wsd,64014190
98271,64018635
980041232,64255221
98765432ne,64621831
9893629527,64686249
980028160,64700299
98thYAY,65013606
980022152,65219231
98nm,65228507
988656463,65229543
986988,65237201
986988apsva,65237223
980033802,65359784
980033803,65359945
980042241,65366987
980066867,65367090
980066876,65367400
980044646,65368145
9895913,65374530
980023427,65682115
98290030,65685104
98889hello3443,65705807
980034589,65746683
987123000,65907795
98154570342985,65933980
987213,66422422
980033744__carzy,66506993
986ky,66842482
9876543210-123,66857773
980027369,66972876
980027371,66972929
980029446,66972948
980029379,66973098
980024003,66973532
98557gamer,67006787
98harmandorange,67162362
987___,67635105
981012733,67763768
987nocuaF,67855753
986h6f,68165548
9845bot,68223594
987huddy112,68245929
98575985,68340238
9834958309,68403966
9821gsgt,68472368
987dolphin,68556910
9865pony,68561401
9896744,68584487
98now,69008977
98Lada,69139215
9834748135,69318234
987987_yuh,69321631
986ELUBEYD,69413411
9824SS,69467063
987045362,69593602
98989898998989898,69597343
987654321is,69625403
98f,69679914
9898989898980000,69711190
989898989800,69711988
987coolatthat,69841964
98mustangs2021,69843992
980044287,69953807
980001744,69956510
980027315,70652034
98822,70813125
98356rt,70857942
98swagkid,70859791
98e,70895540
98swagkid1,70900251
983396,71045537
9876546789,71099842
984201,71435793
98627SIL,71574712
980027870,71661795
987-cat,71700911
98468,72024673
98573J,72223951
9875mh,72262892
9888786776,72394759
989898989889,72480013
98tt,72871574
987652431,72937972
98033pizza,73190556
98yearsold5432,73676796
98989897,73806781
98rh,73987792
9876512,74253063
981681532789,74417195
9879tyfuj,74432479
9865895895489,74499503
983653849938-c,74547089
98EfeBerat,74806404
98Evangeline,75016371
98Marco,75016411
98JacobC,75016455
98Richard,75016831
98Matisse,75016854
98George,75016877
98Elpida,75016906
98Joyce,75017177
98AndrewLee,75017208
98AndrewLi,75017226
98katalina,75017245
98Zion,75017330
98Ellie,75017398
98Rohan,75017433
98Vihaan,75017494
98Ella,75017663
980016464,75020147
98Nash,75022062
98465621195,75150531
987ladybug,75459240
989TOZKOPARAN,75506071
9877867666544554444,75537925
98Kathlynn,75546503
98Emma,75546713
981634,75613140
988395,76079464
9875mhm,76146220
98_Star,76219745
987987987asasa,76254265
986521,76279612
98Dino,76379420
98465621195ALT,76474707
987987_yep,76885797
98723899,77720026
98989898932323232,77796719
989898989898990909,77890003
980413,77895536
9898--,78587106
980598,78604951
98awWpkx9UM,78822136
9823746,78982555
989FOOTBALL989,79013503
98387204,79100948
98707i,79148700
98tacocat89,79218603
985-cute-one_T-T,79780021
98tt2,79807593
987643210123456789,79886801
98_aesthetics,79903683
980039490_is_back,80084676
9828808588490188580,80087167
980_a008-,80111089
9829808588490188590,80258897
980000837,80275618
98s1stem,80313963
981222michellewang,80330644
9876COOL,80383238
980039490_returns,80571398
9873005957,80949993
98bluebear98,81076041
989scr22,81099954
987654321abcxyz,81101948
981-AGOTI,81229434
987cyan654,81301033
987na,81449186
987red170,81534667
9892985583,81620904
9892985583s,81621035
98SE,81658455
98863ce,81902823
98753rr,81902827
98771fr,81902868
9876Sonic,82034847
981-HEX,82121564
9874563210123654789,82159985
9876ed,82422354
98kundesu_4,82543790
9875343174,82618278
981green481,82620547
9876543IOUYTR,82750758
987Kirya,82763943
9876459876,82951954
988953656,83001435
989898987,83228815
983-orhan,83320758
987544565446,83799714
9877542,83869716
98732_fp,83895419
98974655,84311005
98Qwei,84487925
986WB,84758508
983973574986,85046927
9854edfgh,85413736
98kyle98,85718009
980073135,85921827
980037531,85986764
980080710,85986829
980037805,85986991
980037639,85987129
980043295,85987280
980038080,85987331
980040752,85987444
987784626748,86134659
9876504321,86356415
987God,86439642
987god_is_good,86439874
9875356182,86440182
9894191282pizza,86440727
98Tio,86478802
985392,86666564
98765432134567,86982500
98champ,87310521
98v,87422218
982heygC638,87519544
989212,87572346
9876543102,87641382
98LeoT,87726422
98Camille,87726457
98Adric,87726479
98Elizabeth,87726492
98LeonardoD,87726514
98MichaelD,87726528
98Maddie,87726558
98James,87726562
984MAKEZGAMEZ,87789080
98765ddddd,87836131
98Ayannah,88065266
98123476,88086351
980071072_alt,88195024
987o654321,88203486
98945,88330053
9818901,88408397
986049E,88507722
989690,88826313
98Adelaide,88898230
98Calvin,88898305
98Antonela,88898395
98Leah,88898512
98Sienna,88898656
98Rowan,88898864
98John,88898952
98FrancescoD,88899053
98Cynthia,88899452
98Joshua,88899526
98AbigailR,89326798
9880805,89342138
9866807789o,89431519
9877321,89538997
9876543210hello,89626545
9809BOB,89712266
987545,89872429
984856,89922943
9868790,90005378
986849372608652,90147488
987tigger,90199467
987488,90382803
985w8,90611885
980068430,90623577
98XOverlord,90717181
98767890,91121832
987selina,91237349
98tacos,91415257
9876543213456,91416326
98765432123456789123,91417838
987348765,91568578
987653456789sdgfchgm,92066003
98percentio,92349464
98percentGio,92349717
9876533,92807601
9867757955,93081288
983i8ei3eiee,93226041
987Doggo,93537870
981237mehq,94177646
98479843,94236620
984gaming2,94237723
98121taN,94257594
987654321Hair,94375007
9876666666544frdf,94927071
987654321sally9,95635770
9876654321tyrie,95707806
981649z,95959483
98149814981498149814,96057824
98397,96084791
9897101,96086536
9879798797,96401028
985643,96478890
9876543236789,96720353
9876543212345672,96721109
987654399999999,96721678
987654ew,96721817
9879788,96732872
9876543678,96757494
9876543456890ytr,96760710
98thAJ,96852264
9877777789ooo,97218643
987ujzhgbfdf7z5zgv,97255894
9876543210apple,97484788
98tt715,97492202
98545,97500876
9876Angel54321,97558815
9890smart,97842534
98765678907654,98063991
9876RushE1234,98136382
980039490_Studios,98394631
98iuuy,98413305
987rt,98689411
985398498458499294,98705843
98trewq,98728454
987654321irule,98793197
980g,99088447
986960440109,99245463
9812shell,99246189
987what,99329709
985ffs,99509283
98503,99608278
9876Moreporks1234,99672864
983247,99752165
988179,99841747
981313aa,100138281
980095,100206186
98kal-el,100217783
981643T,100326070
980716stitch,100461372
981204anita,100547710
98doge98,100770709
987654321eyyy,101042125
98259Saar,101348806
98cow,101454551
9807188slams,101503911
9807803slams,101503931
9812880slams,101503976
9808207slams,101503986
989kitty,101730137
9876t5refghjkjhgfd,102191314
98765432maddison,102262449
981218Be,102534388
98gamesproductions,102551559
9842848611,102658858
9867pineapple,102933393
9873Animations,103637483
98GreysonL,103942648
98ClementinaW,103947443
98486,103954498
984867,103955150
98GeorgeD,104118019
9848678,104129694
987654321qwsdfghj,104417041
984rt68re904,104537418
98659,104566784
9876utyr,104614165
987654321GABBY,104634593
987654321-Boom,104743143
98712001,104795555
9841526,104909127
987613,105148757
98456234,105248119
982782,105253700
984868,105386862
984869,105386958
983mb,105400724
9864311,105522057
9876IQ,105524293
984gaming1,105684058
984gamingREAL,105697658
9865a,105874549
982828dolphin,106007577
984gaming5,106367714
98526993,106473446
98656670,106474724
988belinay,106703957
987598,106918053
98percent_in_milk,107030390
987CATS,107854139
9831eli,108183644
9828919,108338011
98347575,108339493
98393XT,108473720
98J5SZSZ,108603575
987654211,108789589
987652222,108979070
986Kloth,109106634
985cougar,109117003
9898coo,109158334
987HOPE987,109649375
988888fun,109706501
98rushball,109788948
983838,109906377
983842,110209455
98707686guvgfrtu,110331124
98_penguins,110443572
9893Not_here,110537651
9866554,110564029
98Erlank,110658107
983489436,110667494
9898089,110739858
987Panda123,110956991
980next,111158074
987986,111292308
987076,111319105
980489er8erwngg,111672613
987675,112008086
984Oc,112127393
9876767,112329686
987654321dayo,112717935
989Davion,112871283
98796987,112929637
987966978,112929638
98798796,112929649
9879697,112929658
982534,112942151
987814,112942154
989ryleym9,113485611
98golfer,113510011
987123001,113758830
987388,113905976
98897,114158282
98_is_my_fav_number,115489186
987mexicanboy,116173142
986443,116186312
98xx,116406882
98lions,116468444
98FlagsProductions,116782503
98ii,117001272
98mui,117205748
984gaming2ALT,117524705
98MarioSonic,117604298
984gaming2new,117702338
9898725,117929398
98cartman98,117945830
98582,118027378
98xxqwerty,118128100
98bg,118266071
9874398,118483754
988019h,118560508
98789999,118695709
98226508,119201407
983b,119431434
98fi,120450406
98881,120656141
9876678,120668829
98jhs,120786373
9890000,120820547
9888889,121627082
9876giraffe5432,121757652
98dragonvue10,122186289
9873you9873,122215439
98Make,122364171
98_SUPER_98,122687613
9898---,122946501
98SusImposter_,123129349
983946,123257017
982721,123379765
980106030,123500576
9876444,123525572
984land,123536718
98Test98,123552416
987654321hoops,123640452
988309,123697998
985395,123707212
986544,123717764
980jelly,123729402
9842822,123950191
987josh,124452122
98716,124722342
981YEKNOMKNUHC,124864570
98786747,125702921
988416,125891607
988427,125898850
984land2,126239755
980116652me,126284367
988484,126424506
98-99,126649883
987654321go123123go,127007969
984587,127035737
981866,127338203
981866BIS,127488025
980039490_Ultimate,128137110
98867joft,128273991
980039490_Ultra,128288628
988726,128597036
98843DR,128714271
98804GD,128716058
98478RG,128716065
98662MF,128716074
988726BIS,129222072
988772BIS,129222083
988760bis,129227568
988267,129710536
985395bis,129716346
98Braves,130052521
983562807,130106154
9858793u,130219607
988xx8,130916129
986_1234,131081299
988893,131115602
982938,132525261
98987765,134524239
989003,134610612
984ball,135078168
980876,135609190
9801332,135671236
9898M2,136604870
98877651,137262977
989test,137561556
98765042,138910960
98starvy,139163830
989891,139567620
983476,139952969
989_909,140089747
9821798,140499549
98118CP,140623832
9821308,141570007
