3333,40564
33dman,50695
333,61017
33_shaq_32,70975
33s,77686
333123,82720
333333,93352
338,106329
33333,229128
33mr33,237532
334,296289
33324,303455
33244,311260
3315,322577
3332ju,369314
333221,381232
333g,404001
337JERKER,406454
33c,415180
335447595,417255
3312056,417737
337,422430
3313,446190
33398,466971
33705,473746
333ino333,488023
332211,502012
333444,502020
331-jhvhqh,550891
331-rgnhnh,550895
331-jgdbmb,550902
3330200018622,550926
33aum,559931
331-rdmbtg,566754
331-ngbbrd,566756
33442,574535
33391,584340
33394,584341
33392,585796
33catzz,586767
332,588279
336t3h,607893
33884157,612880
33925452,617909
3345678,621523
331,630103
330,635085
333666999,662629
3363681,678492
3310309,730194
3391685,730240
33135665,733109
33Y,734308
33705621,739449
339,749155
33508502,750558
3314415,761592
3301,771575
334071669,855006
333815991,862948
334932258,869433
33898141,934839
33437687,943591
33059379,966004
33579688,988424
33620487,1047996
3364kk,1060162
334909,1069776
3343586,1087457
3331111,1093295
33903222,1100488
331049500,1188789
33649278,1255647
33373673,1278338
336south,1644227
332480mendez,1759778
331423mendez,1759787
332052mendez,1759803
330734mendez,1759804
333418mendez,1759813
334284mendez,1759823
332565mendez,1759858
331470mendez,1766796
333894mendez,1766806
33357107,1770450
330337,1783969
3334,1796143
33802951,1801958
33140423,1814335
33227979,1824043
3335777,1846150
332581635,1894156
33494888,1931121
337478,1978896
331202,1989478
33reganh,2066471
3330,2093511
33cv,2098134
333444455555,2153941
330231,2163685
330217,2166097
330211,2166098
330205,2166100
330201,2166106
330214,2166109
330220,2166110
330225,2166112
330213,2166113
330224,2166114
330226,2166115
330228,2166119
330230,2166132
330206,2166135
330229,2166137
333332133332,2167225
330209,2171825
330222,2171829
330223,2171875
330203,2171878
33322174,2172714
337627503,2179104
33512929,2235980
330439476,2285509
33198250,2365208
334286655,2403334
333trinity,2444626
3328s,2461856
333babe,2481222
333mmm,2481585
3368,2498184
3364scratch,2508308
33327,2603446
3312,2626395
338225,2697068
332655,2697071
339099,2697082
330103,2697093
338411,2697096
339483,2697133
332137,2697136
333418,2697137
33012314,2700100
337737,2704907
339192,2704913
332851,2704952
339823,2705153
336789,2714852
333gabby,2737910
33331,2757056
336197,2773907
3395,2784952
33225687,2817398
3390,2851356
336962,2874130
333348399,2878790
3335333,2901040
3323,2917181
335579322,2959313
33048,2962960
33038,2962967
33060,2962968
33063,2962973
33053,2962977
33043,2962980
33017,2962985
33009,2962986
33028,2963000
33010,2963002
33052,2964267
33037,2964280
33045,2964289
33034,2964290
33012,2964294
33011,2964295
33024,2964300
33005,2964312
33022,2964316
33025,2964319
333fox333,2970464
3397073,3035631
3343434,3036483
33013,3048355
33055,3048361
33072,3048367
33061,3048368
33054,3048375
33049,3048377
33002,3048378
33018,3048390
334332780,3049900
3373scratch,3058080
335530358,3067990
33_mallory,3079049
33004RAGE,3088438
33983233,3106303
336067510,3118787
332628,3127611
333562692,3130446
33CoolyDude33,3141331
33scratch33,3151668
333ddd1,3156019
335540506,3169147
336943,3171548
33069947,3182379
335401675,3192519
335397972,3192521
333070,3223198
3332,3239299
333860,3243721
333606,3244026
33ninja,3265985
33zra,3282053
3391,3306142
3335,3347441
333lisajin,3393133
337602,3406806
3344-7,3420734
333261386,3456788
33477706,3476842
33swag,3498695
33spiritS,3511814
3394,3521030
33tussel,3537618
335148581,3583080
334489747,3583112
335019733,3589773
3316,3798302
3300260,3832944
33inagawa,3865582
33230ajhs,3892599
334scratch_rules,3909660
333333333333334,3938092
33501008,3939673
33gokberk33,3939882
33dd--ww,3940911
33camacho,3992053
334816923,4008117
336semih,4022486
331696,4104601
331700,4104621
331621,4105228
3327,4158880
333H333,4194380
33005mb,4257293
331702,4289036
331913,4303069
331674,4303080
334455,4407489
33sha,4431658
333scratch,4431979
33mik,4462089
33scratch2014,4465950
331ac,4474220
33888,4492263
33666,4586296
333111,4616002
335189,4642030
33jha,4708495
332456,4738705
339_THEblur,4890916
334048717,5014996
334824968,5066562
333936,5088784
33ii,5094090
338899,5364542
33basketball,5577532
333996999,5581546
330774,5950284
3385088084,5982904
333EMT,6113382
335718227,6217928
33masterman33,6243298
333tsb,6284810
333774669,6409214
331699,6479936
3316742014,6480136
331827,6516980
335738373,6530866
3377Busd,6533600
3374Busd,6533608
3351Busd,6533610
3344Busd,6533616
3398Busd,6533618
3396Busd,6533622
3388Busd,6533628
3391Busd,6533630
3357Busd,6533654
3362Busd,6533676
339225,6537936
335529622,6561374
333yo,6587774
335766101,6599896
330712,6605002
335960,6609256
3356Busd,6675280
339108,6916820
334218922,7175324
334221488,7198288
3301090,7222632
3301173,7222646
3300308,7222668
333417,7284816
339377,7474692
333polita,7489858
335458055,7564088
333632099,7584022
333880813,7584164
334050036,7584304
33canalons,7595142
33efink,7602720
33822,7682600
333cavia333,7693618
333957tt,8038384
335721551,8041870
33_lui_contreras_v,8048332
331359,8298964
334027661,8322760
3333ssss,8331008
33347803,8584864
33026GCSE,8720756
33p,8847950
33103SG,8886876
33awesomekooldudeKYO,8906760
331149,9402090
33JJ33,9406608
333491,9426008
333734,9433008
3396gsa,9575754
33333333333333333333,9614928
333758902,9659310
333277374,9659546
334909462,9659566
3395billy,9672010
3351gsa,9672972
3350gsa,9674454
330330,9736522
3316gsa,9887488
33169,10066906
335556247,10149488
330045,10163120
335493391,10165242
335481388,10182596
335488888,10187550
332090,10414738
334227634k,10468022
3343,10751452
335543989,10890176
33555555,10951496
335hardcorebrony821,11176000
331899,11244334
339981,11559304
339987,11559718
339588,11559792
332599,11559870
339480,11559932
339408,11560044
332033,11654200
33k,11715386
337725,11796400
338978,11796412
335595,11796426
33t,11861856
338815,11920270
33572801scratch,12079452
330371,12086494
336,12180906
3321rdm14n,12323366
336862,12334510
33451878,12383876
335209,12468450
337282,12468854
334140,12505212
331632,12505274
3390rhw14d,12522930
331582,12538962
331721,12625632
331410,12625662
331479,12625674
334165628,12733204
335,12857216
331733303,12863440
335776340,13027874
332852,13029120
331403,13031738
335689,13214839
338340,13241961
336734,13242079
334wsede,13242664
33966,13248404
336504,13249825
338339,13249832
337360ab,13249848
337508,13452132
33emilio,13509385
33A,13511975
339914,13539098
338539,13539130
335092,13539141
33L,13552450
334586591,13563345
3350,13574630
33IAN10,13694245
33976,13753787
33989,13851848
33901,13902756
330424,13993275
333bl333,14011659
335752226,14021944
3337,14035250
334763042,14080180
335533,14085073
33e,14126163
3395335,14193973
334471794,14348822
33EmeraldWorlds,14398733
334955499,14414353
33155511,14426227
33can33,14442708
337434,14495400
335762animalover,14535166
330033,14579674
334505856,14727358
334995289,14770056
335072187,14770145
33568,14774950
337485,14813625
334583,14813760
3303302,14829675
334118700,14895106
333luck,15012200
333626000,15012974
334901766,15018202
334678505,15581450
334733128,15588587
334151065,15628889
335682415,15718122
33358002,15726378
335011185,15771561
334503802,15787000
33dltmddus,15827163
33Lucky33,15915610
33203320,15918485
3346,15920375
334020658,15928732
339872,15949604
332274,15966875
335690301,15983738
3352248612,15988628
336955,15990832
337dah6b,16063912
333252,16107780
335477337lol,16114951
3311a,16175508
3344596,16179398
334052289,16228907
336603,16271688
330035581,16286648
3333NIKAN,16305356
332949,16309811
331210,16311044
334558,16315193
333three,16381788
333olpl,16396286
333543007,16468679
335680765,16519520
3354,16566688
33Serena,16683654
33D,16849354
335227542,16888609
334928975,16888610
334682002,16888673
335198024,16888674
333Taylor,16894581
335227534,16929576
334716321,17006557
335727756,17029834
334752839,17068466
333sten333,17181341
335035747,17184265
3333-,17354517
335549192,17372388
335483079,17372445
337720,17438694
33GalaxyGirl,17471718
330001761,17551319
33099,17632471
333933939,17656161
33342,17660083
33052111,17774669
334dw,17930337
334648,17992934
336366,18028809
333roberwi,18116404
331561,18176575
333239,18176746
339060,18178160
336187,18178165
336262l,18178227
336262lu,18178350
336203,18179707
336250,18179768
337775,18181219
336262luq,18184383
331906gp,18218902
33647852,18231326
332006E,18250760
336856,18277458
337791cvusdco,18328572
330Bolt,18339024
330440144,18363524
338106,18367378
339313,18370960
335198,18379083
334986189,18404714
339466,18407295
33598,18408138
337873,18408143
337230MM,18408150
336818lm,18408228
338046,18408236
335395,18408297
336281LM,18408318
339793,18408421
337874,18441215
33flash,18525094
330303qw,18605129
33151116,18621650
338330,18621651
331824,18621661
338482,18621666
338571,18621669
336700,18622308
334490,18622312
336282,18622318
337174,18622319
337858,18622320
336993,18622321
3301jcs8,18622602
333735r,18622902
335904,18622951
332609,18683788
333737,18683817
337241,18683846
33599,18713806
335904y,18719444
331928,18719539
331879,18719545
335904ya,18747914
331512RB,18748762
33x,18761746
335757241,18764627
334199,18774395
335904yae,18775403
336298,18794360
335904yael,18799773
331866,18865502
333767,18871640
333767D,18871685
331629,18871735
339783,18871741
335198CB,18871960
335904yaelca,18899144
3394938588,18921815
336235,18923128
337089,18923132
333991190,18927044
335904yaelcat,18927171
33Es,18943654
3319315270,18945335
334013,18951821
335904yaelcast,18952521
335904yaelcasti,18952718
33supernukebros,18954776
333robot,18984259
3323355121,18992806
335904yaelcastill,18993588
3316292,18995797
335904yaelcastillo,19030340
335904yaelcastillor,19030944
33ethanj,19050365
33caden,19050524
33rasheed,19050560
335904yaelcastillora,19059596
332054,19089433
332282,19109154
333319044,19124533
334748027,19124535
333722676,19124536
333441392,19124537
334840170,19124542
333903862,19124548
333savage,19208080
3385492254,19227649
337549,19230341
339966,19257905
33blue2017,19291255
3348869919,19318181
3373691141,19318236
33769,19324017
33seanc,19344545
333roman,19401931
336220,19404090
335535670,19507736
333EXOTICBUTTERS333,19511269
333EXOTICBUTTERS33,19512268
333336,19556356
3325396526,19617093
3343475327,19623689
33CaspianNoak,19631911
3342S1,19685591
333251544,19697021
333Emma333,19701654
334515897,19702064
334531324,19702201
334516457,19709403
3333w,19730658
333ke,19737697
33Hamza,19825387
33083,19908196
333298,19912707
333justme,19941987
333FIREHAWK,19945760
33girlygamer55,19946639
335007050,20002467
334496056,20002892
335478095,20003512
336jzapata,20010909
337032,20020028
3369664542,20036582
337666scarlett,20047780
335196192,20096321
335128,20112071
334781879,20134266
33299,20167588
338999,20167868
332192,20172366
33loyerl,20178447
33520,20189760
333921294,20242189
333381333381,20244853
33171,20337439
334049889,20371246
334964004,20392711
335471017,20394945
333368,20405484
334624525,20429044
334722196,20430133
334593910,20439158
335104352,20446954
335496170,20456885
333eer,20609868
33999,20621994
33the,20653261
3313333,20708689
337679,20755232
3310630,20798744
334school,20841946
335728721,20872198
335395034,20881479
331689,20927620
336133,20927653
333627,20927824
334732,20933322
3313321,20934935
334569,20934954
334416,20935120
334d,20953188
33o,20967071
337785,20990828
334s20C44ll,21003049
33tt0H2s2,21003050
335260,21091999
334637,21098514
33n,21119746
3333310,21181137
335992,21189501
3397091,21189644
33jessie15,21237061
3345Nea,21255221
334655321,21262368
330707am,21267893
330870th,21267915
33736,21275991
3332design,21315277
332186,21341368
335398,21382574
3321866,21434087
33112,21469996
335thebutters,21486961
336551,21573057
3355kitty,21582442
331378,21597333
330040842,21663591
33187,21683242
3315331173,21689632
3325331173,21717033
3375401,21718265
331914,21819838
335196341,21843925
33mjs,21845625
335098927,21899335
333H,21911380
33b,21913283
3308144848,21921582
335131041,21975884
335131090,21975908
338876,21984794
33575294,21989533
334509967,22111446
33rdlewis,22114478
332088,22162180
339146,22165580
33_savage,22199598
333momo333,22207236
331859,22228085
339122,22252083
332519,22357869
33824,22430959
33556,22455027
331307,22455923
33331444,22475109
333222980,22524019
3322145,22531449
334996287,22561640
335000261,22561666
33228,22571511
339478,22590542
339526,22591388
336300a,22657030
333738h,22658297
335002911,22659939
334752cvusdco,22722477
33TMD8B2,22841898
333halfevil333,22847414
33Joshua,22871735
334681,23037854
334383,23037862
334384,23037865
334165,23037868
334451,23037881
337509,23037887
338jov,23132259
334722592d,23245747
33Bon-Bon,23279136
334624523,23280638
3360420,23283576
3387chal,23306161
337449,23398112
337448,23398182
333monkey333,23532771
330156642,23623448
336136,23904002
337079,23904099
335834,23904110
336357,23904579
335841,23904626
337313,23915205
3302270,24006348
33RPJ7A,24027300
33maddyw,24060396
33SidraK,24060403
33BillyM,24060406
33JackF,24060409
33ShelbyC,24060417
33HussamS,24060457
33deeyas,24060489
33HaydenW,24060502
33MorganW,24060513
33ZachL,24060740
33KateCalhoun,24082652
330302200508048817,24105381
333megand,24116217
33Kaitlyn,24116334
33max,24116577
331068,24162961
334075306,24180078
334078433,24180119
33kayle,24183877
33sydneyt,24184288
33Aseason2,24234429
3333mm,24362077
335679445,24380932
334274go,24458518
335542312,24517627
332Ryan,24535496
3333333333339,24568512
333charizard333,24782770
3325575269,24821103
33ccm14,24822906
332017-2018,24864073
3319wldus,24894658
33bobo,24909485
33tacos,24946657
335905238,25036791
3399999s,25062547
3389999,25062554
3379999s,25062558
3339999s,25062563
3329999s,25062564
3309999s,25062567
3359999s,25062569
3369999s,25062572
3319999s,25062580
333866,25064287
33fl,25066654
332588Ryan,25080857
332588-Ryan,25083269
332588,25094009
333SWAG333,25135365
3314039905,25181878
33EMN,25212072
337APPLE,25213920
337230Rm14,25262353
33448914,25262366
33green33,25263189
335900springroad11,25299936
336002fastgrass92,25299952
33W,25302963
339793RM14,25306246
3321539152,25306548
33elsal17,25329493
3336665555556669,25359354
33xavier,25369387
33ah,25400972
3328891714,25423419
33369HELD,25433365
33jon17,25436795
331449264,25441178
331460311,25441213
3326041,25456353
332862Rm14,25488662
3326047,25490373
333235398,25505400
331568758,25505523
3334566,25519140
331845123,25522278
331482174,25522279
331749465,25522284
330988601,25522285
333237089,25522286
331865980,25522287
331865501,25522288
331849638,25522291
330885906,25522293
331865022,25522294
331845552,25522295
331845560,25522297
331980938,25523304
33lilly159,25531210
33ani,25534924
33921,25535846
33uruguay,25536432
33zoe33kitty,25536997
33volleyball33,25539837
3323355121M,25540065
333713,25545589
335700,25612309
335547071,25641121
3300903,25644912
3300977,25646559
3300447,25646619
3300194,25646628
3300443,25646643
3300432,25646652
3300509,25646691
3300431,25646706
3300458,25646722
3300500,25646733
333178rios14,25650163
3300476,25677692
333867,25686692
3300420,25735294
339602,25778026
338089,25778062
339669KL,25778165
338172ET,25783648
33Pugs,25808767
33blackcat,25809722
33105MJ,25812698
33Zed,25864807
33302591,25877362
33virgoe,25896394
333026011,25926895
339brareye,25982880
3376658,26004284
335691085,26017434
333253532,26083940
33undde-fan,26118167
3314178794M,26119189
335544342,26129023
3376a,26132003
3339a,26133013
335446563,26196737
339890,26203139
331timcca,26225057
331trimcca,26227427
3362365858,26277421
339669,26444068
336503LG,26449476
338651599ocdsb,26459289
33topsy,26510008
3323077791,26512995
3321566342,26516923
3314810281,26568852
331Anna,26569051
331044263,26593587
331929737,26595220
333278950,26595248
33360BAR,26613999
335890521,26701075
33fan,26706818
331984,26779130
331817700,26787991
333_pooh,26843310
333apple333,26867654
333532-cs,26895385
337183-cs,26895782
339691-cs,26896335
339425-cs,26896909
339492-CS,26929629
333333334l,26952688
33112OL,27052102
33252362,27071185
333gavin,27083758
33145130370,27114841
33991100,27145830
33523,27150055
334265543,27160808
33221122,27214979
3300416,27293194
3300434,27293293
3300493,27293329
3300993,27293334
3300993R,27293452
33212Ethanmar,27295025
330NeoJ,27314555
33tas,27317392
331920WM,27327256
331948,27329436
33000993,27331331
3300433,27331926
332158,27333679
333joey,27362298
332588680,27375768
33Mr_Wilson,27423676
3347264641,27438266
3314381,27451256
33Superguy,27454718
33mie,27471232
33lions,27525885
330988205,27586612
332652718,27586797
336609,27599077
333SMile333,27604296
3337777,27604692
333051647,27610551
3351862500,27642630
33potter,27784688
335jd,27821876
33ths,27821986
335op,27822002
335js,27822013
335es,27822023
335bs,27832290
335ld,27836199
33ff,27836231
335lf,27836242
335ah,27836266
335bk,27836277
335kl,27836286
335at,27836302
335aw,27836311
335cn,27836420
335ev,27836426
33aw,27836455
3355ah,27839060
335cl,27839067
335nm,27839068
335sm,27839076
335lp,27839081
335as,27839084
3355es,27839088
3355cw,27839102
333alican,27916699
334baran,27922308
330umut,27922423
33ASD88,27959728
332yusuf,27981812
335berivan,27981858
33hahuBPM,27994861
33stude1BPM,27995746
33royal2017,28018431
333144,28030048
331447144,28039209
331439414,28039267
33079Bp,28119716
33buckeyes,28120703
33studentevenhuis,28167221
333evenhuisstudent,28167807
335620316,28233854
335068227,28272918
335059200,28272919
33isaac,28323721
3326013,28447319
3325029FL,28447435
3323362,28501605
33prince,28524101
337387,28528970
331455,28555172
334Forman,28603161
33550336,28626744
339848,28655439
335901,28678729
338773cttf1234,28794037
334321cook,29197934
33pizza,29336562
332042464,29535021
33_bopsicle,29557024
331276,29584418
334001211,29633472
334001211kp,29633658
33THK0TH,29644118
33loggib,29661037
334147683,29665162
334000148,29665243
3398744,29701063
334845211,29703817
33_lunalovegood,29778423
330988809,29883803
33333three,29886252
3353jac,29899357
33Crusher,29940426
33451,29951526
33459,29977195
332673177,30002846
332623974,30002850
332624105,30002851
332637289,30002853
332624006,30002855
332625854,30002856
332653245,30002858
332621101,30002860
331471219,30002862
332661842,30002863
332737436,30002864
332624097,30002865
331468140,30002866
332736636,30002867
331471375,30002868
332871557,30002869
332623644,30002870
333artcontest,30019009
3300492,30027314
3300445,30027744
3300484,30027830
3300898,30028044
3300595,30028048
3300429,30028087
33zacarie,30066658
33inspire,30128506
33cycads,30237599
33sds2024,30257081
33299Antoine,30386127
333elizabeth333,30430516
332029354,30483924
333matheus,30572307
333789,30585854
335201786,30601755
33panther64053,30666987
333tyler,30671599
333113wildflower,30679029
333071wildflower,30679040
33249714,30690062
33bubbles,30752018
333777999,30778403
33361026,30808810
333mouse,30809058
337863ha,30884771
3338888,30940692
33kylie,31051635
33r,31075777
333eeews,31079174
331_82tam,31159047
33-LTEC,31229437
333L,31257877
3350cw,31278589
3348cw,31278590
3305cw,31278591
3342cw,31278592
3351cw,31278593
3303cw,31278594
3312cw,31278595
3311cw,31278596
3308cw,31278597
3307cw,31278599
3313cw,31278600
3306cw,31278601
3345cw,31278602
3304cw,31278603
3343cw,31278604
3346cw,31278605
3344cw,31278606
3301cw,31278607
3310cw,31278608
3302cw,31278609
3349cw,31278610
3314cw,31278611
3347cw,31278612
3341cw,31278613
3309cw,31278614
33Lcable,31590530
33Bass5250,32018066
330hf,32037563
336719,32083580
3375298382,32127502
3349550,32144864
3336270,32144919
3360370,32144979
3333685,32145034
3351490,32145062
3336271,32145093
3345240,32145158
3300442,32179329
3300418,32179342
3300469,32179386
3300464,32179411
3301966,32179424
33f,32180212
33bluedog,32186812
330fh,32208607
3310hunt,32347414
33kh17,32379039
33ED05,32379061
33KS18,32379062
33bw18,32379066
33CH18,32379068
33ck18,32379069
33am18,32379084
33TB18,32379085
33mp18,32379090
33hg18,32379091
33kb18,32379095
33qf18,32379096
33ale18,32379109
33ls18,32379116
33SM18,32379129
33mt18,32379131
33cs18,32379134
33KRR18,32379140
33ep18,32379141
33rs18,32379142
33ql18,32379145
33sa18,32379146
33LM18,32379154
33AH18,32379156
33HV18,32379159
33kr18,32379165
33AD18,32379200
33as18,32379203
33JM18,32379210
33mge18,32379330
33pl,32379473
33905GRACE,32478821
33e3,32480201
335632063,32516379
33832,32551424
33675Davi,32551428
33bionca,32557507
3344806,32574100
33306,32580354
33jayden,32598178
335149688,32661865
333-012,32733511
3317004,32809582
333152,32852734
33176v,32993428
33thunderbolt,33327992
33chambers,33329780
333Wolfroblox,33358109
33EMNtest,33380871
33z,33395117
333CRM333,33413422
33klass6,33505339
3333APPLE,33554554
33108120071112001x,33563454
33554432,33614535
33room31,33697023
333esta,33711935
337ooo,33721939
332195825652472,33725935
3300_exe,33730195
33419s,33756988
33428s,33756989
33441s,33756991
33447s,33756996
33576s,33757001
33658,33757002
33510s,33757007
33440s,33757008
33552s,33757017
33567s,33757024
333_cyj_333,33789701
333thom333,33900080
333candy,33933245
334554321123322,34013099
33westie,34095123
333lol,34121472
3326023682cyk,34128935
3325lolololo,34146574
3333jiayounuli,34147666
33limekilnsja,34197892
335730537,34240615
33_stem,34311344
33deer,34339281
333p333,34407412
3353956,34454171
331a2018,34544353
331b2018,34544405
33ella,34663780
33B5,34694669
33dear,34716542
3315cw,34751813
3364270,34789851
3390daniel,34793261
3377meqhi,34793358
33ahlijah,34808029
333932jonathan,34811444
3316bb,34824335
33555bpl,34873173
330396f,34994065
334944f,34994068
339193f,34994069
336489f,34994070
333833f,34994072
332321f,34994077
331787f,34994078
333005f,34994079
334636f,34994080
333186f,34994082
333199f,34994087
330064f,34994090
331335,35032815
33MARU,35043314
333ymymaa,35085026
33hsdkh,35139983
33hsdml,35139988
33hsdcd,35139997
33hsdab,35139999
33hsdjb,35140006
33hsdcf,35140007
33hsdzf,35140010
33hsdjn,35140013
33hsdnh,35140017
33hsdph,35140018
33hsdvj,35140019
33hsdjw,35140021
33hsdtj,35140022
33hsdls,35140025
33hsdsw,35140026
33hsdlc,35140031
33hsdmb,35140851
3328-17,35180196
3328-7,35180541
3328-10,35180693
3328-24,35180745
3328-16,35180780
3328-20,35180826
3328-3,35180867
3328-25,35180908
3328-19,35180959
3328-23,35181010
3328-1,35181043
3328-11,35181184
3328-8,35181247
3328-6,35181305
3328-4,35181334
3328-18,35181376
3328-12,35181477
3328-9,35181507
3328-21,35181558
3328-15,35181580
3328-22,35181611
3328-5,35181673
3328-2,35181746
3328-14,35181802
3328-13,35181844
338652,35226703
33imagine,35268315
33slesmanatees,35270196
339slesmanatees,35270599
337slesmanatees,35270605
338slesmanatees,35270609
332slesmanatees,35270610
335slesmanatees,35270612
336slesmanatees,35270617
330slesmanatees,35270632
331slesmanatees,35270634
334slesmanatees,35270637
333slesmanatees,35270640
335484317Tyler,35300400
33333333ewe,35396672
331104,35419558
33paraguay2018,35483248
3301000MO,35488795
33ecuador2018,35490641
33dj,35510342
33TallTrees,35524051
335190328,35551690
33514,35551800
335041380,35551930
3351478,35551932
335004115,35552102
335070553,35552447
336imagine,35569923
330imagine,35569924
334imagine,35569929
337imagine,35569937
338imagine,35569938
333imagine,35569943
335imagine,35569944
332imagine,35569946
339imagine,35569947
331imagine,35569950
337512,35622207
334188,35622208
335938,35622211
339292,35622212
338964,35622214
332921,35622215
339100,35622216
335735,35622219
335671,35622220
333072,35622221
338927,35622222
334193,35622223
338706,35622224
333410,35622225
339628,35622226
339616,35622229
338393,35622230
3300565,35690512
3300880,35690581
3300983,35690587
3300560,35690614
33kimse,35706188
33kimjh,35706201
33kimjih,35706358
33choosr,35709502
33kimseonee,35710521
3300983Jc,35726974
3300983J,35728563
33504138,35787153
3350413800,35787256
338132c,35848767
3364685766,35868686
3301306a,35879379
3302411a,35879480
3301199a,35879487
3302403a,35879536
3302403b,35879620
3302106a,35879695
3300795a,35879705
3302171a,35879862
3302353a,35879899
3326ncsnj,35880812
33hhh,35912086
338144,35928627
33OMGTech,35940744
33001465,35944412
33EFECAN,35982616
33414708900,35997455
33royal2018,36013792
33AddieArnold,36044594
333035,36061623
33811,36061866
331661116,36069990
334455kb,36097489
33cupcake,36113478
33Kendall33,36135294
3304burroughs,36145376
3304castillo,36145382
3304hill,36145383
3304henry,36145392
3304anderson,36145393
3304elzgary,36145395
3304fleurimond,36145398
3304williams,36145402
3304mclean,36145405
3304bowen,36145408
3304ribot,36145414
3304grenade,36145416
3304crossman,36145418
3304bazelais,36145431
3304gracia,36145434
3304steer,36145440
3304leandre,36145443
3304ward,36145448
3304ahmed,36145453
3304kelly,36145455
3304ward1,36145465
3304oliver,36145469
3304demosthene,36145472
3304billingy,36145486
3304davis,36160152
3304davis1,36160173
3304bright,36160177
3304jones,36160184
330956954,36197358
33MOMBAY,36210061
33MALOTO,36241938
33651CB,36262906
33409,36263017
3314583,36286379
33431_Kieran,36423678
33_lupe_mtz,36541456
33QUILATON,36859173
33daikumaGEKYUME,37205685
33NOLASCO,37422406
33STEM,37436568
33SALINAS,37463218
333381sd,37488905
331676ea,37489345
331741bb,37489350
331339ad,37489351
331743eb,37489366
33smedenelev,37592099
3304augustin,37652178
3302polias,37674691
3302billinghurst,37674700
3302jean,37674809
3302rerrie,37674818
3302perea,37674826
3302sistrunk,37674838
3302kitson,37674868
3302sessoms,37674882
3302watkins,37674888
3302thompson,37674896
3302jeanniton,37674936
3302otabor,37674949
3302mathieu,37674967
3302chongthomas,37674975
3302atkinson,37674987
3302sundar,37674999
3302mendez,37675006
3302sylvester,37675018
3302lewis,37675031
3302fields,37675053
3302richardsbailey,37675067
3302marie,37675085
3302mentor,37675093
3302louis,37675108
3302holley,37675120
3302liang,37675132
3302henry,37675139
3302coombs,37675161
3302smith,37675169
3302michel,37675178
3302abuhamda,37675189
33PET,37685038
33LAPIDANTE,37690726
33029LA,37706624
33030LA,37706635
33031LA,37706656
33032LA,37706668
331748,37724990
33horse,37729755
333WM,37736161
33fluffyunicorn,37793245
33FULLON,37806544
3302paul,37864126
3302green,37866446
33suikasuika,37921726
33yunrun,37932723
33449,37962253
33pineapple,37966687
333496800,38026748
335532578,38044442
333510adaiyah,38100043
33nasi,38210469
33581,38219132
3302martinez1,38270762
333k,38304782
33orioles10,38325911
334612215,38340303
332898113,38398732
3300625,38403550
3300625KG,38403628
3300543,38403842
3300553,38405962
3300569,38406345
33dove,38429383
33329ogorman,38432898
334626892,38443718
33omg,38471168
33o-migunnnesugg,38471705
3300592,38497321
339549peterson,38503465
3300985,38537892
33g,38550073
3303211,38589076
33MASONGSONG,38595907
333fulton,38678627
33kpan,38732799
3329659297b,38766103
3381113,38841623
33760,38849899
33470,38849910
33461,38849917
33504,38849924
33497scs,38849928
33962,38849939
33884,38849940
33487scs,38849941
33767scs,38849947
33589,38849949
33566scs,38849952
33468scs,38849956
33469,38849973
33461scs,38850022
3332banners,38858313
338028-IJ2,38871228
33863scs,38886329
333333lol,38911133
335921144,38949979
336072533,38949980
335817771,38950023
336072491,38950025
335868014,38950034
335847794,38950112
335837472,38950144
33mn,38957316
33527scs,39000575
3377896,39163759
33h,39267027
33501899,39302532
33502122,39305913
33601979,39306215
3304bodon,39336918
333va,39352708
33333333232,39376287
332546,39377141
33Tommy26,39413630
33dove10,39460885
33MAGBANUA,39476385
333089,39559031
33HDbroitsme,39579914
33stemkid,39601144
337253ICT,39622368
338031ICT,39622406
339575ICT,39622408
339187ICT,39622411
338028ICT,39622542
33stripes,39641808
33615SG,39643677
336043831,39685259
336045604,39685327
3322green,39696609
33366614Ally,39731667
33jade,39780697
33_Tristan,39796228
336035837,39800074
336020557,39800236
336035838,39801436
335998563,39804087
333RYON,39826280
333ICU,39894572
33gamzeteacher,39934564
33kod22lama,40000134
330933093309,40031143
332103bi,40068925
331678oh,40068973
3333b,40079943
3316004,40081387
3304bloomfield,40110391
338505,40157217
3333_33,40190282
33100167591,40211089
334052f,40213039
333lol_2,40227575
3323140974,40301280
3333b1,40329162
33elo,40347494
333333301,40355280
333333302,40355322
33_gamer,40473631
333brhhhhh333,40492679
3379132748,40519556
3338toja,40606121
333999a8,40649006
3379566268,40677236
3328486364,40710969
332547,40723894
330e04,40871567
33basketballsuper,40872293
3337Hs,40894496
33398kgb,40919896
3394b,40939698
33wert333,41046977
330057mc,41049204
335527,41081529
333000999,41082871
33dirpypig,41137471
3300805swim,41207855
335131918,41210878
333franek,41239178
33lazrail61,41250313
33dipper33,41250373
33mabel33,41250381
33JCL08,41289132
33ege06,41293126
33hasan06,41293553
33sado32,41293565
33orkun,41293603
3300441,41313682
3300441NH,41313804
33998853,41369941
333Burak,41465770
333sudenaz,41465775
33477,41477661
33333888880,41482966
3333388888,41483006
33yangzheng,41566878
33Splatt3r33,41744798
33mersin,41865477
334870,41874283
333707,41874306
333505,41874308
335215am,41874313
332535,41874314
335281,41874323
335323ja,41874327
335400,41874328
332657em,41874330
335481,41874335
335620,41874340
334emircan,41896216
3325Alii,41897704
335997789,42037203
335855292,42037204
33At,42083159
33493SH,42156884
331641cm,42163092
330931sm,42163104
33223311,42188693
331744ss,42222693
33BABY,42267319
334204547,42426577
33333333333333333321,42506835
3333333333333333321,42507454
33gamer_da_beast,42549123
33221145,42619549
33sprinklequeen,42672947
333sprinklequeen,42999622
33Owls6th,43767496
33426766,43770493
33thumbs,43781294
334968,43786031
33Random,43837879
33something,43872628
336774455,43961591
33677445566666,43976000
33677445,44010516
33_,44046609
33-4,44110327
33_Alex3,44284182
334422882211111133,44397313
33332222556645,44451472
331160,44577808
333311,44634862
336457,44674358
33Gamer_the_beast,44741851
33Danna6B,44791962
33shadowsniper,44891292
33v331utions,45085517
336ncs,45107359
3385207484,45453021
33_1A_CSL,45580441
333286AN,45768421
333elliott,45806269
33333xd,45831673
335976148,45977730
336011879,45977759
336065305,45977761
336063995,45977790
336071154,45977814
33Chromium,46445826
3385jc,49508297
3340jc,49508327
3341jc,49508331
33AOM,49811187
33-22-11,49891940
33er,49943372
332025ap,50148756
331518at,50148774
331810sv,50149000
334483,50233938
33CHSDKJ,50334405
33CHSDJJ,50334406
33CHSDSG,50334407
33CHSDEC,50334408
33CHSDBC,50334409
33CHSDLR,50334410
33CHSDMT,50334411
33CHSDMN,50334413
33CHSDZC,50334415
33CHSDTM,50334417
332037ds,50416302
3300973val4,50419653
3318003,50474883
3301205val1,50580181
330553bm,50608488
333680221,50735173
3301jc,50883004
33cub14,51036388
33AA,51202916
33424,51241744
332220,51241874
33413,51435617
333OWEN333,51519376
333333M,51863742
332207cj,51896377
332371s,51958331
330048854,51979298
331911mo,51982808
331839sb,51982828
331783wk,51982866
331912jt,52023591
331849sk,52023799
337Greece,52122689
333s7,52139976
333s10,52139980
333s13,52139981
333s15,52139983
333s14,52139984
333s17,52139986
333s19,52139989
333s26,52139991
333s27,52139992
333s23,52139996
333s25,52140000
333s35,52140002
33T_,52185907
33foxTT,52202424
33sin,52331171
3333330,52364440
33333333y5,52442334
3308csjb,52527585
33Pony33,52641594
338926,52752541
335357,52752661
338325,52765182
33508180,52778829
33JustXSav,52802782
333wwsxx113,52915744
3303midlandrd,52957566
3310222007,53037119
33671,53252301
338125,53328516
33w234,53350557
333kittensCH,53395922
33lanesfieldy6,53415941
333z,53417248
331s012,53835124
333spacekid333,53975230
333301,54045009
333297,54045020
332017,54045028
336512318,54053337
3334gFIOP,54156234
338273scratch,54309520
331576tg,54405688
331586jy,54405854
331592lb,54405860
331429ym,54405879
331965ls,54405903
331430zm,54405928
333year,54502478
3368ian,55296750
3337rand,55296783
3348elliot,55297387
3330sara,55299811
3351abigail,55299941
3301798GreciaC,55657547
33m33,55789644
33i,55900481
33j,55900507
33j1,55900527
3378182768,55928774
3342887761,55945189
333muffin,56014255
337789,56235171
337805,56235525
33Kagan,56305325
333KNMKHG,56584735
33124ec20,56635998
33amigos,56684678
33dolphin16,56779622
338710811,56839427
3307smd,56864097
3369smd,56864110
3319smd,56864188
3373smd,56864193
3393smd,56864194
3359smd,56864195
3386smd,56864198
3305smd,56864199
3301smd,56864201
3399smd,56864205
3342smd,56864207
3306smd,56864208
3304smd,56864209
3339smd,56864253
33TheAmazingToeBoi,56896153
33ag,56954300
33780,57232161
335467205,57335828
33elephant33,57351375
333222111q,57388952
33m,57400428
33stanne4,57443047
333DRAGON333,57543319
33308_Arman,57636613
333jpb333,57882790
33333344444,57890937
3333mmmm,57960152
331867DE,57981700
331571OR,57982526
331864CW,57985579
33330,58054358
336benh,58122969
336BBC,58156066
33wutina,58490128
33nguyenthanh,58493626
33KOKO,58671748
33281_unheathy,58690947
3334gFIOP_Test,58768823
33lion,58815735
338326,58908701
3333tyoko,58967861
333redliuB_onimoD,59006200
33cocciogrosso,59076265
33333333333334,59537934
33yessir,59721539
33817,59735059
33344FakeStudent,59789722
333sockmonkeylover,59822671
33-y,60083315
33shanshan,60095261
338lapua,60168475
331594jp,60195435
3344444,60294331
33334433434334,60294540
331014720m,60317900
3394329195,60379893
333dragon,60382308
33fennecfox,60509774
33333333333123456,60763132
33Q,60913995
33aluScratch_CPR,61113479
33967875Omagaddd,61152036
334QUEENOFMEAN,61232238
333DingDongDon666,61334556
333coding,61410225
33miau,61481932
33BalletKitty,61561350
333_sike,61576400
336Baseballglove,61620773
333rkh,61672842
334567788ade,61755761
33salimafidon,61806629
33_550_336,61863610
3319282344,62003788
331_xx,62030714
33-3e,62145773
333declan444,62311661
33333zzz111,62316375
33games,62377563
3371914,62384521
3332445,62434264
33petesnut33,62639879
33stickfigurepivot,62718456
338383838,62755851
33rdstreetgames_dev,62767690
33Zeav33,62876815
33WP,62935868
3356-Hasan-3356,62944018
33er3,62977949
332gulinzeynep,63137633
336LAA366,63208826
333555313155553221,63223640
33andyjones66,63350811
3352ka,63441167
33v33_Life,63451258
331998682,63479201
336384029,63479474
332921386,63479477
334245172,63479480
331987537,63479484
331989970,63479485
332922855,63479493
331988725,63479500
332920974,63479507
331988592,63479509
332898469,63479510
331024992,63479511
332920891,63479515
333210367,63479516
331985143,63479561
331996322,63479562
331998146,63479564
332234ES,63546575
3325aac,63594400
3333fuanny22,63777253
33333puppy,63780072
33334f,63815320
3302072,63835857
333947,64106350
33-hhhhhhhhh-iiiiiii,64250049
333SHADOW333,64438398
335773149,64453985
33441100,64472110
33Tio,64504111
33622020,64514355
33442424,64566116
336BaseballMAPS,64746928
335753570,64799368
333693DGR,64849249
339216,64878550
33hollowell33,64932793
33011bces,64995932
33007bces,64995984
33Wce99,65053637
3333444444,65057892
33-hhhhh-iiiiiii,65311962
339leaf7527s4,65379443
338fire6272s4,65379447
335ruby9890s4,65379449
332leaf1177s4,65379455
331ults3837s4,65379458
336red4052s4,65379459
334arce3482s4,65379464
330gene7224s4,65379467
333moon5794s4,65379471
337red6730s4,65379484
331590CB,65408920
331579JA,65409148
331603AG,65409163
33U,65439183
3333tt,65470118
33135moga,65527844
339unicorn339,65608462
33mustafa,65641782
33-hhhhhhhhh-iii,65700790
33-,65740852
33bdude,65758352
33griple,65760281
33907568168,65827161
33_fernanda,66003086
33pickle_juice,66014680
337915,66136062
335821,66140762
335909,66196152
33boweb,66285868
33-em01mm,66380348
333233323,66516644
33CHA,66583141
33333333s,66884802
33132m,67004301
331807wvusd,67086335
33333b13,67117305
3322meo---,67141652
3333333333333122,67158597
3319002,67198699
333marcus333,67673887
333434554,67711945
33rudolashe,67717879
33kos,67965268
3333marcus3333,68061122
33042-piggy,68065921
33than_O,68081323
335_5-H,68102866
331_,68232473
333marco333,68261947
335034724,68284885
334526,68437094
33sg,68590063
330sg,68654041
33mini,68833663
333_Ender,68851396
33scratchilove,68932643
33unc2020,68983434
33YYKoala,69002797
3399jsb,69141396
333EEEEEE,69195480
3333333323987123,69432819
3333333333867,69434953
33k33kk33kk33kkkkk,69435242
33LotusSun33,69442019
3303laenj,69511064
336teacher,69554693
3324bEastMoDe123,69634173
33tities,69662896
333_barry,69703581
332119TN,69705168
33-st16,69766887
331224899,69779287
33fig,69860741
33srdwai,70070723
333SPH333,70176762
33scratchb20,70184275
3333Jacob,70198857
33_games,70292259
33389666yu56,70325395
331Olivia,70344717
332os,70376107
334golo67,70512707
33828DOS,70561326
33_MRP_33,70605472
33333467777,70628685
33porterg,70685763
33kor,70716191
33Grape,70756567
33_extras,70778441
33_snakee,70914953
33rayapanda,70983046
33usa,71063657
33v,71085596
33maha,71101330
33_Misty--,71115990
3344444444678,71163616
33sotherprofile,71330052
333ecesu,71567322
333667-Chris,71656713
330207,71659113
3333365556,71791053
333YXNG_SCXR333,71892239
333_follwers_for_pk,71906017
33karon,72003141
33aarmyu501,72162993
33mospar933,72163081
333614,72255316
331250101,72287967
330409,72306028
333plushbearlover,72397253
33KC,72505178
3306tg,72579962
3311482,72930022
331148,72988725
33w333333,72998273
33LeoLion4E,73286679
33wilfie,73359279
33Caterpie,73470207
333999666demons,73565463
333Saturn,73776445
33andor,74019375
3366retal,74271820
33coolgirl7,74438538
33jag317,74608140
331429ym-2,74838063
33-mrod,74893105
33IQUESADA,74893334
33alp33,74932292
333alexisv333,75011503
332206ues,75019197
3344689887433,75315130
33Powder33,75424444
33-SY2021CUR203,75436842
33572-c6b,75497328
3333lingoXD,75499263
333229999,75530849
33bbottila,75649168
330875,75803890
3336jc,75849254
33Powder333,75865736
33rbeun,76075582
33333cookie,76326562
33314e,76511295
332dogman,76600008
333Mar333,76818667
333Chr333,76818668
333Hei333,76818669
333Geo333,76818670
333Noa333,76818671
333Eli333,76818672
333Jen333,76818673
333Ede333,76818674
333Leo333,76818675
333Jac333,76818676
333Eth333,76818677
333Mu333,76818678
333Jos333,76818680
333Cha333,76818681
333Har333,76818682
333Kya333,76818683
333Seb333,76818684
333Char333,76818685
333Bia333,76818686
3333333333311,76917138
33172bces,76987901
33Salazar,77404791
330ktsk9950s5,77422611
339miya2088s5,77422618
331edgw8116s5,77422621
338chof4166s5,77422622
334hino6280s5,77422634
335kdir5223s5,77422645
333hgsy2263s5,77422646
336tama6014s5,77422647
337aksm9793s5,77422650
332kmae5199s5,77422652
336e,77439169
33111theminecraftfan,77728632
3369smdingley,77894092
3376smdingley,77894106
3383smdingley,77894205
3397smdingley,77894217
3360smdingley,77894267
3378smdingley,77894290
3364smdingley,77894291
3398smdingley,77894292
3375smdingley,77894296
3389smdingley,77894297
3366smdingley,77894298
3367smdingley,77894299
3396smdingley,77894302
3377smdingley,77894303
3362smdingley,77894305
3381smdingley,77894309
3393smdingley,77894338
3363smdingley,77894340
3386smdingley,77894341
3373smdingley,77894343
3384smdingley,77894346
3392smdingley,77894347
3395smdingley,77894348
3368smdingley,77894349
3399smdingley,77894352
3359smdingley,77894353
3323424234,77904888
333xen,78111896
33668899,78114567
33yangchanhyuk,78169456
33Gav7,78307794
33kakeru33,78391415
33BP,78424495
333n4,78481714
33sea5,78591680
3356695844,78682978
33SereneSimThianYee,78776792
333yyya,79286479
33CandyGirl,79350269
33822t,79365256
33h7m,79437516
3345yusuf,79641892
33_CliffyOfficial,79700208
33picsammy1997,79841533
333495,80018651
33FIGHTERGOD,80078667
334208Irw,80106792
336729gra,80108874
334953Angel,80108901
335033kna,80108910
337889Sid,80108915
334354Pain,80108961
334953Per,80109074
336170mos,80109333
336170moss,80109389
33Aoife,80164494
3301801MC,80193291
336170CharlieMoss,80269187
333twees,80275391
333Tob333,80280053
333master,80300593
33-Hour3,80310609
33-Hour4,80310665
33-Hour6,80310782
334659c,80333417
335450,80333521
336358m,80333814
330410d,80338090
336354j,80338253
336988m,80344135
3321591,80344947
333AI,80623658
331JP,80654129
334ZW,80656028
33supergirl33,80791618
33superman33,80839973
337867,80881461
333mantuan,80904995
333drakon333,81195717
3334344,81252150
333BookLover,81395848
334e,81396895
33Maximoo22,81408581
331hiiiiibye,81542874
330049,81557843
33colbert,81681559
33kirby,81681585
33janosko,81681597
33hanley,81681635
33frasco,81681640
33degerolamo,81681651
33breiding,81681660
33anglem,81681664
33robinson,81681670
33nicholas,81681673
33minor,81681675
33matheson,81681679
33malys,81681683
33lloyd,81681689
33lawrence,81681692
33kurnalj,81681695
33yerman,81681701
33woods,81681704
33waterman,81681706
33washington,81681710
33voelker,81681734
33smithe,81681783
33shinsky,81681786
33serone,81681797
33saklad,81681804
33dalessandro,81681813
338nisa,81693773
333blue222,81738592
33TheGoatAS,81983798
338506,82030835
33HL,82030866
33blood49,82329773
33276bces,82396583
3333333333333333555,82439657
33cooper,82610764
33pizzapink,82627401
333_Wildcat,82650526
335kittycrash,82723473
33v16ou,82788190
3366cat,82891686
330gillyweed,83128668
335319,83139772
333222lion,83225139
33-afraceylin,83320741
334-emine,83320775
333445555,83453541
3334455555,83456558
333cookieswrll,84307807
33_zosia,84828765
331gillyweed,84849713
333penguin,84867807
33442277,85116434
333_AvA_333,85143465
333cs1,85196843
33esmith,85224702
33esmith1,85224839
333ggtre15636,85325637
339356,85635774
332537,85675937
33btulemau,85753142
332232323232,85877750
339747,85965873
333333-_,85965920
338355,86014941
3301-53-14,86048602
339u,86118427
339953,86231263
33Sivi23,86258100
330sotam,86300339
333LUC333,86382317
33s44,86388889
337980,86440848
332gillyweed,86518674
337gdn,86608480
33Sivi234,86640676
33MHILL,86677758
33RJOHN,86677792
33Sluggin,86693459
33Fiona,86716148
33RabbyRabby,86753283
33ninjakittens,86754246
33Sivi23422,87065698
33Sivi1223,87065982
3385678951,87093774
33-ZENY,87112432
33kid,87135738
331927487,87159847
3319527487,87168712
33CoylePV,87169362
33GC,87324100
333gillyweed,87434660
33Sivi241244,87463650
33PPMM,87745911
330rain,87880778
33pizzahcs,87948504
33Noah,88002021
3332Sivi,88101951
334473,88199028
33gaminggames,88248128
339637,88483557
33Sivi2,88530938
333noaht,88649350
33fcady1,88669433
33lfetzer19,88690148
333333pup,88828754
33pede,88857230
33reja,88857243
3395332659,88857365
331561AE,88916547
33Sivi233,88950406
33031101,88966343
3333kwpp,89029426
3333dddd,89193517
33arpr,89211006
333666999000111555,89267276
33YUJI,89371066
33047bces,89479107
33191bces,89479341
33926bces,89479482
33909bces,89502639
33329bces,89502745
33838383838,89539955
33year3,89602261
33BurgundyCoder,89635856
33ales,89803105
33anti,89803108
33jula33,89803109
33pari,89803122
33yuji33,89803128
33333111111,89919869
33ilovemee33,90139300
334hogwartz,90151567
334hogwar,90151607
335hogwartz,90235267
336hogwartz,90235308
333B,90392541
333I,90392548
33NN,90393376
33__,90393394
33--,90393399
33YY,90393403
33VV,90393412
33XX,90393423
33d_udontoomoti,90408035
330kpi,90408484
334_,90643217
334L,90742667
33TMSGolt,90759628
337hogwartz,90771948
33865J,90980582
33-SIMEIA,91027770
339MUHAMETAL,91113175
339muhammetali,91114004
33butterfly33,91182376
33UniPark,91233352
339ShsnadeV,91243773
3324432243,91256400
33110033,91267173
333AD,91707459
330880,91822744
333F1REHAWK,91860747
33225566,91885325
33-hadassa,92151933
33thanhthao,92169571
33fcady1test,92262600
33point5_Youtuber,92367030
3375640,92368826
333333333333333312,92876627
333333333e,93012873
33333000000,93017994
338gillyweed,93020110
3312518393,93081331
334ehighquality,93133902
33Gman33,93155651
3377rg,93216015
33330000005,93223994
331LANAouo,93275363
333-pablo,93556125
33koirala,93722674
3324lindsay,93772072
3305lindsay,93772074
3393lindsay,93772075
3319lindsay,93772077
3349lindsay,93772080
3380lindsay,93772081
3372lindsay,93772082
3336lindsay,93772083
3345lindsay,93772084
3337lindsay,93772085
3350lindsay,93772086
3325lindsay,93772088
3321lindsay,93772090
3353lindsay,93772091
3301lindsay,93782292
3385ortman,93786488
3333sa,94304864
33Stuff,94373780
33tfd,94428919
33-gabriela,94433121
33601837,94495615
33harper408,94603568
33vie,94706098
33835522,94968775
332929,95047189
33333333333333224-2,95212550
33io,95403396
33takoyaki,95656067
33Midnightwolf121,95798812
33_4,96112825
331k,96321890
33yrogo2b4r67obt3,96560437
333334444455555,96705515
3336978,96918600
33111-alt,96981517
33333000000005555100,97014360
33428X,97569342
33166133,97639107
3333330000007777,97814287
333yka,98022439
3340PRO,98025260
33333000000ttttt100,98090999
33amylee,98165966
3350K77U,98429531
333cuphead333,98432112
334ImageData1,98499599
334ImageData2,98499604
334ImageData3,98499613
33fgirl33,98582276
333ko,98601331
33jungkook,98616317
33_497611,98828405
33firebeam,98865738
33omar33,98976779
3332333frtgrtg,99023503
3374149078,99114553
33HMA,99130655
33EMC,99130907
33MD,99130941
33GZD,99131003
33ALF,99131026
33FRI,99131045
33CS1,99131079
33PJS,99131096
33ERW,99131116
33KLD,99131189
33KLD1,99131312
33JD,99131330
33JAK,99131347
33EVK,99131381
33MJR,99131423
33NG,99131469
33NCS,99131517
33NCS1,99131531
33SNS,99131547
33QLS,99131561
33HW,99131598
339gillyweed,99164206
33555100000,99291073
33-5th_Hour_2022F,99322247
33c545yg54yv45y,99505055
33c545yg54y,99505375
33hashimh1,99543971
33kunhan,99572676
3319isp,99629719
333monkeyssss,99643623
33KBCC,99885279
33blake,99988908
33rolf,100117879
333Jackson12,100310524
33Earhart,100351216
33rianna,100423488
33Gman33Fan,100728661
337aksm3046s6,100900461
333hgsy2028s6,100900467
336tama1352s6,100900475
331edgw5851s6,100900476
335kdir5371s6,100900477
334hino1654s6,100900478
338chof5073s6,100900483
330ktsk2539s6,100900484
332kmae5273s6,100900489
339miya9223s6,100900490
333Doggies,101008489
333JS,101026972
334bf624nyf5gc,101029188
33-198,101180165
334243490,101219217
33YiWan,101378136
33kle6,101451603
33jump,101454898
33dance33,101454992
33Shane671,101515810
33Lucas093,101515913
33Adam027,101516119
33Daniel028,101516159
33__4,101551335
3310-NOKIA,101578846
3307Aaminah,101608310
33326bces,101785053
333tree,101805960
333QuestionMarks,101904908
3317322502,102658842
3306420795,102658862
333969,102660624
331566,102858306
33football,103019957
332S1,103085832
332s2,103085932
332S3,103085975
332S4,103086027
332S5,103086084
332S6,103086143
332S7,103086169
332S8,103086211
332S9,103086246
332S10,103086274
332S11,103086336
332S12,103086377
332S13,103086400
332S14,103086421
332S15,103086470
332S16,103086495
332S17,103086517
332S18,103086544
332S19,103086568
332S20,103086587
332S21,103086634
33Adams070,103368903
33Ham033,103428666
33Ham007,103428705
33Ham041,103428710
33Ham009,103428715
33Ham048,103428719
33Ham146,103428834
33Ham147,103428837
33Ham112,103428838
33Ham111,103428842
33Ham117,103428846
33Ham114,103428848
33Ham115,103428849
33Ham134,103428850
33Ham135,103428851
33Ham136,103428853
33Ham130,103428855
33Ham131,103428857
33Ham138,103428860
33Ham139,103428861
33Ham150,103428862
33Ham108,103428864
33Ham105,103428865
33Ham104,103428866
33Ham107,103428867
33Ham106,103428868
33Ham101,103428869
33Ham103,103428870
33Ham102,103428871
33Ham127,103428872
33Ham126,103428874
33Ham125,103428875
33Ham142,103428876
33Ham123,103428877
33Ham122,103428878
33Ham121,103428880
33Ham120,103428881
33Ham149,103428882
33Ham148,103428883
33Ham129,103428884
33Ham128,103428885
33Ham141,103428889
33Ham140,103428891
33Ham143,103428892
33Ham124,103428893
33Ham145,103428894
33Ham144,103428895
33MB016,103435368
33MB065,103435444
333_iThrew,103494372
336is2223,103600316
334is2223,103600319
339is2223,103600325
333is2223,103600327
338is2223,103600328
332is2223,103600329
335is2223,103600342
337is2223,103600347
331is2223,103600353
330is2223,103600355
33CBPA053,103857297
33Ram130,103860013
33Hoov021,103860215
33Sun073,103863177
33UAS003,103864186
33UAS083,103864203
33UAS071,103864245
33UAS219,103864483
33UAS238,103864485
33UAS239,103864486
33UAS236,103864487
33UAS232,103864491
33UAS223,103864492
33UAS216,103864493
33UAS217,103864494
33UAS243,103864497
33UAS242,103864498
33UAS241,103864499
33UAS240,103864500
33UAS247,103864501
33UAS210,103864502
33UAS228,103864504
33UAS214,103864505
33UAS244,103864506
33UAS221,103864508
33UAS220,103864509
33UAS209,103864510
33UAS208,103864511
33UAS225,103864512
33UAS224,103864513
33UAS226,103864517
33UAS203,103864518
33UAS202,103864520
33UAS201,103864521
33UAS207,103864522
33UAS206,103864523
33UAS205,103864524
33UAS204,103864525
33UAS249,103864526
33UAS230,103864527
33UAS215,103864528
33UAS231,103864529
33UAS245,103864531
33UAS235,103864532
33UAS248,103864533
33UAS229,103864535
33UAS233,103864536
33111h,103967973
33Jsv038,104041659
33random_things,104047976
33623362,104301780
332newman,104326870
332-newman,104327029
335707,104401359
33shadowdragon33,104511658
3333kwjj,104517476
333yka2,104934741
333yka3,104934962
333yka0,104935232
33_stories,105025775
33pups,105143012
33love_you675,105155387
330noonan,105171180
33646noonan,105171423
332s22,105312827
3354292,105395508
3354292-----2,105422758
33smartguy,105440533
33Schnee6b,105450390
33calls,105484574
33calnp,105484575
33calcr,105484577
33calsh,105484578
33calco,105484581
33calzp,105484584
33calab,105484585
33calho,105484587
33calvj,105484590
33calvk,105484591
33calnf,105484601
33calon,105484602
33calkc,105484606
33calkv,105484609
33caldr,105484614
33calsa,105484628
33caldg,105484629
33calmk,105484659
33calcar,105484743
33calcrg,105487586
33calmej,105487587
33caltao,105487589
33calcsf,105487603
33calbgf,105487609
33calsrd,105487611
33caljcg,105487619
33calok,105487685
33calcjd,105487693
33calnora,105487763
33calnorar,105487851
3333kw,105521537
33UPSmith,105563183
33ETET,105646062
33cheetahramen,105708526
33cheetahhotwings,105708959
333-33,105784656
33zDfg,105888407
33calvirag,106003729
33calaa,106003869
3333dolphin,106007398
33calrld,106012216
33calod,106012284
33calmm,106012363
33calpk,106012424
33calnm,106012538
33caljar,106012845
33caljh,106013083
33Fandom_X0,106032421
33cowboy33,106130687
3306AS,106172663
337byoushi,106193095
33boyf,106284177
33aff,106320280
33retzaM,106585848
33rsmith2,106684470
33calja,106840993
333N-MANDELA333,106992400
33Tickle,107030766
333Ben333,107075172
33bluekoala,107184239
333ainsley,107285562
33--v3nt-_-4rt--33,107377533
33cows,107382694
33_slept_forever,107386986
334_3343,107483491
332one11,107575205
33hunterhumphreys,107626384
334343433,107631321
333pand1,107704634
3300047d,107776485
3300528,107776507
33Random_People,107776781
3300505,107788205
33STam,107839741
332ed,107854814
3300057,107915482
333SMILE,107981124
33chicken,108030635
33333candela,108102057
33F4LIRI,108127473
33386tghy,108198084
3300056,108207917
33khinep,108307746
334_andrei,108354393
33--------,108585130
339826562cainer-_-,108651171
339817553,108651204
339815334,108651316
339826562cainer-_-V2,108651525
33FreeOreoCrumbles,108653339
33cat2023,108691235
339472961,109012202
33JPSACLC,109084520
33rvbobcat,109307824
330003,109318086
33emeries,109320880
33kom,109349742
33miguelztiago,109428501
33-JW,109636010
33alunojw,109868444
33goldendoodle,109926604
33skunkstripe,110037699
33ideafun,110109978
33carneiro_almeida8a,110332985
33victmartin,110472477
3377cookies,110687277
333balss,110693911
333XDXD,110711367
33RAFAEL_,110887499
3328h,110892944
33angelic,111137059
333_happy_333,111229083
33333218,111240577
33107667,111274866
33o3,111459483
33Dscratchers,111805397
330232,111917158
333real,111988080
33-ruanzin,112170955
33jeremyw,112184827
332pebbles,112216986
332papaya,112216987
332bunny,112216989
332wildcat,112216999
33rigg6156,112217492
33sumn,112526337
333VBunny,112617716
33marcos,112884333
3349900,112928582
33hel8b,112975683
33pbean,113242283
3333sonic3333,113356390
33robot,113361389
33club,113510006
33-KR-BS,113580573
333ok_pro,113615313
3303ask,113783907
332s24,113828347
33Rai33,113927872
33hsifyllej,113964370
33here-stop-st,113980755
330316441,114145384
33289TIM4,114182810
3354292_animeaccount,114273842
33BRH,114377179
33AmonGuS3,114495867
33-yamrijen,114589026
33-Bauerchr,114589050
33-Santaisa,114589120
33-CruzMLem,114589152
33-omeonemm,114589159
33-gab,114589210
33-crookale,114589376
33-MauldAri,114589407
33-smithjac,114589417
33-jacob,114589850
33-olearzac,114590007
335102,114597935
33hisfyllej,114710951
33-tashjdan,114716871
33-cruzjey,114717178
33-HageyDyl,114717211
33-EvansRem,114717304
33-dowerbla,114717306
33-nowreoli,114717347
33-lysobyjoh,114717534
33-prestmas,114717540
33-sam,114717549
33-murphlev,114717551
33-pettishe,114717621
33-gorbemik,114717637
331223,114805340
33vitgab,114892073
333fdfdfdsvd,114952138
33-lubancle,114954025
33-PoiroJun,114954362
33-Goldssaw,114954415
33-moraljos,114954419
33-PELLAKAT,114954473
33-alexacon,114954501
33-Mahonsyl,114954512
33-LandiGab,114954564
33-rosarlui,114954584
33-thompiyo,114954657
33-schoocay,114954685
33-RivasAll,114954688
33-AndinMar,114954727
33-Thomacal,114954758
33-kapusjos,115141909
33-Jenkisum,115141948
33calmw,115144231
33aghatta,115204858
3365somaya,115254980
33555uminoikimono,115486994
330441,115655683
333abba,115774391
33austhu,115798869
33-raissa,115961754
333444e3q4,116453569
33-ANA,116514407
332s26,116595101
33thamiris8b2023,116783711
33-_-4,116911905
3333KOJB,117049180
33sohnjeewoo,117061135
33yoodohoon,117061137
33chenbocheng,117061174
33park,117061200
33leejunyong,117061215
33susX,117455255
33KCShorts,117497572
3333Mitsuami,117538468
33room823,117552099
33room723,117552100
33room623,117552102
33room923,117552104
33-yellowrabbit,117607745
33yellowkale,117608184
330A,117722410
33stu225,117722566
334455l,117998960
33three33,118126858
33imaginativeowl,118165039
330_098,118236194
333prasempre,118250718
335671_4,118351421
331142_4,118351425
330485_4,118351430
334369_4,118351443
33tkirsch30252,118367418
33maize,118425505
3310410,118506811
3391321,118627630
333sakura,118784359
33mizu,118797008
33see,118931758
33RedSloth33,118951243
33ir20225,118978590
33js20175,118978606
33nt20226,118978619
33bz20465,118978641
33sof20172,118984035
33BlueOwl33,119000826
339392,119086574
33fuzzynugget33,119156573
33pa20244,119164189
33lc20195,119164203
33dc20303,119164227
33dc20318,119164247
33le20208,119164272
33rf20036,119164282
33ag20215,119164297
33vg20209,119164308
33dg20189,119164323
33dh20230,119164334
33ah20198,119164353
33jj20143,119164360
33jul20290,119164463
33im20037,119164484
33ap20174,119164498
33ar20334,119164518
33kr20200,119164537
33gr20284,119164553
33mr20185,119164568
33dr20213,119164578
33is20191,119164596
33is20440,119164615
33ms20344,119164630
33dt20253,119164640
33ev20471,119164697
33jm20037,119176798
33jd20097,119177291
33dragonboy33,119220045
33funnyninja33,119220055
333rd,119228474
33333333AYOOO,119274961
33elaest872,119298715
33jerlop022,119298724
33collison,119507117
33pbatts,119507118
33tsandoz,119507120
33bhilliard,119509502
33annbrigs,119510094
33sbailey,119543976
33cduncan,119543977
33lchapa,119543978
33nbrown,119543980
33amackel,119543981
33pcaughlin,119543982
33ACHENEY,119543983
33earana,119543984
33gdavis,119543985
33catreeve,119543986
33tpace,119543991
33bprior,119544007
33CFillman,119544008
33wcarper,119544039
33estash,119544116
33camburn,119545579
33tducic,119546992
33elundquist,119548509
33ldahr,119548515
33btuohy,119548519
33smassey,119548522
33aali,119548526
33wbridger,119548528
33hhilliard,119548532
33ngoodman,119548534
33wholstien,119548541
33ewuertz,119548575
33rvanhook,119548600
33ajohnson,119548644
33ccotting,119548665
33bdavidson,119549705
33ebradford,119549715
33ascheffler,119549867
33bear,119560325
334779,119683159
333026,119790434
33Dude45,120048808
33cat133,120136337
33101cvi8-DB,120368740
335mas,120404211
332wedfwrge,120630199
333_the_beast,120862819
33macaroni33,120985364
33PANDAsloth,121064675
33YoungMS23y,121583613
33YoungZA1x,121583614
33YoungIK13x,121583615
33YoungCD4x,121583616
33YoungMG6x,121583617
33YoungKZ28x,121583619
33YoungGS24x,121583620
33YoungAD3x,121583621
33YoungJH9x,121583622
33YoungKE5x,121583623
33YoungDM17x,121583624
33YoungAM16x,121583625
33YoungEG7x,121583626
33YoungNZ27x,121583628
33YoungAV25x,121583629
33YoungJB2x,121583630
33YoungNS21x,121583631
33YoungVW26x,121583632
33YoungAS20x,121583633
33YoungDH8x,121583634
33YoungBS22x,121583635
33YoungDM18x,121583636
33YoungLH10x,121583637
33YoungCL14x,121583638
33YoungML15x,121583639
33YoungAK11x,121583640
33YoungYK12x,121583642
33YoungSS19x,121583643
33doriston33,121829028
33as513985,122031183
33cm514492,122031186
33nb514002,122031187
33dr513978,122031188
33ds514322,122031189
33ms512905,122031190
33cw517076,122031191
33br514274,122031192
33dm513418,122031193
33kb516951,122031194
33gb513067,122031195
33rx514023,122031196
33as513269,122031197
33jsl513111,122031198
33rs513520,122031199
33dg513080,122031200
33dr514300,122031201
33jg517356,122031202
33sv515881,122031203
33md513291,122031204
33sh514391,122031205
33yj517150,122031206
33jlb514027,122031207
33mm516325,122031208
33ma513745,122031209
33lsl513173,122031211
33jc514042,122031212
33ac515820,122031214
33lk513683,122031215
33dc515927,122031216
33ea513612,122031217
33vm512968,122031218
33cs515842,122031219
33es518279,122033046
33am518085,122033047
33rp518227,122033048
33ea517690,122033049
33ko518218,122033050
33ln518097,122033051
33rq517475,122033052
33bs517799,122033053
33zg518182,122033054
33tp518195,122033055
330050bh38,122164743
330044bh38,122171445
330043bh38,122171458
33gdavis2,122178181
33smcvay,122178375
33kbowersmith,122178517
33eserio,122178606
33hrogers,122178690
33gdavis3,122178719
33gwinko,122178731
33hrogers1,122178751
33mthomas,122179063
33gdavis4,122185711
33jpoland,122229935
33mrieman,122230636
33mrieman1,122230695
33006100,122317794
330590,122358762
3373OMR,122625127
333nurse333,122646421
33Hrogrs,122720296
33Hrogr,122721943
33hrogers123,122722159
33lubaisa,122786946
33xpo,122803910
33333332errftw2rg,123164818
33vetri33,123352608
33sudamea,123387888
33_chickens_hehe,123519828
3345373l,123723170
3332998m,123724718
3337777naloNspylover,123782651
3301F,123843777
33YoungMH29,123952401
3334678Pinklove,123957663
33Nucon33,124097665
33bsevillanaR61,124193907
33dogs,124254392
33aj512336,124286032
33md509278,124286033
33sr510314,124286034
33td510523,124286035
33az511997,124286036
33dc511194,124286037
33np511763,124286038
33jb509217,124286039
33nr512038,124286040
33mn512501,124286041
33yc509437,124286042
33cj511325,124286043
33cl509129,124286045
33aq512182,124286046
33mj509670,124286049
33lt511868,124286050
33mw509353,124286051
33mc510747,124286052
33mc512110,124286053
33ay509443,124286054
33ks509896,124286055
33lr514000,124288051
33md514147,124288053
33ss514427,124288056
33cq513299,124288057
33lt513989,124288060
33mz512977,124288064
33jk514145,124288065
33gk513378,124288066
33aa514765,124288067
33eb513149,124288068
33im513413,124288069
33jv513661,124288070
33sr513408,124288071
33rf513377,124288072
33sk513286,124288073
33ja513323,124288074
33am513987,124288076
33mc514302,124288077
33el517067,124288078
33ej513251,124288079
33oz514150,124288080
33sg513564,124288081
33vh515372,124288082
33jh513112,124288083
33jp513455,124288084
33sn515402,124288085
33ci514142,124288086
33cc514292,124288087
33mh513610,124288088
33ag512976,124288089
33sb513758,124288090
33ag516715,124288091
33ac516786,124288092
33lm515634,124288093
33ed514001,124288094
33ek513077,124288095
33el513727,124288096
33jc513100,124288097
33nm515635,124288098
33jb515040,124288099
33gg518071,124288610
33dh518456,124288611
33dc518050,124288613
33ar517306,124288614
33mk518049,124288615
330206bh38,124300010
330137bh38,124300015
330220bh38,124300055
330141bh38,124300181
330245bh38,124300190
330103bh38,124300192
330113bh38,124301033
330124bh38,124301056
330093bh38,124301057
330149bh38,124301058
330125bh38,124301059
330034bh38,124301060
330069bh38,124301061
330166bh38,124301062
330180bh38,124302777
330038bh38,124302778
330192bh38,124302779
330129bh38,124302780
330161bh38,124302781
330236bh38,124302782
330167bh38,124302783
330030bh38,124302784
330221bh38,124302785
330257bh38,124302786
330159bh38,124302787
330246bh38,124302788
330086bh38,124302789
330148bh38,124302790
330112bh38,124302791
330216bh38,124302792
330266bh38,124302793
330174bh38,124302794
330248bh38,124302795
330131bh38,124302796
330181bh38,124302798
330146bh38,124302799
330223bh38,124302800
330150bh38,124302802
330208bh38,124302803
330231bh38,124302804
330100bh38,124302805
330165bh38,124302806
330218bh38,124302807
330213bh38,124302808
3345fiore,124370085
33s3s3s,124517090
33foresel,124581219
33baoth,124581220
33whiteli,124581221
33doshile,124581222
33katesmi,124581223
33frankmo,124581225
33georgau,124581226
33kellyqu,124581228
33pelleel,124581230
33southal,124581231
33alanwa,124581233
33fallofr,124581234
33chalsja,124581235
33ortizka,124581236
33kleinli,124581238
330265bh38,124595095
330263bh38,124599184
33nesficl,124602433
334nahankanmu,124622633
330264bh38,124762438
33cc509076,124912220
33ss509747,124912222
33gc510704,124912226
33jr509116,124912227
33vg509720,124912228
33mm510836,124912229
33rr509501,124912230
33og507940,124912231
33cf509303,124912232
33gs509118,124912233
33lm509607,124912234
33lr510343,124912235
33ta510558,124912236
33ek509103,124912237
33rs508553,124912238
33jc512492,124933550
33bg510912,124933686
33mr511163,124933700
33nb511187,124933721
33gt511258,124933730
33rt511604,124933755
33km511638,124933765
33vo511678,124933771
33jc511681,124933785
33aa511683,124933801
33al511709,124933822
33mm511799,124933831
33ph511831,124933841
33bc511835,124933851
33sl511848,124933857
33cs511932,124933865
33dc511941,124933876
33cm511978,124933884
33jd511983,124933900
33jh512058,124933912
33wt512071,124933928
33ek512141,124933940
33ek512140,124933968
33sl512157,124933982
33nr512163,124934005
33am512170,124934023
33030dlsd,125207968
33136dlsd,125208086
33030dl,125208155
33028dlsd,125208242
33003dlsd,125208243
33010dlsd,125208244
33080dlsd,125208245
33045dlsd,125208246
33128dlsd,125208247
33006dlsd,125208248
33102dlsd,125208251
33055dlsd,125208254
33023dlsd,125208255
33052dlsd,125208256
33048alsd,125208265
33054dlsd,125208331
33022dlsd,125208357
33072dlsd,125208369
33064dlsd,125208410
33034dlsd,125208444
33119dlsd,125208446
333heeheehee3_L,125400187
3333s,125408878
33lc513986,125446231
33ab513915,125446241
33tr516914,125446692
33ez513219,125447650
33KamperEberle33,125470674
33ae512636,125623574
33000dlsd,125638401
33095dlsd,125638403
33084dlsd,125638404
33066dlsd,125638405
33074dlsd,125638406
33129dlsd,125638412
33067dlsd,125638414
33076dlsd,125638415
33124dlsd,125638417
33044dlsd,125638418
33068dlsd,125638422
33101dlsd,125638433
33063dlsd,125638434
33039dlsd,125638435
33096dlsd,125638437
33086dlsd,125638438
33057dlsd,125638444
33065dlsd,125638452
33082dlsd,125638453
33094dlsd,125638462
33wimil01mdusdnet,125714110
33nica517646,125757086
33owenl513114,125757131
33lovelte,125776329
33woojo,125776376
33mickga,125776381
33dynegjo,125776420
33posillis,125776442
33munsuha,125776458
33zhuis,125776479
33mickgab,125776485
33wardry,125776507
33zhuju,125776542
33gobinel,125776570
33junejza,125776572
33clarkqu,125776608
33migabr,125776655
33valadga,125776694
33posillisl,125776891
33IsaFry,125801232
333ara333s,125845073
33calcs,125891555
33calmh,125891669
33calko,125891741
33pauluzepj,125977751
33nm512514,125977998
33isa509243,125978045
33042dlsd,125981126
334dsf,126045033
33jordanl,126134228
333333catkeeper333,126181467
33jael511455,126184453
33bent513148,126184902
33am518586,126267496
33dianc,126267560
33leop,126267610
333_volleyball,126284482
330956,126377974
33fes48,126708975
33fes39,126708988
33Ma33,126747145
33fes134,126960784
33fes105,126960785
33fes130,126960786
33fes131,126960787
33fes135,126960788
33fes107,126960789
33fes98,126960790
33fes99,126960791
33fes118,126960792
33fes119,126960793
33fes109,126960794
33fes108,126960795
33fes104,126960796
33fes112,126960797
33fes113,126960798
33fes110,126960799
33fes111,126960800
33fes116,126960801
33fes117,126960802
33fes114,126960803
33fes115,126960804
33fes127,126960805
33fes126,126960806
33fes125,126960807
33fes106,126960808
33fes123,126960809
33fes122,126960810
33fes121,126960811
33fes120,126960812
33fes101,126960813
33fes133,126960814
33fes128,126960815
33fes129,126960816
33fes100,126960817
33fes103,126960818
33fes124,126960819
33fes102,126960820
33fes132,126960821
33-64811,126979173
33-Lutheand,127030676
337byousi_nagu,127068885
33EMcDougal,127126452
33JBarkley,127126453
33GKizoulis,127126454
33JDunlap,127126455
33AVisnic,127126456
33KCrow,127126457
33APastorello,127126459
33MSteitz,127126460
33BBatalha,127126461
33HenEllis,127126462
33NDeRocco,127126463
33EGallagher,127126464
33AHall1,127126465
33LTsitron,127126467
33jbrueche,127126468
33DRotondo,127126469
33GLandzinski,127126470
33SLynch,127126471
33SBouziotis,127126472
33578523,127158125
33SJakubcak,127220344
330109gb,127245165
330101gb,127245316
33chianla,127312840
33219987,127322420
333Soon,127327322
33kaspequeipo,127333611
33emccormack,127333678
33241_wago,127427056
33Care2024,127470624
33calas,127495477
33151114,127579290
33_nvlr_2,127608555
331292MB3,127751733
33fes137,127762773
330267bh38,127830697
33030dl2,127990008
33sd518632,128104184
33shampiona,129136183
333eeeee33,129255024
3391hayatimolmus,129265600
33elnano333,129483053
33ham03,129619924
33-44,129774065
33RANGER,129788830
3343_343,129823711
337kamemaru733,129826475
33-7c-2024,129923988
33HADRYELLOVATTO,129963417
33Alyazia22,130109964
33tivo,130166405
332alyazia,130205583
333potato,130266621
33SA6D,130325258
33KA3,130434561
33AG3,130435727
33-GEISY-SALCEDO,130441674
333111pokemon,130703813
33-VKQuocDTC,130724071
33owl10,130918232
33PickleLineRoad,130984929
3375thecreator,130998637
33Lena33,131226223
333675HSD3,131281552
33cmasterson,131404625
33tiwaris,131547521
33414MONO,131780892
333_quez_333,132035453
33keca,132561453
33hoav,132561454
33phco,132561455
33rubr,132561456
33wise,132561457
33rano,132561458
33luau,132561459
33scmi,132561460
33stkr,132561461
33koev,132561462
33stli,132561463
33nyki,132561464
33kiki,132561465
33luol,132561466
33lomo,132561467
33nyjo,132561468
33poga,132561469
33hila,132561470
33leal,132561472
33wesy,132561473
33bray,132561474
33shas,132561475
33smly,132561476
33sklu,132561477
33scam,132561479
33sile,132561480
33chza,132561481
33wiga,132561482
33giad,132561483
33clhu,132561484
33rero,132561485
33meab,132561486
33orwe,132561488
33scel,132561704
3358446,132721194
33v33champion,133268735
33kwinqs,133291932
33-4_hannsinn,133360888
33andeind,133416414
33arlin33,133507428
330043123,133716889
333LEGEND333,133757185
33johzoe,133916865
33-2nd_Hour-2024SQ4,133967390
33GilesQ4P6,134197663
33333h,134273635
33Jake44,134345622
33car,134481611
333_333334,134545761
33_Hockey,134922324
333688,135016478
33smitthe,135060050
333notabot,135134349
33fm7b,135868752
33ehrsamj,136379819
330toru,136395838
3333300,137138439
33ev12242er,137267859
33241-wago,138114803
33symm,138208273
33tayl,138208305
33tome,138208342
33woow,138208397
3333334RTRTHHJK,138939527
33VINICIUSAUGUSTO,139346993
3326qw,139394388
33monwm1547,139433581
33mon1502,139592200
33aaabjaj,139840220
33rso,139852375
33riwa,140547804
33pedrolucca,141111134
33ihong,141647413
