797,201145
797979,252378
795,355255
799,480306
7999,486233
796,531504
793,566978
793392045,628871
794,636534
7901,654191
79t,698356
79g,717210
790,727482
798,744735
7993yodog,919208
792,931370
7977wl,951442
791386143,1053244
79070,1115848
793607958,1221176
790813,1221235
7916140,1230793
798060911mnb-468,1304911
790728306,1317223
791657,1355394
791482,1355669
794182,1369621
7933178,1422696
792839696,1763377
7973,1886093
794284374,1900071
7975,1912672
79287928,1931305
798emma,1940475
792882089,2039076
795432theguy,2294805
793942342,2313881
790507015,2442254
791879Hershey,2486186
79892535663,2515430
79600,2669185
792212,2779296
796173,2870522
79258740709,2874749
790189,2927005
799874500,2944812
798169212,2957992
791450,2982112
7951647,3008069
7961416,3010266
799625358,3065075
796893,3097198
79152,3114592
79213680896,3318652
7980,3417560
7931,3670140
792550,3674314
79762,3708866
7932,3979950
7927,4076499
79brue,4108537
794937,4157487
79214044207,4448157
79ma,4517701
794613kgh,4616164
792372,4639334
7913,4665524
792344,4683440
79mij,4784216
792478,4925466
79nick108,5347742
799591,6265762
799451,6437908
791576,6472966
79XG,6484434
79fancypuzzle,6647298
791584,6662546
798921,6670732
793462,6687132
794219,6687176
795630,6687194
798960,6726640
79gameguy,6751696
79luckygreen,6787722
795714,6816686
792973,6818850
792550a,6818946
795032,6821656
791905,6856594
7989,7155628
792615,7601926
791928,7602696
792590,7893324
79dylan,8108068
7988,8267096
790778,8372726
79OWH,8379570
7972gms,8562616
793291,8916214
793828,8942720
793863,8942750
79_ju_agudelo_a,9603892
799953673,10379192
79044,11364888
791,11366790
790612,11376714
793493,11501692
79mellow,11667002
798725,12171312
79368SY,12472914
79C,12855182
794rg,13003448
792007N5,13670094
791900,13670101
792224,13845874
79010,14118726
797932,14408751
79538,14493330
79615,14516060
794396,14528095
79809,14566166
79865342,15573771
795284,15652875
791063,15788104
791040,17913126
79826crowleyisdtx,18094219
795mohali,18116278
797dendavi,18116385
79378,18118021
792330,18376443
79omdus,18540056
793728,18622291
7983cougars,18799617
7952cougars,18799624
7980cougars,18799625
7972,18802943
7983366795,18940473
795740,18942058
794457,18942074
799027,18942238
791655,18988972
798935,18992835
79786,19024425
79671,19024428
79826,19024430
79851,19024432
79672,19024434
7966916,19024436
7979716,19024438
79853,19024439
79750,19024440
79864,19024443
79921,19024445
79707,19024451
79791,19024452
79702,19024454
7928157187,19149582
7946634528,19173609
795489,19203241
793090,19225775
792754,19225833
792693,19225864
795602,19230463
795457,19230484
7993295963,19317886
7924064,19418146
79014,20053665
798105,20126628
793265,20293509
792830q2,20372897
792810,20618200
790477,20618201
795512,20624603
790090,20624611
794034,20624634
790979,20624637
791350,20648334
7923801,20806922
79706,20815969
7963m,20892296
796198,20962915
79o,21045072
79354,21086035
79509232636,21155130
7930,21434701
79392,21593512
792157,21690483
794955,21690525
7970001,21740114
795649,21839481
791527,21839540
795649kf,21839541
794156,21839544
792342,21839550
791190,21839553
794184,21839554
791784,21845931
791413,21845936
792553,21845945
794038,21845947
791232,22326767
79KH,22676274
799170,22764492
791582,23090541
794223,23090556
794236,23090564
795635,23090565
791441,23090577
795582DR,23090590
792385,23090608
7941etanyhonatan,23202213
796tyiu7tyo978,23598079
790560,23635934
79421,23918522
797397987,23927862
79490560,23941361
7944hume,24145933
797993,24403482
79174534,25018120
791778,25232070
7999997,25237568
79496,25243617
79527,25243640
79161,25243649
79bob,25363809
79828,25397034
79114,25397035
79974,25397081
79114B,25397716
792353,25486210
7928157187m,25532651
792906,25536605
796721,25570024
79971,25606503
7978489736,25675681
791760,25763878
797980,25763891
79byars,25769840
792388joseph,25944042
798131,26102643
799349,26148628
795114,26267215
7993295963eli,26434972
790302,26442833
7931618483,26477409
79219,26508805
7957222,26573868
7929110,26637950
794922,26675243
797602,26741127
799gurmaha,26830205
79839,26957079
790711mm,26989857
792711,27050459
790490,27050480
792228,27051134
790540,27051145
793861,27051264
799823,27120578
79trees,27331536
794364,27370093
798291,27370104
798325,27370142
7943645,27370182
798822,27565943
792299,27566090
794657,27566096
794416j,27566176
799056,27598110
79918che,27646057
7946785,27653832
79504sil,27750866
795sudenur,27916640
795371,28001399
793239568,28056116
79ipadilla,28101815
792464,28111073
791069,28263928
795553,28273113
794919147,28291696
798-Wolf-Editor,28659130
79790899,28684363
79cars,28753616
793349,28777171
793080,28792573
794614,28792584
793990,28792609
795810,28792642
795253RC,28848007
797149PA,28848013
792637jl,28848016
794239MA,28848035
795988nc,28848043
793189nh,28886100
792877kp,28893290
794031jc,28893415
797013zm,28893444
794222sg,28893498
79730CEB,30173106
79728roa,30468149
79f,30471660
7987364,30562880
795460,30578370
790161,30578416
796810,30578428
796972,30578433
796222,30578485
798485,30583820
792764SB,30654108
796945AB,30654109
796912EN,30654116
795821aa,30654121
796997JC,30654142
794026CR,30654149
791561ESH,30660165
792913BV,30660182
796980AT,30660186
794003mk,30660194
796830IV,30660196
792773PP,30660225
7979408,30701477
7952029,30749051
79902,30789182
799784,30797496
79058cro,30837596
79009BAI,30837626
79066PEA,30837627
7971148828,31006108
790700,31215574
79817981,31239997
799ST,31351370
791554856,32101435
7967864212,32121746
790449,32370651
791233ST,32441216
792710,32441230
797650EC,32441268
792710zp,32441311
792429LK,32448168
791234ST,32448189
790149nd,32448213
797182jj,32448218
795348DD,32448220
79340OYU,32963159
792822,33615689
7997339698,33761533
79DigiKid,33991039
79145,34583294
79481,34583307
79098mku,34583311
79533,34583319
79397,34583324
79221,34583326
79152mku,34583356
79163,34584164
79550,34584168
79096mku,34584169
79818,34584170
79158,34584188
79119mku,34584189
79048,34584223
79096mk,34584248
79818mk,34597126
79818ah,34597166
79818mku,34609707
79225,34657462
79223Isaac,34657481
79465isaac,34675622
79152udall,34707137
798crm16,34736703
79baloosjb,34739488
79327,34769233
7934Kayleigh,34835139
792422,34910570
791517,34919774
791260,34919788
791272,34919805
791880,34946713
793849,34946865
792524,34957115
791875,34992729
791256,34992893
791785,35003068
790mame,35010319
790tefa,35010320
790mofi,35010321
790evtr,35010322
790aneu,35010323
790aigo,35010324
790hami,35010325
790abfn,35010326
790chfo,35010327
790yaab,35010328
790sttr,35010329
790kelo,35010330
790musi,35010331
790kidi,35010333
790chca,35010334
790raou,35010335
790roco,35010336
790shpa,35010337
790toci,35010338
790jatr,35010339
790deta,35010340
790etmo,35010341
790gihe,35010342
790edto,35010343
790doli,35010344
790hulk,35010345
790lero,35010346
797619,35024889
794662,35024929
794719,35036153
795296jc,35054740
794162,35054745
793128gf,35054748
790355jj,35055158
798340cl,35055161
797783,35055208
792595,35055214
797029,35055215
791545,35055217
795758,35055222
791692,35112959
790224,35151107
797368ak,35172750
795551MS,35172751
798521gs,35172760
790177cw,35172762
792839RC,35172765
796708OG,35172766
791745TW,35172767
793884oj,35172768
798266ac,35172777
798352PLK,35172819
791276ep,35172848
797191,35172858
798328ke,35177957
798447nk,35177961
795449_ALT,35232964
790010387,35240974
79slesmanatees,35270251
790AlCa,35276114
790JuRe,35276115
790MaSa,35276116
790MoAl,35276117
790FaSh,35276118
790JeOd,35276119
790ReRa,35276120
790MaHa,35276121
790RuAl,35276122
790ShBa,35276123
790SaAj,35276125
790YaSh,35276126
790NaAl,35276127
790IbMa,35276128
790SaBa,35276129
790AvPa,35276130
790NhVo,35276131
790DiAl,35276132
790HaHu,35276133
790GeNa,35276230
790ViVa,35276232
790AnTa,35276233
790NoAl,35276234
790TaWi,35276235
790XeNo,35276237
790ByCa,35276238
790AlSh,35276239
790MuSi1,35276240
790LuPe,35276241
790DeEl,35276242
790ViPe,35276243
790MeSi,35276244
790StFe,35276245
790NiGn,35276246
790MaHa1,35276247
790HaAl,35276248
790AaMa,35276249
790HaMe,35276250
790FiLa,35276251
790MeCa,35276252
796359,35290161
790stu,35312134
797195bg,35372136
795311m,35427239
79imagine,35567100
798597kr,35724866
79djt,35909345
792347,35960247
793711,36103495
79789,36129340
790731lle,37591964
793751,37592141
792941lle,37592423
793bgw793,37654039
79FootPrints,37667740
792607pennie,37865273
792607mc,37867205
793970,38101171
797080,38308920
791559,38309190
798615,38309253
795365,38309280
793788,38309287
795769,38309294
797907,38309612
790628JS,38309633
790000BT,38309636
794170,38309639
793910BF,38321864
795611WJS,38321874
794574DA,38321876
791464AP,38321877
797439SH,38321884
790186JM,38321886
797439SBH,38321925
793849_MN,38329809
791393NV,38329820
792296,38439327
799786,38535866
791023,38545964
79291,38725052
7964757229,38765781
791215,38799530
79579oca,38843361
79179002,38855624
79SU-student,38897326
79SU-student2,38897336
79SU-student3,38897339
79SU-student4,38897343
79SU-student5,38897346
79SU-student6,38897347
79SU-student7,38897351
79SU-student8,38897355
79SU-student9,38897360
79SU-student10,38897361
79SU-student11,38897362
79SU-student12,38897369
79SU-student13,38897371
79SU-student14,38897379
79SU-student15,38897382
79SU-student16,38897394
79SU-student17,38897396
79SU-student18,38897400
79SU-student19,38897402
79SU-student20,38897403
79SU-student21,38897413
79SU-student22,38897417
79SU-student23,38897420
79SU-student24,38897426
792339017,38987761
7924744592,39218131
7967h,39297972
79zc,39471126
79games,39471534
792061,39602296
795082,39723680
793436,39761377
7917436349,39767134
796293,39794006
795761N,39798842
792563,40086796
790358CM,40156817
795243ai,40156838
798674JH,40156840
793097SD,40156856
793982BD,40156870
798370as,40156873
792220SG,40156877
791502em,40156879
797198kb,40156904
790190ap,40156923
790520,40170115
793112ek,40211907
798418so,40211932
797102,40246451
798635,40246465
790021,40246480
798081mm,40246492
794308,40246501
798415,40246510
793835np,40246525
791620,40246534
795374,40246554
795771ss,40246571
798150at,40246587
798188,40246599
797738,40246602
798453,40246605
791034,40246611
795614kg,40248784
79130dug,40300325
79121225-2019,40309417
794lovecats,40355895
791ntr06,40418721
79560mkums,40427673
79110mkums,40427677
79533mkums,40430420
79233mkums,40430439
79152mkums,40430441
79098mkums,40430443
79221mkums,40430472
79593mkums,40430488
79989mkums,40435711
79158mkums,40435745
79353mkums,40435748
79227mkums,40435802
79237mkums,40435813
79049mkums,40437625
79777mkums,40437626
79690mkums,40437642
79550mkums,40437658
79781mkums,40437737
79116mkums,40437755
79684mkums,40439651
796923BLee,40458054
79085mkums,40471465
79048mkums,40477151
793995,40511939
799turtle,40524489
79553,40525896
79108,40560185
790155,40704354
79593mkum,40711136
79yh,40717021
790201,40717528
791352,40753550
799357,40755981
796520,40814471
799283,40999343
794353milesJ,41163966
799118,41176941
794646,41176948
794106,41177016
793364,41276155
796529,41276298
790846,41393045
799Ahmet-NoobKing,41411757
790571,41426504
79595mkums,41520274
79-Emre,41531316
79595mku,41556827
796-Rana,41574449
79237cortina,41590786
79p,41650356
791imz,41662116
792141,41825746
797716mc,41847233
796979,41847249
790225,41847263
795252,41847271
792511sg,41847283
793050,41847294
791538,41847317
794121em,41847342
793109,41847390
79009BAI7,41854566
790664PEA,41854577
7989456,43750641
796bege796,44145330
798947,44518242
798662,44522486
791207_brayden,44805626
798972_Jeremy,44811853
798465_Madison,44812053
798360_Alyssa,44812056
798410-Max,44812068
798356_Angelina,44812083
795705aeden,44812091
79s,44815659
7996155,44887137
7996057,44933282
7934561,45011024
7967808652,45413560
7967y,45453976
792675,45735507
796856,49851034
790092,50606933
791727,50606936
790594,50606954
791746,50621352
791428,50621384
798555,50680301
790914,50680339
792171,50680541
793381,50692345
793kaydegu,51368678
79632j,51478680
79383,51479008
79589,51536312
79884r5,51691097
79645r5,51691127
79454r5,51691145
7915away,51712985
7917675475,51723052
7954851484,52007166
799336ck,52041999
790101,52097012
799661AWP,52543371
7975348473,53080055
795986,53272392
79L,53672106
793939,53672337
79039001joel,53696842
79039001j,54256806
7993296951,54286422
798189,55589200
79551bla,55636550
791959lily,55877622
794408,55926438
79kid,56294085
79i,56373852
791690935581,56515892
79104237199,56541619
790efenazmi,56817335
7905A,56874312
79353dun,56903515
793178noah,56904865
796-ElifRana,57078504
799585,57233037
79798ZB,57299013
79NazoFstk,57912082
79pigs,58584217
7926810,58817004
7927280,58817084
796152,58905807
79k,58933063
799274,58986568
7931056,59040129
7930767,59040182
79-coder,59214487
792704,59337994
794113,59346927
79159,59522110
79787,59537248
796111,59683273
7931456,59707636
799336EB,60123003
794s,60145164
790166,60171599
79hockey,60200952
79hockey79jo,60201699
79-coder_Alt,60283952
79957786e899,60518861
7979miso,60868480
797026,60904450
7960501,61381480
79dkl,61524810
7931Coding,61584794
790211,61909454
79b,62043892
7932332,62066385
7979968,62266946
79625LB,62321370
79017EJ,62321393
799021799021,62343048
7946285,62392555
7929423,62392569
7977296,62640313
7980502,62640334
7968239,62640346
795956,62819538
79PES2025,63302011
79PES2026,63302130
79lihi79,63364293
791794,63558376
790185,63746477
790461,63764770
79979797797999,63833489
7955Qwerty,64220394
7995403296,64678768
7996938,65044222
791973GO,65051529
798445TE,65051813
799276,65150758
799300,65150802
799276nk,65150965
799276nick,65151213
791577,65277060
790092SH,65419896
79-coder_Tutor,65571691
7981049,65699516
79585685686,66135742
79360,66475055
79w,66554924
794947,66585540
794s_brother,66728214
7974725,67007511
791718AG,67127578
799683aacpsorg,67626911
796865044,67763753
792336372,67763906
797172,68147858
796119dg,68148214
799019,68148825
799028,68154176
799279,68172800
799574SL,68224309
798253B,68224345
797760,68230315
792415,68236226
798130,68236510
797344ck,68244846
797344cmk,68244974
7976812874,68440477
7979033,68442120
793147,68836399
79R,69176383
7983798278453274687,69377271
792812238,69404565
797808,69732083
79mustangs2021,69843978
796996AG,70085457
79_,70709384
79549,70902031
799204,70993752
793145,71045415
792242,71045417
79473,71183486
799999999999999999,71301638
79nugget79,71330507
79BryanD700,71368805
799gold,71639231
799soccer,71639472
797program,72136646
79037284466,72304331
790372844661,72304494
79jhmndamsnm,72357503
79837537,74080726
79797979797,74496138
7934500,74498030
79goldenbird,74886751
7975348473Gachalife,75064172
79_KEMAL_GULLE,75108933
79j,75578006
79244_cy,75825937
791202,76068353
79-,76271079
790990bt,76369717
790547RyanDuffy-,76369733
790962zs,76380595
799655TW,76380903
798831,76380913
791065rs,76380915
790742AD,76380934
790578mk,76380935
790845JB,76380939
793096PD,76380950
791274,76380955
790892im,76380977
791163LS,76380980
794566SP,76380985
794210ab,76380995
796928_CG,76381039
799312RS,76381046
795560PE,76381066
791010NC,76381077
790838lb,76381088
792166BL,76381114
791011ec,76381333
790947eh,76382050
791420ms,76405474
798926EK,76407964
790729no,76442787
798137samr,76454043
798831dr,76454756
790791ES,76519288
791240ms,76531108
790538PG,76531525
796928cg,77310927
791277Lh,77311870
79D,77415687
790DR726,77556295
793096dlugi,77566124
792keen,78089578
79X,78522081
79kakeru79,78726539
79a,79559403
795_cute-me-TvT,79858219
7908151019,80113883
7982134,80382516
790VANITY,80796679
79u,81185350
795557,81366296
79FoxyFox,82714555
79_Au,82808590
7947436681,83184084
79137818217781987,83245802
790-ravza,83320767
799208,83754150
79mario,84611909
79and12,84735270
79-12,84736886
795rainbowroom,84760471
7987654,85239796
79zkjx,85278960
791896AT,85329094
796418,85427587
791734,85427605
799190J,85433726
796399,85433801
791683,85448954
791683LR,85449359
791635,85501516
799336CCK,85501742
796954AB,85521184
791444,85669016
791359,85669771
791013,85669790
791043_Mf,85669818
799547,85669837
799278KB,85669852
792715,85744639
79users,86007606
7913mdw,86238463
79999999,86598110
792652pdsb,87011417
798277,87033633
7958568965765785,87421469
79V,87585843
79Q,87585845
79Z,87585849
79Y,87585850
79E,87585853
79N,87585859
79M,87585860
79H,87585863
791791,87680537
79users_epicman,87823929
7990211,88408423
799920p,88646055
79lkj,88980814
792293,89507390
79912,89599432
798748,89713018
79266829123,89826986
79150998806,89834292
798903,89931585
799114,89931630
799993a,89931631
792868,89938688
790emirterakki,90087197
790307,90590014
797coolllllllll,91041828
796946,91127703
7911thecool,91391460
79yuu,91443401
792088rp,91488679
799114s,91750820
7930767_Alt,91894966
791029,92502522
791028,92502631
7994632kitty,92582128
7987960677,93630904
79640,93658153
79_Series,94383263
79gl2029,94502104
797-9,95929184
79999999999,96204706
790153,98183352
79th,98450051
79838,98631519
794715,99353167
79370sn,99678779
799911,99720197
79102_fa,99760213
79102fa_,99760422
79286kct_,99760424
79453am_,99760467
79180rm_,99760562
798766666sammkir,100030082
795214zta,100158738
795314_MJ,100207137
799803as,100309208
793183Irobinson,100330715
797100NR,100492812
79starce,100679481
798359,100777560
79momlove,101227622
798839,101313337
79bear,101454862
799661SD,101653793
7912NamTac,101692565
79leventcinar,101701166
79897898,102908760
792143mh,104251301
799697mc,104465108
793940TS,104465140
796853HK,104465189
793621AC,104465204
798330CS,104465227
793469NN,104465243
793223ES,104465251
795203EE,104465269
793295KO,104465270
793568tc,104465273
793509SH,104465280
793809js,104465323
793575LV,104465326
797621MJ,104465329
793355NW,104465386
793535JR,104465413
793568TBS,104465484
794860,104465490
798928,104543445
797364hbbha,104609965
799969AM,104612555
799062,104616468
793809,104730564
793809JS1,104730655
791895,105253690
7987698,105505244
79PIG,105755601
792242AB,105867993
7965897t597t59,106077392
79He,106097519
79sasampson2,106553375
790VANITY_alt,107515400
793869nr,107679739
793377CB,107679770
794019SW,107679772
793461EG,107679796
793521LK,107679805
793864_et,107679816
793603cr,107679821
793500WE,107679834
793467AN,107679846
793555ks,107679874
793483SB,107679875
793307pm,107679883
793869nina,107680102
793554VS,107680154
793555kara,107680392
795395_NRS,107680403
793593nl,107751335
793410,107752244
791914,107787061
796210cm,107993997
796377PD,107994035
79dingo,109712783
79longwater,109935095
796F7563616E74,110164683
79Viper,110310529
79clownhat,110320070
793250RM,110623898
79shortcake,111309080
795239SM,111496799
790529,111695819
796803,111914488
796058sb,111914520
796124tb,111915483
796619dc,111985680
796079ad,111985710
797146gd,111985730
796152eg,111985812
796191ah,111985919
796989mj,111985963
796994sk,111986009
796248jk,111986025
797406,111986161
796442lk,111986202
799705nk,111986234
796162ll,111986320
798407bm,111986390
796306mm,111986411
796253cm,111986436
796392vn,111986460
796543jn,111986488
796668lp,111986501
799889ls,111986598
796332ls,111986648
796895jt,111986671
796838jw,111991303
796260AG,112628837
796844ms,112628840
796749,112628912
796325,112628918
796812Ej,112628934
796319SC,112628961
796549_CW,112628980
796220AD,112629019
798648,112629053
797268yrneh,112629061
796394_Am,112629063
796930sc,112629069
798440FMK,112629080
796499DYLAN-_-H,112629126
797137APP,112629164
796766EGG,112629192
798147_DANNY,112629197
798147danny,112629358
796709,112629365
796220amelia,112629382
796003_AE,112629384
79848,112719996
796373SF,112893988
79697899,112929655
790756875,113710957
794138CTB,113886583
798493,114492877
79como,115071392
797897MR,115120923
795899,115674692
79ndu23,116575840
79091DEAD,117869632
79bldla9gnckfn37xlo,117890418
798633nm,118560510
791940,118583683
792242ART,118694300
79Kdfhriwgbk79,118822131
79Make,119475696
797831HP,120129941
797845gw,120161491
797432CA,120262075
792242payments,120287872
7995haru7995,120718149
79dfr45_io90,121888691
7948616dude,122180693
79845y,123372662
791Again,124506185
797990MH,124691102
797536jv,124691140
797418GT,124691147
79777MS,124691156
798902FW,124691172
797821PD,124691186
798202JD,124691195
798027dk,124691206
799805MG,124691235
796950TS,124691253
797501-ZZ,124691294
7989021FW,124691350
797646HB,124691353
797735RZ,124691359
798040EA,124691366
797706KA,124691375
797580og,124691438
797606FT,124691453
79AAC6,124908561
7982814nl,124930747
799mrm09,126559949
79eighty1,126713300
7986583,127618644
798643,128422472
79elknirk,129316003
79gl2032,129877596
797846bh,130270563
797424dh,130270595
797600jj,130270622
796528mk,130273374
797596ek,130442020
798039cm,130442072
797722jm,130442258
797482rr,130442295
798977dr,130442385
797569ks,130442470
796528m,130444568
798760CH,130590000
797468cc,130683534
797768_RB,130822275
79_mockingbirds,132803432
790-the-octoling,134016991
798327,134725653
797571qb,136386828
798289rd,136386842
797560af,136386894
797489eh,136386909
797655lh,136387095
798349xk,136387265
798889hm,136387311
797383jm,136387400
797953gn,136387422
797827no,136387524
797992sp,136387568
797572mp,136387706
797625tr,136387737
797679fs,136387798
798066ss,136387842
797762ts,136387865
797883ms,136387889
797517at,136387905
796235at,136387958
79451292,138610341
794X,139001932
79starceRemixing,140413531
79MM,140929301
