461,45233
46564,47979
465,143562
467,175823
466,219660
469,246637
464,270696
46r,302416
462,310742
46053497,354221
463,387309
4613,396073
46000772,434376
460,465699
46395,473709
46816,473759
460cmiles,525371
467346,567973
468,589794
462724196,645900
46145416,665192
46511011,687446
4679,734353
46441633,739196
46828,1009560
46709394,1078253
464646100100100,1087603
46503,1109166
46022,1112996
46029,1114757
46866,1198318
4680024,1243244
46-58,1282366
462660431,1299745
465maxy654,1391169
46130,1408957
46686974,1439673
462526449,1757108
467237004,1770964
4682255,1909063
463571745,1914295
46450660,1947844
463822566,1955574
463273652,1977170
46890314,1998677
46989229,2045694
462595020,2052147
469119474,2052272
46912,2084308
467834629,2167156
461685412,2207557
46947,2230371
46720,2230389
46158,2276956
46691,2283827
460835773,2295171
46469,2343725
46934,2346801
4651944,2393814
4670,2404775
465465,2486663
4678,2509828
46227,2563602
46928,2585538
46550639,2585717
46854001,2676049
46464646545346,2799084
46464646,2823286
46runepig,2887080
46420,2899695
460306326,3077736
4653862556,3113560
468196,3160507
4618,3194293
4656565356453,3199454
461256,3221856
46439,3335813
464063,3485257
4675354,3579232
4645gg,3594655
4656402,3638321
46046944,3686133
4687,3690001
46289,3946871
46528899,4018155
4655925,4187436
4659scratch,4242808
4608,4296049
4649,4386077
4664,4417109
46scratch2014,4465904
46t46y46u,4989172
4662644,5096522
4651676,5121548
4656592,5267664
4606257,5361818
465609,5442036
46413232,5564476
46grand,5580528
46gameflying123,5842914
46680,6039558
4675scratch,6076670
468464123,6336708
4661Derrick,6432426
465738,6493906
4612,6562518
463891s,6857478
46amazing,7050036
4637,7268956
46easton,7706308
4614,7710230
4631042,7874848
46336,8057952
465783,8395360
4659872,9306112
4653425,9533042
46492101,10955254
4653,11247588
462494483,11813978
46863,12321342
461538,12487484
46clover,12491418
4679867,12731002
4606,12842838
4674348,13704071
4647LXR15B,13757385
463875830867,13816724
4625,13927005
461964,14002494
462482,14060405
46c,14071473
4672102,14289520
46352,14472861
46265EO,14494269
46354002,14603103
4601099,14858466
4652,14893003
46enzo,14951353
46261947,14962352
46225001,15839300
468hb,15978391
4600,16136544
4650,16180980
4656b,16771895
469012,17089144
468293,17373399
4696523,17850625
4674769,17870196
464899,17988063
461011sc,18011177
46003crowleyisdtx,18094207
46t,18265061
4673cvusd,18329888
468567AD,18392192
4602cvusd,18422968
46Maesy,18493124
46101463,18515772
4600525,18537297
4600CVUSD,18568806
4662522112,18599166
4601CVUSD,18823577
463396,18893464
4643583215,18940540
4646487837,18942089
466753,19076692
461250,19107518
465519,19107523
4654478922,19179490
4624164989,19179505
46blue17,19291361
464001,19292802
463469,19293593
465244,19293594
464405,19293596
463352,19293598
462300,19293603
462056,19293605
464611,19293606
468861,19293607
461802,19294560
462293,19294561
463139,19294564
462739,19294566
462054,19294569
462053,19294571
464403,19294576
462879,19300032
467612,19300038
469962,19300044
468515,19300055
4675829481,19317946
463953,19377321
46468aam,19451243
46148aam,19451261
468puppies,19451846
462724,19456423
463434,19456434
461713,19457006
462299,19457008
468457,19457145
468738,19457147
4673,19519317
4662941911,19604803
461117,19644728
464177,19644729
467707,19644738
461diamart,19649367
461dimart,19649466
461570,19649481
460069,19649489
460974,19649490
461519,19649504
469615,19649505
469262,19649507
461diart,19649569
462026,19651234
463760,19651247
460772,19651254
467725,19673582
463300,19673589
463500,19673596
468598bsd,19674112
467762bsd,19674115
465647bsd,19674117
461941bsd,19674875
463632bsd,19674887
462515bsd,19674892
463278bsd,19674896
469987bsd,19674902
469747bsd,19674983
462835,19675061
469761,19675062
466656,19675064
463406,19675078
465879bsd,19676640
465384bsd,19676647
464053,19676719
468830,19676723
464755,19676729
461285,19676730
465671,19676733
466403,19676743
466021,19682952
464666,19756395
46578453,19760200
4633887793,19830694
46h,19854883
469577s,19944565
463905s,19944566
468898s,19944571
463697s,19944578
463897s,19944583
464449s,19944587
461792s,19944601
463696s,19944642
464002s,19956031
460908,19956050
469305s,19956053
469584s,19977072
461255s,19977088
463711s,19979129
461328s,19979162
461429s,20009445
462143s,20009448
465765s,20009463
463967s,20009472
463702s,20009524
464402s,20010977
469306s,20010988
462952s,20010994
464419,20011351
465832,20011363
462848,20011365
463948s,20041205
469582s,20041225
463242s,20041243
461338s,20042773
469988s,20042788
469712s,20042813
464262s,20093159
469581,20093240
464425s,20093309
464809s,20093315
469581s,20093378
468839s,20096212
465Scratcher,20200235
467te,20299569
463789,20303350
462789,20303357
462826,20334946
461032,20334948
462849,20334952
463506,20334955
462189,20334959
465884,20334960
462624,20334963
462713,20335278
463466,20335280
462819,20335281
462654,20335290
468811,20335291
465815,20335292
463597s,20365420
465905s,20365580
469237s,20365723
464320s,20365854
462923s,20365962
465785,20376187
462786s,20376196
465785a,20376206
46_,20560645
4648,20580517
461429,20601619
463700s,20609342
463366s,20609353
464365s,20609368
460727s,20609392
462625,20628534
464114,20629159
462412,20629164
461818,20629170
465525,20629171
462783,20629180
465487956532,20636597
46n,20815086
46291505,20986636
46045001,20986765
469754,21034283
469296,21034287
465060,21034302
462095,21034304
465127,21034554
462201,21035709
460991,21035716
46240001,21143801
46555,21191712
463232,21194645
461466,21210907
46944,21273237
46901,21273239
46841,21273243
46851,21273297
465636,21277982
464560,21278076
465722,21340619
46870,21410096
464809ob,21440080
46m,21630958
4691rh,21646495
4630493346,21690776
463712s,21696084
467260s,21696093
461250s,21696125
463950s,21717352
469621s,21717438
46352021,21729171
464923s,21752720
467343s,21818153
46258,21830661
4686,21892194
46068,21930661
46835,21931227
464939,21997098
463712,22090554
469307,22160837
463698,22162289
469578,22170013
463709,22192983
46096502,22255616
468468468,22405155
46795,22501923
465668,22502383
460798s,22505162
46427534t5e,22535533
4627737181,22651567
46xx,22753156
460267,22853799
461324,22884505
468391,23055767
463709s,23060782
4633412566,23174968
4655546,23222353
46240002,23278690
464314,23419692
462861,23419699
462119,23419701
460758,23419702
463897,23419705
4609912,23419904
462610,23421815
4638022,23421823
462880,23421830
461093,23421840
464013,23421929
460386,23421930
460345,23421935
461825,23421938
461063,23421940
462945,23421941
467240,23421942
464737,23421947
462497,23421949
462782,23421953
464688,23421960
4620532,23422109
462939,23422111
462237,23422116
4612502,23422121
462639,23422123
46546523424,24157381
46sherwood,24328642
46and2,24377519
46lucastolentino,24622038
46w,24640889
4671664585,24821092
4676952759,24821158
463178445,24845709
46240,25122939
4668579629,25177250
4687422tiger,25297759
4697549813,25300178
4625353483,25304838
4627725736,25328543
462005,25368432
4689168652,25450795
4628868263,25450796
4646487837s,25530809
4643583215s,25530813
467745,25532339
465209,25532410
4633887793g,25532551
46349001,25580468
46231001,25642343
4600483,25644908
4601123,25644923
4600359,25644948
4600504,25646683
46g,25730684
462668,25735763
46525san,26037441
4688074,26066208
468861c,26167055
462054c,26167062
469962c,26167063
462053C,26167064
468515c,26167068
469702c,26167095
46CRAZYWEASELS,26234338
46shellgirl246,26268651
463444bsd,26341102
465014bsd,26341111
463958bsd,26341112
462604bsd,26341115
466679bsd,26341118
466025bsd,26341217
463438bsd,26341218
462636bsd,26341669
465964bsd,26342160
465045,26387833
465203bsd,26410109
465800bsd,26410113
462368bsd,26410125
461075,26434278
4675829481timothy,26435113
465puppylove,26544757
460253,26648980
4685468ca,26779094
467966,26794301
467967,26794302
467886,26794303
4612082,26794304
468229,26794306
467789,26794307
467690,26794309
46-8225,26794310
4611917,26794311
4611911,26794312
468463,26794313
46-7725,26794314
467755,26794315
4612081,26794316
4612039,26794317
4612074,26794318
468935,26794319
4612048,26794320
467905,26794321
467776,26794322
468454,26794323
4612106,26794324
46-7875,26794325
468016,26794326
468288,26794327
468294,26794328
468505,26794330
469636,26794331
469240,26794332
46466,26829917
461ilileo,26830197
46365,26871567
46Emily,26925234
465cool989,26944993
465rthyu,27010833
464074,27108338
465-,27248671
469451,27289519
4600571,27293226
4600521,27293267
4600346,27293379
460918,27326453
461321,27327194
464809,27333159
461228,27375003
4665502,27454413
46SecProductions,27485781
463334,27522453
462434,27522555
469741,27522557
469409,27522559
466032,27522564
463530,27522565
465825,27522566
462606,27522568
465559,27522569
461485,27522573
465457,27522575
463553,27522578
462627,27522579
469983,27522662
469734,27522667
461683,27522668
461515,27522669
461822,27522670
462280,27522671
462470,27522687
462401,27522690
465419,27522694
461916,27522696
461932,27522697
462701,27522703
463436,27522705
461787,27522708
463557,27522710
462006,27522711
462621,27522712
463805,27560372
464267,27570941
469472,27570950
46258001,27645985
461584,27751717
466260,27754292
464643,27826105
466423,27826131
462951,27826196
469303,27937409
461877,27972188
465006,28012496
467-,28020611
460644,28025297
461399b,28025299
462392m,28025320
465872,28057832
460626,28057834
460627,28057835
460648,28057836
467545,28057838
460631,28057839
461445,28057841
460655,28057844
460304,28057851
460651,28057853
460650,28057854
460581,28057855
467494e,28057856
461415,28057857
461430,28057858
461422,28057859
463425,28057861
460619k,28057862
468128,28057863
461436,28057864
465104,28057865
469641IM,28057868
461395IA,28057870
468224y,28057871
468132,28057872
460657,28057875
467077,28080443
466184,28080469
467471,28080764
467078,28080767
468814,28080769
468089ap,28080770
466457,28080772
466229s,28080773
467093s,28080775
466217,28080776
467215,28080780
467216,28080782
467214,28080783
466946n,28080784
468195p,28080788
469260,28080790
461013,28182026
462410,28182040
469552,28182042
460788,28182052
462207,28182059
46yh,28236673
46Jennifer,28284449
46255kel,28348876
464919,28488296
465020105,28533161
46wg,28563129
46100501,28749495
46275,28782350
460038,29668940
464921s,29671643
466pr,29700756
464535,29709059
4684213161,29774982
465768,29796299
464214,29860521
463087,29861321
464298,29861322
463030,29861328
460736,29861331
464487,29861333
461068,29866233
465745,30026243
469301,30026328
466377m,30026434
4600926,30027511
4600477,30027711
4600481,30027889
4600481nc,30028009
4600559,30064511
468351,30102091
467212,30102092
467393,30102095
469423,30102105
468126,30102107
469072,30102116
467977,30102139
467295,30102168
468843,30102169
468019,30102186
467977r,30102191
468434,30102212
464949-mcpsmd,30162312
462185,30179609
469676,30179662
469040,30227822
46sds2024,30257084
465809,30257621
465780,30266435
462144s,30266661
462036,30266718
4649KEN,30308518
465687,30351676
462856,30351679
465829,30351680
462339,30351682
462870,30351684
465569,30351685
462203s,30358059
464925,30358155
461906,30358173
4619,30423620
4658TNIS,30434838
4639DavidL,30440097
463825,30455704
463826,30455710
467192,30455735
467549,30471199
465688,30529436
464250,30529448
46f,30585510
464835M,30588297
469berat,30715536
46248005,30727271
46samuelradin,30738936
46samuelradi1,30741967
460633,30805720
461752,30805762
460535s,30805801
46560QUI,30837536
4615938438,30912046
462198,31021519
466167,31021589
462199,31021630
464616,31061068
46-LTEC,31229441
466769,31297843
467942,31297921
467238,31297945
466731,31297988
467231,31299500
466831,31299526
469774,31299552
467995,31299558
466747,31299575
467291,31299624
468977h,31299689
464616M,31299758
467033,31301208
467572,31301214
469155,31301219
466758,31301220
467067,31301230
467233,31301231
468337,31301255
467952,31301260
466822,31301266
467056,31301278
466851,31301279
467955,31301285
468620j,31301312
468164,31301466
460084,31305919
469469,31369516
468235,31369521
461374,31373566
460103,31373587
460100,31373628
460474,31373637
460356,31373668
46cricket49,31432860
4614218,31467933
46-14218,31467967
4637378,31976919
460706,32011044
461540,32071920
465964bsd48,32136926
4600495,32179347
4600487,32179370
4600513,32179413
4600522BW,32179414
46069steven,32554439
4673764672,32562646
463803,32592995
46075brandon,32593295
4674335,32636871
4643138,32835415
462199ss,32835586
46yusuf,33318868
46600123,33388150
46mim,33390619
467918,33509660
467561,33514680
467561CLG,33571420
46MeMeWCool1,33844382
469149,33907304
46DigiKid,33910928
4646KEN,34272489
46583,34381367
46fighters,34384549
4699example,34401659
463weyts,34420067
4671,34537497
46s,34649427
461981,34783838
461549,34785542
46CREW,34798382
4602alizabeth,34813236
46998381,34821456
461527,34826907
46204kol,34902623
4684m,35105376
4601236Cain,35159672
4611213Calliya,35159721
4601175Chloe,35159740
4601188Felix,35159760
4601055Fernando,35159794
4601183Jesus,35159819
4601238Myla,35159960
4601211Riley,35160019
4601152Stephanie,35160067
4601437Hano,35160160
4601520Will,35160227
461426,35185743
461165,35188575
461179,35188592
461166,35188620
461223,35188638
461211,35188652
461579,35188670
461242,35188689
461144,35188721
461157,35188734
461202s,35188809
461155,35188818
461278s,35188887
461780,35188950
4601308,35229976
4600739,35230011
4600741,35230021
4600621,35230025
4601336,35230028
4600727,35230030
4600709,35230058
4602216,35230060
4600620,35230064
4600909,35230068
4601328,35230070
4600712,35230072
4600751,35230076
4601344,35230077
4600737,35230084
4600700,35230087
46012031,35230088
46009871,35230166
4600721,35230182
4600711,35230190
4601391,35230206
461143,35237782
46slesmanatees,35270165
4623792862,35273080
46y8,35298941
46317,35325911
46321,35344951
4618939,35403469
4601151,35485505
4601038,35485534
4601039,35485545
4601142,35485555
4601143,35485572
4601145,35485585
4601158,35485751
4601190,35485761
4601056,35485785
4601196,35485813
4601172,35485824
4601177,35485852
4601310,35485872
4601541,35485884
4601506,35485909
4601309,35485918
4601223,35485937
46011,35486028
4601192g,35486864
4601176n,35486892
4601087,35487420
4601081,35487429
4601084,35487440
4601040,35487448
4601066,35487455
4601204,35487466
4601058,35487467
4601532,35487472
4602210,35487476
4601441,35487485
4601088,35487517
4601096,35487519
4600964,35487525
4601097,35487539
4601052,35487571
4601069,35487590
4601061,35487592
4601110,35487660
4601045,35487686
460107219,35487701
4601057,35487742
4601083,35487753
4602206AG,35488619
4601274AL,35488627
4601186AR,35488642
4601234AP,35488663
4601284AP,35488685
4601296CW,35488696
4601299DZ,35488706
4601418EV,35488717
4601173HH,35488741
4601251KC,35488774
4601144LA,35488787
4602207MV,35488806
4601347NS,35488813
4601264NG,35488831
4601164RS,35488845
46imagine,35566885
4601250SC,35609001
4601314TH,35609040
4601191TG,35609064
4601252ZC,35609090
4601320,35609725
4601106,35609744
4600748,35690449
4601446,35690468
4601324,35690507
4600510,35690569
4600610mm,35690583
4600591,35726995
4601340d,35730495
4601051,35733705
46012091,35735057
460120911,35735240
4601209111,35735476
466011bsd,35789102
463182bsd,35789105
460995bsd,35789346
463055bsd,35789349
462396bsd,35912363
465387bsd,35912369
469imagine,35923316
46Madi_Rm8MrsSheperd,35928980
46OMGTech,35940726
4601323,35948479
4600701,35948492
4600704,35948512
4600592,35948544
4600986,35949657
4600707,35949681
4600723,35949696
4600725,35949714
4600710,35949743
4600993,35950145
4600713,35950188
4601461,35950225
4600720,35950257
4601429,35950278
4600732,35950321
4601519,35950368
4600734,35950391
4600735,35950420
4601135,35950442
4600626,35950527
4600740,35950555
4600743,35950606
4600744,35950619
46007291,35953610
46007461,35953743
46007141,35953780
4681314668,35958588
4630023,36071285
462388,36238287
4616736,36292748
4657762,36292902
4601524,37296042
4601095,37296477
467qblzx,37447821
464633,37485199
4601204_4601081,37577036
468dtb468,37650412
46RailRoad,37667897
46uw9,37942208
462375,38036125
46a,38368600
46351,38401479
4600995,38403490
4600609,38403530
4601346,38403733
4601325,38405760
4600598,38405870
4600613,38405875
4600627,38405884
4600646,38405914
4600613AM,38407118
4600606,38407450
4600904,38497332
466328,38512764
4600613MURO,38578751
4661502,38623412
46soundproof,38653968
4646jv,38751589
4601013,38765555
4601130,38766489
462674,38795999
460320,38796070
460189,38796109
460349,38796517
460371,38796518
465090,38796519
460354,38796521
462928,38796524
460404,38796525
460421,38796526
460985,38796527
462088,38796530
466702,38796531
460504,38796532
468784,38796533
460496,38796534
460144,38796535
460490,38796536
46lolan,38853595
46evajs,38853604
46naomie,38853615
46seanj,38853626
4600913,38890135
464646546465465464,38894262
46893kac,39002952
46182hen_,39003016
465mh,39006761
46esteew,39038482
4661502_9,39164910
460807,39178433
460618,39178769
460519,39178848
46kv3g02,39372188
4650081,39443051
46tata,39636798
46ts,39717490
46royal2017,39734483
46300123,39842957
461553a,39890920
463515,40081775
46-13114,40124532
468951,40220825
466980,40228470
46972aug,40300313
465311B,40348500
461mcg09,40349018
462777,40400745
466686452,40584658
46632cle,40670900
4656932876,40677519
463518,40873243
46o,40878301
46915,40912233
46713,40912234
462887AM,40948973
467345,40960041
461073A,41050157
4646487837M,41054127
4653729381276,41151792
46SFS,41176417
46069abc,41178661
4600607,41207813
4600625,41207818
4600817,41207955
4600611Mackncheese,41207994
467073b,41280631
469132,41346524
469EgeAvsar-TeknoEge,41465795
467cagan_kodpro,41468505
46437kyndalls,41544355
466-gizem,41570609
468OZLEM,41574551
46mapu,41579774
469394a,41655498
467867,41655511
469026,41655523
468594,41655527
468494c,41655539
469314,41655549
468654e,41655590
468809,41655610
469036,41655613
469599,41655628
468560,41655632
467659,41655650
468039,41655659
466805,41655664
468057,41655672
467706,41655678
469387,41655687
4633812957,41691877
467916,41728934
4695543843,41737251
46738,41740926
46tf79,41812964
46521res,41849168
46334NEV39,41854553
4600596ag,41955388
46290,43718394
463766,43864346
460PRO,43974978
46emirhan46,44144935
4600612,44378924
463424,44880731
468651,44882797
469354,45068990
466952,45069704
4668598383,45254051
4601121,45650901
4601459,45650907
4622438,45742712
46009361,46009361
46200oku,46070475
46745786,46206264
46536563857,46703971
460imagine,50151519
465imagine,50151521
4600985val6,50416522
4601013val6,50416523
4601524val6,50416524
4601320val6,50416525
4600991val6,50416526
4600973val6,50416527
4600935val6,50416529
4601205val6,50416531
4601547val6,50416534
4600978val6,50416542
4600959val6,50416544
4601200val6,50416545
4600938val6,50416549
4601605val6,50416550
4601106val6,50419138
4601512val2,50419348
4601050val5,50419390
4601192val4,50419392
4601310val4,50419394
4601151val4,50419398
4601079val5,50419399
4601343val5,50419405
4601179val4,50419407
4601529val5,50419408
4601074val4,50419410
4601187val4,50419411
4601118val5,50419413
4601541val4,50419415
4601452val4,50419592
4601161val3,50419629
4601523val3,50419631
4601264val3,50419634
4601331val3,50419641
4601148val3,50419650
4601403val2,50419932
4601348val2,50419933
4601270val2,50419936
4601421val2,50419939
4601408val2,50419940
4601381val2,50419941
4601285val2,50419942
4601399val2,50419944
4601505val2,50419945
4601261val2,50419948
4601392val2,50419951
4601243val3,50420151
4601553,50542441
4601360val1,50580171
4601386val1,50580172
4601513val1,50580173
4601417val1,50580174
4601493val1,50580177
4601543val1,50580178
4601521val1,50580179
4601370val1,50580180
4601390val1,50580182
4601632val1,50580183
4601495val1,50580184
4601368val1,50580190
4601483val1,50584888
4601497val1,50584891
4601369val1,50584894
4601438val1,50584895
4601488val1,50584896
4601479val1,50584899
4601484val1,50584904
4601490val1,50584907
4601088val5,50594624
4600949val6,50615842
46k,50667569
46636,50731085
463946,50778412
4618Azu,50790834
4601613val1,50836611
4669313517cc,51483301
46664590,51541295
468189A,51685093
466747E,51685100
467045s,51685101
466823S,51685104
466851y,51685105
468126A,51685113
467056G2010,51685119
467233yo,51685123
467291Y,51685126
467248Se,51685127
468977H2010,51685137
468624sss,51685168
466823Su,51685208
467995u,51685230
467952a,51685271
46854,51730479
467231LA,51770549
468843m2010,51770987
467952angel,51771034
46680chicken,51774661
4668yyy,51798142
467231lan,51812231
467231land,51812376
467231lando,51812409
466823SURI,51812794
46126b,51812800
468126b,51812823
468126alex,51906677
468351mm,51906692
466831sa,51998256
468843m20109,51998296
468843m201094,51998566
468843m201094o,52042756
467056G20104,52042900
46876876868,52126468
46968Hanna,52158193
46531iyed,52158249
46961Arenzo,52158340
466831san,52198780
46812,52198882
467056G20104g,52198990
468126AA,52199124
468126bb,52238094
466831santi,52239785
4637-PinkGirl,52275359
460556,52275422
46X,52339814
466823Sur,52433629
460970,52707909
46642,53042862
4680nc,53173211
46032019,53173326
462475,53452489
4674576946P,53650528
464353Taylor,53715033
46920,53790201
465571,53873730
46989,53910350
468534,54365421
468702,54365425
4615410,54365431
4615405,54365433
462296,54537443
4612851,54555360
46royal2018,55586587
4602093MiaF,55656821
4646381516,55974075
4684966,55981340
4633468,55981747
4677978,55981947
4632355,55982048
4685429,56064483
466945,56226252
46schavez,56330783
4672428cs,56500629
464925lm,56845456
4600734k,56891978
468nehir,57078485
46537452,57233217
4607295425,57333915
4655678yguhgyfgcvhbj,57666934
4601247,58168165
460645,58463787
468566,58919956
4624575937,59040533
466509,59574740
4634350nof,60188965
46fourtysix,60252225
46sd2026,60255153
46865475834534758,61087508
46aluScratch_CPR,61113491
4645live,61982506
46_Industries,62335972
4649da4,62337160
46Adam,62778481
4601503val6,63130633
46PES2025,63301860
46gitune,63363356
463student,63461567
46052ihs49082term2,63699578
4684536734658,63978000
4654645645645,64034852
469JR,64117914
46894144314,64222731
4687445,64266637
46_soccer,64282854
462dhe,64354878
464658,64640451
466401,64640488
46716,64681233
46844444444444444444,64818592
464658pm,64925708
4601159_cat,64940605
4601272_,64940676
4601294,64940820
46465327852,65076442
46Waneta,65203209
46lakelover,65204169
468salih,65262450
467514,65419047
462143-2020,65535209
462262-2020,65535225
4629fcs,65536991
461271,65626201
467635DM,65652285
462726CT,65652341
4601613,65766371
4632et,65938842
466977,66007232
467027,66007276
469982,66007310
463971,66189539
464730,66189580
464959,66189925
465bilisim,66462908
463etvbg,66606828
463etv,66606920
4682mw2,66639818
46rtihule,66787540
46887a,67054492
4601294val4,67158956
464-ERB5E,67729023
466_5H,68113475
46903ldcsborg,68176260
46y,68178918
4646736263,68244563
461377,68459676
463005,68459700
4629889817,68557966
4667284315,68717671
466302,68892906
463577,69003169
46mk28,69044331
4673894857,69073538
46CK_ME_DADDY,69285286
46-tiger,69633890
461273468,69661951
467660,69720121
4657736376377,69842062
46I,69898458
467morgan467,69942037
463591ar,70224690
46gohan,70310195
46r6,70625825
46thatTheaterkid,71149073
467179,71240913
469BChevy469B,71330511
468EREN468,71505272
46kurt46,71521536
4649337739,71565362
46Karafatma,71932760
46bhargavi,72099407
465batman,72316317
469732,73284098
46yaren,73634847
46489-23,73826123
46382-c23,73826136
4678Ekoomson,73827413
46ROBOT46,73852386
46ebrar46,73859940
46inci,73860214
46kadiryilmax,74257193
46ttyu,74544778
461687,74661980
469424,74661981
462412864387268736,74720624
4605jc,74990958
4600jc,74990959
4607jc,74990960
4601jc,74990961
46896-,75067860
465yagmur,75095258
467yasin,75095464
46ryryryrryry,75374608
4649tarou_scrcr,75459358
463747,75493937
463yagmur,75513001
4637jc,75849218
4675jc,75849220
4614jc,75849221
4661jc,75849223
4615jc,75849224
4616jc,75849225
4644jc,75849227
4621jc,75849231
4652jc,75849233
4628jc,75849235
4698jc,75849238
4689jc,75849240
4656jc,75849244
4687jc,75849246
4624jc,75849248
4681jc,75849250
4669jc,75849256
4685jc,75849261
46-,76531759
4678424564454,76571648
4618jc,76662597
4638jc,76702347
46_snow,78314185
46kakeru46,78462461
4699jc,79259137
4689rui,79456503
4649yu-za-,79743531
465962AD,80012977
464441TM,80031004
469195JS,80031125
463395FA,80080234
465758ZC,80080243
463451TE,80080266
468988EH,80080290
468709AH,80080292
463686GN,80080363
463881JN,80080374
469336JN,80080378
466802CR,80080381
464429MR,80080389
467868zhu,80114518
4649yu-za-Twitter,80120995
465777,80264436
46577777777,80264458
469223say,80276637
465630men,80276779
465480two,80767430
469zahide,81271194
46b,81708799
462570,81808717
4609679,81954811
466954,81985912
467527,82107485
46HD,82320798
46iguy,82336189
46680m,82400042
46015,82400299
465asya,82585949
464zahra,82585961
46911AG,82677313
46153m,82684817
46146,82684867
4608440,82855250
46iguy_friend_oodum,82927816
4646cote,83282327
465546,83290723
462410C,83360991
4684Catt,83992980
46_Pinky,84018979
4645645,84033087
4637615,84033090
4632263,84033094
4646338,84033095
4637618,84033102
4644931,84033104
4636652,84033105
4639920,84033111
4637268,84033116
4631925,84033119
4614alejandro,84036679
46iguy_animates,84652551
461GW,84758509
469BR,84767190
4636miguel,84915157
467590,85252975
46-panda-ab,85271842
46-panda-aa,85271846
46-panda-ur,85271859
46-panda-kk,85271863
4611873,85749959
46earth46,85962265
46Tio,86129478
4674598397,86440387
46thgrade,86533422
468279130,86681669
467936,86821150
4693tiger,86898526
4603855,87116648
467_mkvicky_yass,87439334
467_mkvick_yass,87439577
46Z,87573536
46U,87573537
46V,87573538
46Q,87573539
46P,87573540
46L,87573542
46J,87573545
46E,87573546
46D,87573547
467_mkvicky_yas,88201019
463987tfeywgukfawy,88314199
46948,88483890
4645335,88950180
4685159,89553033
46491cat,89968165
46tygufrgrety,90031312
46hotjump,90133958
4649yu-za-sub,90438409
46592345,90623860
46TMSGolt,90759623
461GORKEM,91113869
46hailey39,91215810
46772847,91230498
467gurlhey123,91476045
4645141,91611146
46461818,92240038
4633364,92459477
4630964390,92631641
46dikdeirw,92714075
462388_test,92961360
4649uuuuuuu,93257940
465squidgame,93391535
46991besdorg,94150947
4657835345487686,95212282
46sh,95435396
46sh2,95450331
46sh3,95450345
46161907,95463153
468086sonic5346,96240301
465055555,96376377
46_Ahmet,96722051
4649000-2,96927066
46494646,97115386
4649000-3,97481631
4649000-A,97570317
46-49,97580786
4607402,97958172
46491cat-ura,98620473
46491cat-ura2,98640445
46blackcat,99210326
46dev,99516371
46491dog,99749970
46BurgundyCoder,99989240
461HaPi,100094412
461BREN,100101907
461BRHA,100102343
4652LV,100390801
4612JV,100424688
46william,100668934
4627024,100711219
46792305,100961123
4601167,101094950
4649000-S,101121494
467muhammed,101250911
46-bruna,101877941
463740XWC,101935025
469Mario,102272657
4689381,102306690
46572957,102414105
4601236,102552117
4657am,102920779
46-braian,103166326
4684_doyan,103318429
4601167MOBILE,103627570
4685477,103893386
461109,104051953
4649wxz,104052785
465833,104328413
46trollgod,104411562
464468839,104459060
46881j,104482660
46pandamh,104483214
46pandang,104483216
46pandasm,104483218
46tyb36gf357,104613120
46hgtese,105324259
46inu-utaite,105402585
46nrko,106349689
4658930,106838095
46NekoqN,106968063
466949,107004642
4644005,107176081
46690Tay,107722228
46konn,107812770
464is2223,107932753
469is2223,107932754
468is2223,107932756
467is2223,107932771
460is2223,107932776
466is2223,107932779
461is2223,107932785
465is2223,107932789
462is2223,107932790
463is2223,107932794
463210,108002186
461811967,108116938
46cbnmjb,108277416
4649aki,108515151
46inu-vtuber,108968969
46DSCACLC,109084655
463474,109707071
46kwat,109739443
46greywolf,109788923
46raresnake,109788940
46789ande,109800795
46sgccvc,109946600
46sgccmp,109946606
46sgccrg,109946608
46sgcckjh,109946623
46sgcckh,109946624
46carlane,110021726
46sinkshower,110032784
469373,110271371
46460,110628957
4608th,110642053
4615th,110642057
4633th,110642065
4604th,110642067
46jar,111070719
467ilikehotdogs1234,111136903
468maoh,111708814
465753,112008202
465863,112008228
460317,112010104
465Networker,113016168
46scratch2023,113264523
46Devils,113319660
46dog,113491544
461218,113809079
469560,114145262
46orp_repeels,114786678
4639KITA,114846683
4658WC,114901991
46manuela,115413839
46-ru,116006884
46goldencoins,116294801
46roblox1239,117054973
46394639kita,117142428
46purpleapple,117608172
46-panda-urALT,117710405
46291LunaD,117844945
46759Isla,117844974
46523Max,117844998
46067Sophie,117845040
46044Archer,117845044
46112Tanvi,117845057
4601277epic,118081015
4601305,118081090
4601552,118081922
46_ninja,118112547
463507BMC,118304112
46spacecamp,118383098
46917S,118506096
46847,119017243
46844,119017244
46822,119017246
46848,119017247
46827,119017249
46826,119017250
46817,119017259
46836,119017263
46832,119017268
46857,119017272
46819,119017278
46831,119017280
46815,119017282
46811,119017284
46838,119017285
46813,119017286
46830,119017292
46921,119017787
46922,119017788
46923,119017789
46925,119017790
46926,119017791
46881,119017792
46880,119017793
46884,119017794
46946,119017796
46902,119017797
46943,119017798
46940,119017799
46903,119017800
46861,119017801
46860,119017802
46862,119017803
46864,119017804
46962,119017805
46963,119017806
46991,119017807
46967,119017808
46958,119017809
46894,119017810
46990,119017811
46992,119017812
46891,119017813
46997,119017814
46996,119017815
46971,119017816
46899,119017817
46935,119017818
46932,119017819
46931,119017820
46955,119017821
46918,119017822
46878,119017823
46970,119017824
46977,119017825
46953,119017826
46952,119017827
46904,119017828
46959,119017830
46914,119017831
46917,119017832
46916,119017833
46957,119017834
46982,119017835
46980,119017836
46985,119017837
46988,119017838
462146516,119124436
4619sn,119219178
46MaDl,119677205
46BMD6,119764156
46BMD6X,119764460
4680tareq,119923809
4601856rude,120454117
46-9,120684331
46-18,120684332
46-166,120684333
46-33,120684334
46-239,120684335
46-7,120684336
46-53,120684337
46-3,120684338
46-72,120684339
46-25,120684340
46-26,120684341
46-52,120684342
46-55,120684343
46-22,120684344
46-45,120684345
46-82,120684346
46-75,120684347
46-3030,120684348
46-29,120684349
46-89,120684350
46-6,120684389
46_wendril,121194399
465_games,121216681
4692kaco,121306344
469813d,122108245
46yuGeidooH,122252548
46__iruka,122290088
46ws,123175541
467___,123560468
4605_Animates,124022810
4699493,124206012
465r,125118897
4605_Teaches,126029648
46896_ldcsb,126134783
46789y778,126170169
4657ty,126309597
46-G,126642583
4649335,126767171
46megalv,127478824
46gZv,127585536
4601339,127915653
46705b8b,128117839
46Everlark,128125952
462768,128324232
4691weB,128401423
46_loser_,128663993
467ak28,129434549
46gl2032,129877437
463456456,130330739
46Posole1Dog24,131235762
46281109,131408889
465677,131455034
464646117,132058345
4625373,133278681
4601161_eNzO,133555230
46cake4catt24,134192973
463544656,134250757
46Stinray46,135625579
46fm7b,135868727
46HGFURSO,136192259
468421,136707288
46Sasnb,138058930
46MCGURSO,139118518
4684864,139341111
46_-RiMu-_,140182814
468A24,141158079
