398,43863
3950dianas,69462
396,128462
390,195391
39peewee39,207430
398035002,227403
395185,235414
3926,300068
39Clues,306570
39g,322696
39cluesman,417601
39aka94,427461
39901,438686
395,507423
3939889,528801
3985,533990
397,579912
394,617451
39black,645043
39545114,694841
399720,695921
39588181,724458
39678256,726746
39757877,726815
39738968wolf,733032
39130,747553
39887738,750599
392nick,767588
39cluesboy,847126
39loxe1,858813
391289,984192
391,984471
39680,1008017
39004819p,1090888
39557,1199990
399,1231359
39450084,1255361
3918,1332199
39831742,1354714
396903,1355671
39640,1367620
39lima,1452776
39686834,1748189
39825820,1759728
390189,1796700
392762056,1824055
398818209,1828885
395058391,1865366
39961,1906459
39954,1906468
39625,1912639
39838,1912641
39379237,1931283
39675515,1945085
39989477,1953079
39825,2226594
39817,2230367
39034142,2296868
39630522,2306056
39679,2346891
3945303,2404711
39493317,2447892
39000419,2532656
3967abc123,2572484
39clues88,2598929
3989,2611200
39mammals,2715105
39000,2786680
395-k,2844250
3908,2882160
39391237,2968592
39890785123,2974431
39952733,3022568
399405497,3036573
3907,3092039
390093697,3121128
390091563,3121159
396573979,3227341
3912,3243807
3925hf,3345452
3937am,3345464
3986mm,3353888
3903CM,3353900
3936jm,3353903
3948LS,3355521
3997AB,3355559
3980jl,3357664
3943em,3357697
3966la,3357704
3945dp,3357709
3960AC,3357734
3909as,3363178
3915nb,3363284
3932gl,3363495
3946,3363537
3938mm,3363549
3977jg,3363564
3982jl,3375940
3929lh,3375953
3994sr,3381911
3944ep,3382496
39588661,3399219
3934BL,3401620
3910tas,3401700
39cat,3433292
39857023,3579382
39763656926,3582501
39739,3620037
3910,3685218
3992,3691998
3965,3764153
39takise13media,3865677
3999,3902084
39490428,3978338
39soccer,4033097
3944,4197902
3928,4325978
39scratch2014,4466011
399938315,4489595
399303,4543272
39haru,4584173
390396,4739102
39babygoo,4755264
39661asw,4789015
3984v,4852359
3900388,5051126
390logan,5479582
393869,6408050
39273OGM,6690494
39090865,6830928
395519,7053650
39_cri_pinzon_o,7707810
3900411,7780096
3900397,7780194
3901220,7780314
39isspecial,7841122
3914425,8292294
39571,8437000
39917699,8438400
39069051,8466008
3925262,8852296
392,10072412
39211787112,11210384
39_wil_marquez_o,11603124
390000093,11760624
393,12043910
394jenh3946a,12483248
3938387262yeh,12600944
39078248,12602980
392733,12768272
390870,12835038
399443,13230156
392847,13272177
391695,13273256
39utopiagod,13535692
397892,13538048
391192,13608385
390895,13615050
39sam,13981989
39777lolsies,14068108
394349,14515745
398136,14528644
399596,15585659
394ramos,15702855
39766,15998128
39cluelesscom,16373233
3959500783,16816311
398551,16893549
39clueslover,17433766
39cookies,17463649
39Jag,18050617
39767,18249504
3993885,18444451
3983878,18444696
3954349,18444707
3954310,18444717
3964232,18444835
3975495,18444854
3993632,18444895
3965577,18444921
3954094,18444936
3975685,18444949
3903267,18535480
3943967,18535503
3917193,18535524
3925139,18535539
3931357,18535911
3940729,18536036
3941358,18536077
3927508,18536144
3937927,18536202
3929938,18536240
3902509,18536311
3902001,18596087
394772,18664884
393KenJone,18668858
39397,18671438
397592,18745778
39_,18823727
3963174757,18898938
3984892373,18924425
3953979655,18945278
39904,18952783
395154598,18998992
39hi7p1,19085272
39hi7123,19085661
39blue2017,19451442
39247,19622419
39a,19767960
3945,19825139
390gabriel,19858771
398649,20020044
39pp,20108902
3969416,20175165
39264107,20361475
39075,20622588
39072,20623060
39code23,21006256
397685,21059572
391816,21065677
39434,21116889
39008,21117075
39401,21117454
39073,21118169
39238,21191658
39152,21191678
39601,21276204
3983866,21582498
3985286,21582508
3954180,21582512
3973998,21582903
3982132,21582922
3992070,21582951
3983673,21582966
3964396,21582984
3983969,21583002
3972489,21583025
3995296,21583036
3965888,21583056
3975433,21583089
3985411,21583354
3964223,21583373
3993673,21583389
39853360,21583530
3985360,21583558
3995085,21583578
3994244,21583631
3982229,21583655
3931878,21585205
3943839,21585224
3926214,21585307
3930877,21585413
3924658,21585505
3917619,21585537
390eylul,21614708
398melike,21614815
39268,21620863
39268de,21620926
39860,21766516
394969,21824674
3914123,21999372
3926005,21999499
395303,22165352
3969655,22620858
397gamer,22696051
394989,22738512
39jxu,22852888
39ajaya,22852889
39gbedo,22852891
39mcant,22852892
39ffazi,22852893
39kjavo,22852894
39atenk,22852895
39bmatt,22852896
39grame,22852897
39olleg,22852898
39kfaux,22852899
39kquin,22852900
39thaze,22852901
39cbrug,22852902
39rpate,22852903
39bcole,22852904
39kdunn,22852905
39bkhan,22852906
39amarp,22852907
39ggamp,22852908
39nmodi,22852909
39lfull,22852910
39birfa,22852911
39hpusc,22852912
39sfahi,22852913
392948,22853808
39gaming0070293,22856107
392evrim,22859037
39ilag,22870126
39oilag,22870141
3996gsa,23139627
39467,23426545
3919753,23441208
394lutskyk,23451065
3927mgonzalez2,24001935
39021551,24240766
39101851,24903010
399justing,25056938
399parkerp,25056939
399sagep,25056940
399heidid,25056941
399jaydenh,25056942
399jaysond,25056943
399kamariahm,25056944
399alejandroc,25056945
399isabellaw,25056946
399hayess,25056947
399coltonk,25056948
399jaelynp,25056949
399sevannam,25056950
399dillonw,25056951
399eyobs,25056952
399simonm,25056953
399jeans,25056954
399kyrenl,25056955
399quinteng,25056956
399aavynk,25056957
399evanh,25056958
399robertd,25056959
399adenr,25056960
399oliverl,25056961
399leoa,25056962
399raymondh,25056963
399gracien,25057116
399patrickb,25057117
399cassiusm,25057119
399sonnem,25057120
399brooklynnb,25057121
399ednaw,25057122
399nateoa,25057123
399neemahr,25057124
399isaaca,25057125
399hakima,25057126
399ethanh,25057127
399phoenixg,25057128
399tihanii,25057129
399avar,25057130
399zacharyh,25057131
399aland,25057132
399josephl,25057133
399landenr,25057134
399ansonl,25057135
399jonathanl,25057136
399ngekakab,25057137
399maxq,25057138
399habeniomw,25057139
399vegasr,25057140
399vinsonh,25057141
399aerism,25057142
399stefanov,25057224
399lukem,25057225
399victorl,25057226
399alyssaf,25057227
399seanm,25057228
399justinv,25057229
399mauriciom,25057230
399haydenh,25057231
399ivanv,25057232
399anthonyr,25057233
399shic,25057234
399roberttd,25057235
399erenp,25057236
399jimz,25057237
399trentl,25057238
399laylahs,25057239
399edmondl,25057240
399travisk,25057241
399ethand,25057242
399tylerc,25057243
399bensonc,25057244
399gavinv,25057245
399marvynp,25057246
399lancer,25057247
399braydenv,25057248
399edwinl,25057249
399thayak,25057250
399raulr,25057251
399jaredd,25057311
399hermant,25057312
399victord,25057313
399jacobl,25057314
399olivial,25057315
399logana,25057317
399noahb,25057318
399uriaha,25057319
399masonm,25057320
399royaf,25057321
399christinaf,25057322
399adrianv,25057323
399jaedeno,25057324
399jarrettl,25057325
399marcol,25057326
399alexandern,25057327
399judiels,25057328
399nahoma,25057329
399mollyl,25057330
399libant,25057331
399skyed,25057332
399dominicy,25057333
399eyobelt,25057334
399xzaviers,25057335
399denisey,25057336
399tannerc,25057337
399jaydar,25068441
399larryr,25080703
399rexe,25098999
3911584,25138044
39mammals2,25238345
399mileahs,25302997
3913577262,25416596
399landenl,25417158
3986582533,25450801
399bradeng,25460688
3944245687B,25530861
3901062,25558541
3900631,25646660
39037504,25651272
39006004,25651273
397_maya,25724412
3941709,25866479
3913446,25871199
39875,25906292
3904733,25922651
3988126,25955577
3977929,25955578
3991645,25955580
3977639,25955581
3987770,25955582
3995674,25955583
3956933,25955584
3997968,25955585
3957965,25955586
3997344,25955587
3980567,25955588
3968273,25955591
3981749,25955592
3951417,25955594
3961116,25955595
3966938,25955596
3997789,25955597
3987480,25955599
3997824,25955600
3987564,25955602
3968386,25955603
3980654,25955604
3971963,25955605
3987aa,26034039
3927820,26096042
3984892373M,26119190
39t,26124222
3977853,26142395
3978b,26155968
39680has,26214978
3924196,26473495
3942645,26473531
3910589,26473573
3914942,26551609
3989442,26551610
3916378,26551611
3920305,26551613
3987692,26551614
3945626,26555200
3953b,26569120
3901629,26570690
39gaming,26582891
3949179,26587471
3990,26668522
3903a,26707764
394angagbu,26829909
3912240,26855393
3922714,26855395
3914886,26855397
3904972,26855400
3910911,26855403
3941215,26855406
3935021,26855409
3915731,26855411
3903729,26855413
3918554,26855414
3901832,26855421
3926331,26855422
3930926,26855424
3921502,26855648
3931002,26855651
3918621,26855653
3922240,26855657
3933002,26855661
3926868,26855662
3944009,26855663
3946129,26855664
3923654,26855665
3919196,26855666
3900779,26855669
3938634,26855670
39cade,26925347
39Jack,26927009
3942250,26969081
3903465,26969096
3920832,26969217
3931241,26969276
3933564,26969317
3925077,26969383
3988289,27120683
3949571,27256207
396942s,27457927
39487thecow,27473658
39lions,27525918
394035,27558202
391927,27558203
393813,27558205
393769,27558212
393304,27558217
394037,27558225
397685A,27559196
397899,27697349
398414,27697532
399b7678,27706755
39393939393939,27716829
3927817,27725504
3939621,27725574
3911015,27725641
3945623,27725676
3923122,27725871
3938406,27726186
3900804,27726344
3917214,27726511
3927527,27726645
3910087,27765334
3922687,27765373
3930554,27765736
3930678,27765956
3924364,27765978
3928422,27766057
3939675,27766076
3933667,27766238
3915829,27766261
3908362,27766481
3905440,27766748
3927417,27766821
3912804,27767043
3904977,27767116
394871991,27784700
3909390,27807152
391266,27857985
393997,27872798
39046503,27947992
39054001,27947996
39033505,27948016
39007503,27948027
39049507,27948030
39Emmanuel,28284358
39879,28288680
39ece,28423387
39797wil,28443030
399jasons,28582818
399linaa,28582819
399chasec,28582820
399mayab,28582821
399shaysons,28582822
399ronaldl,28582823
399keokolop,28582824
399kaitlinc,28582825
399codyb,28582826
399christinan,28582827
399issacm,28582828
399andrewe,28582829
399eyobl,28582830
399glenna,28582831
399ryanc,28582832
399siemy,28582833
399lorenzb,28582834
399willief,28582835
399tedw,28582836
399arelyc,28582837
399jacks,28582838
399camdenc,28582839
399christianv,28582840
399ivanc,28582841
399jalenac,28582842
399enocht,28582843
39sk,28585461
399100,28644071
396201,28644081
395227,28644082
394774,28650834
3906186,28653524
3914347,28653956
3927838,28654051
3907454,28654799
3912640,28654855
3938031,28655051
3908253,28655065
3930760,28655432
3908360,28655531
3919924,28655546
3940341,28655564
3908309,28655587
399962,28655877
399876,28655882
390122,28655889
39380311,28660415
391017,28670852
393375,28673696
392881,28690308
3902522,28723780
3937843,28723792
3944524,28723848
3917254,28723866
3939833,28723878
3937828,28723893
3945215,28723922
3941893,28723933
3924129,28723942
3937261,28723955
3932200,28723972
3911464,28723974
3919434,28723997
3920299,28724006
3924614,28724032
3921855,28724057
3929002,28724067
399isaach,28736640
399angeloa,28740878
399gustavoc,28740907
399dylanm,28740955
399anthonyp,28740992
399ethanb,28742714
399trinitys,28742750
390610,28786922
399braydenm,28790890
399vincel,28904544
391242Ahlstrom,29198126
391804Garrett,29198140
395332Klinger,29198154
391816Giaquinto,29198350
395653ohern,29198372
393993Sarmento,29198441
399558,29526733
399580,29526747
399305,29526751
399larryro,29582250
39716,29651098
39871,29651110
39727,29651157
39707,29651179
3914504,29796469
3904567,29796470
3937915,29796472
3924679,29796473
3917782,29796475
3924836,29796477
3911727,29796478
3943204,29796479
3910480,29796485
3937886,29796486
3927264,29796487
3917134,29796489
39L64d,29864287
39r,29896082
39021953,29896171
39009034,29896344
39019584,29896426
39015912_FUSD,29896740
39021636,29904072
390magnetshroom,29905902
3985248,30009606
399joshuag,30025247
3901602,30049725
3992323765,30055337
397508,30063786
390090334,30065008
390367,30074119
39025132,30105055
3969422,30137145
396400,30137161
390195,30137180
393057,30137203
394353,30167066
39JK,30172258
39y,30211056
3943533,30253286
39sds2024,30257090
3969862,30278823
390110055,30350058
39x,30365212
3902269KS,30395589
3902083jr,30396710
3900817,30445165
3928534,30445320
390110062KD,30460972
39882,30624781
395995,30709153
392257,30804013
3926987,30816053
3933127,30864538
3929211,30864646
3917586,30864652
3932300,30864724
3925360,30864759
390107682rasj,30876645
396314,30924373
3908709,31207746
399692,31227882
39-LTEC,31229438
3922982,31320052
3968SN,31347229
3972dp,31348051
390MS,31351367
3946B,31911131
3980856,32066015
3980818,32066185
3993679857,32127508
3928604,32162629
3904836,32197235
3951253,32198271
39015004,32252533
3987812,32272831
39267091,32330229
391058,32345673
3927675,32394078
3987976i,32453600
3950310,32692134
395aynisa,32849677
39Tangmo,33625962
39mario,33707830
399358,33732744
398489,33732770
39041,33743759
397332,33792429
392user5437,33830176
392user5427,33830178
392user5422,33830179
392user5407,33830180
392user5435,33830181
392user5410,33830182
392user5436,33830183
392user5438,33830184
392user5402,33830185
392user5440,33830186
392user5424,33830187
392user5433,33830188
392user5401,33830189
392user5428,33830190
392user5432,33830191
392user5426,33830192
392user5439,33830193
392user5404,33830194
392user5414,33830195
392user5425,33830196
392user5406,33830197
392user5423,33830198
392user5415,33830199
392user5418,33830200
392user5419,33830201
392user5409,33830202
392user5408,33830203
392user5429,33830204
392user5405,33830205
392user5434,33830206
392user5431,33830207
392user5403,33830208
392user5411,33830209
392user5412,33830210
392user5413,33830211
392user5421,33830212
392user5420,33830213
392user5416,33830214
392user5417,33830215
39DigiKid,33910915
399585,33950044
39westie,34095157
39western,34095159
39685kw,34210042
39tonta,34243134
39apiwich,34255676
39TULY,34255721
39350Yanavut,34294008
39_stem,34311356
39p,34373292
39jiang,34484115
39007025,34581493
399gamingYT,34603296
39001391,34641536
39023264,34641587
39011521,34641590
39000338,34641616
39008759,34641643
39001174,34646859
39007262,34647050
39002967,34647055
39016098,34647063
39018034,34647070
39010216,34647074
39009263,34647085
39005769,34647094
39009170,34647097
39001193,34647104
39022658,34652924
39005847l,34652974
39010986,34652979
39000468,34653021
39002261,34653044
39000340i,34653081
39016584,34653087
399melatg,34658845
399pierrel,34658846
399nehemiahd,34658847
399godanat,34658848
399kareemf,34658849
399maxwelle,34658850
399juliusd,34658851
399jaydenk,34658852
399braydenp,34658853
399naomit,34658854
399calc,34658855
399taylorp,34658856
399lucianm,34658857
399jonathanh,34658858
399iskendero,34658859
399jorizc,34658860
399yonast,34658861
399darrend,34658862
399jazellel,34658863
399renees,34658864
399duongh,34658865
399johnr,34658866
399braydenmo,34658867
399jacquelineg,34658868
399duyp,34658869
399vivianh,34658870
399vincenta,34658871
399gavinh,34658872
399bruces,34658873
399vivianc,34658874
399angelr,34658921
399tylert,34658922
399jeremiahd,34658923
399danielc,34658924
399drakel,34658925
399honorp,34658926
399johnu,34658927
399emilyc,34658928
399tylerg,34658929
399karsens,34658930
399khavih,34658931
399ellad,34658932
399haydynk,34658933
399ethans,34658934
399allisonp,34658935
399ciaram,34658936
399nikoa,34658937
399daviond,34658939
399ashtonk,34658940
399ryana,34658941
399codym,34658942
399shaneb,34658943
399tayvens,34658944
399carmelog,34658945
399paytonc,34658946
399tytena,34658947
399morganp,34658948
399anthonyv,34658949
399zacharyz,34658950
399roya,34658951
399robertol,34658952
399robertm,34658953
399josephs,34659114
399gavina,34659115
399anthonypr,34659116
399marcod,34659117
399timothyd,34659118
399samuleg,34659120
399isaacs,34659121
399anthonya,34659122
399quincyd,34659123
399braydeng,34659124
399jahnp,34659125
399henryh,34659126
399ann,34659127
399aydenw,34659128
399angelov,34659129
399hait,34659130
399keanuc,34659132
399aubreep,34659133
399abrahamw,34659134
399vincentv,34659135
399raymondd,34659136
399johng,34659137
399gerrenl,34659138
399antonion,34659139
399andrews,34659141
399dannyn,34659142
39010079d,34671159
399andrewh,34671344
399jermiahd,34672112
39001173,34692677
39007604,34692685
39001140,34692688
39006821,34692693
39005739,34692698
39011373,34692703
39005198,34692708
39005324,34692722
39005203,34692725
39000892,34692731
39009684,34692736
39004589,34692747
39021685,34692754
39016317,34692765
39009213,34692769
39024873,34692774
39012663,34692777
39002888,34692780
39020348,34692784
39016841,34692823
39000780,34692833
39007664,34692838
39016026Gis,34692840
39001146,34692868
39006054,34692873
39004754,34692877
39011385,34692886
39001205,34692891
39018895,34707802
39017911,34707838
39001136,34707844
39016159,34707878
39016807,34707899
399adlerh,34709422
399chloev,34716135
399hadrianr,34716136
399ryance,34716137
399russell,34716138
399alexac,34716139
399nickm,34716140
399devins,34716141
399marleyf,34716142
399clairen,34716143
399lanetteh,34716144
399destenr,34716146
399rayk,34716147
399christopherc,34716148
399jashanjotm,34716149
399safanil,34716150
399kymanim,34716151
399yareda,34716152
399jocelyna,34716153
399owenm,34716154
399iselah,34716155
399aaliahr,34716156
399myronw,34716157
399tristenh,34716158
399brandont,34716159
399ryanw,34716160
399nebaia,34721858
399amanialf,34721862
39022613,34737511
39016123,34737516
39018897,34737521
39001637,34737527
39001398,34737534
39baloohtc,34739649
39000083,34741311
39004130,34741485
39015735,34741489
39008682,34741610
39015644,34741639
39002584,34741720
399diegom,34742034
39005193,34745159
39005193s,34745171
39001308,34745175
39005190,34745226
39006940,34745233
39005205,34745239
39008857,34745278
39007169,34745287
39019709,34745305
39007013,34745310
39005223a,34745317
39009494,34745323
39005227,34745330
39023789,34745340
39001457,34745345
39022744,34745389
39023038,34745395
39023320,34745401
399jeneahc,34759940
399devonj,34786388
39756,34786393
399camiloc,34852282
397560,34901250
390107231,34901772
390110274,34901787
390106809,34901789
390108854,34901795
390107840,34901808
393351,34902605
390625jori,34935681
399taylor,35035156
399stevenc,35101136
391326,35105158
39015753,35110928
399adeny,35136349
39469JRS,35185746
399aidena,35229707
39slesmanatees,35270180
390536,35332977
3922956,35403238
3906708,35403255
3935645,35403377
399altaft,35478692
39253JRS,35484134
39657JRS,35484205
39516JRS,35484220
39265JRS,35484265
39268JRS,35484340
39996JRS,35484449
39336JRS,35484494
39335JRS,35484509
39371JRS,35484557
39397JRS,35484629
39400JRS,35484642
39410JRS,35484659
39417JRS,35484697
39442JRS,35484707
39444JRS,35484714
39653JRS,35484719
39350JRS,35551343
39985JRS,35551358
39imagine,35566907
39614JRS,35652258
393370,35682333
393886,35682395
390031,35682402
396576,35682438
392053,35682496
393908,35682512
398413,35682529
393915,35682547
399792,35682557
395418,35682568
395421,35682580
395428,35682605
39007355,35702062
3900838,35727907
39500JRS,35798199
39036JRS,35798216
39850JRS,35798593
39815JRS,35798595
3936259739,35901856
39OMGTech,35940723
399josephb,35950315
399priscillap,35950363
399josephba,35950389
39023765,35952605
39008761,35953649
39EMIRHAN,35982615
39888JRS,35989354
399bernardom,36007558
39royal2018,36013824
39royal2017,36019278
39013504,36027092
391546,36051191
399lailad,36053268
392422K,36169502
39VILLA,36210092
39Silla,36241931
39URSUA,36244580
391925,36297870
399AmeSeij,36332815
394998,36504587
399chimebukao,36528494
396582,37455076
39VITERBO,37463373
393912,37562128
393913,37562141
393917,37562156
396419,37562168
398470,37562180
394872,37562196
39smedenelev,37592095
393kes393,37669914
39TERUEL,37685095
39SILVA,37690658
39AndABit,37740444
39pd5678,37764651
39NEQUIA,37806538
3999331,38049242
39218JRS,38381673
39461JRS,38381679
39462JRS,38381682
39215JRS,38381690
39Paraguay2018,38435881
3900646,38454938
3902926,38538889
39SO,38595820
393jasthin,38764064
3930631,38822564
39king,38859454
39027wei,39001468
397725,39006321
395494,39006355
395085,39006367
394820,39006436
394646,39006470
395275,39006474
395464,39006495
395647,39006519
3992289,39120960
395482,39161509
393547,39161540
394844,39161546
396074m,39161626
395244,39161627
394104,39161639
393585,39161641
392345,39169179
395162,39169224
393567kb,39169237
396918,39169251
395700,39169261
393556,39169263
393371,39169282
396330,39169287
395152,39169296
395221,39169298
396037,39169312
396330lily,39169993
395221kam,39179666
39CluesForever,39352118
39031502,39412806
390055506,39413000
39ZubrynJ,39689405
39ScreatonC,39689596
39AllenC,39689789
39BoyleJ,39689811
39ProutK,39689910
39LeeP,39689926
39gormanc,39690000
39CameronA,39690031
39MacLaurinK,39690047
39BellmanC,39690050
39JagtapR,39690057
39jacobs,39690067
39MielkeN,39690076
39MongrainE,39690089
39PapkovD,39690090
39BlytheA,39690091
39KyddG,39690104
39SiletskyR,39690105
39BurnsM,39690110
39CassidyB,39690126
39BlinnE,39690148
39Nadjiwon-FosterC,39690179
39AidanE,39690809
39GreeneA,39693742
39GoddardB,39693899
39PembertonK,39694093
39Hamelin_L,39694108
39aleckO,39694113
39ClarkeS,39694118
39NixonK,39694133
39FregusonJ,39694143
39HubbardE,39694145
39WarnockI,39694148
39Hamilton4,39694152
39BrearleyJB,39694153
39Sauve-MooreC,39694162
39MalloyM,39694163
39SmileyA,39694228
39TheriaultD,39694253
39StorkJ,39694262
39WellmanGreeneK,39694285
39dodgeJ,39694286
39IrvingP,39694362
39013508,39695314
398093,39697765
394334,39697786
39PanR,39703814
39FiarchukT,39726375
39CinnamonA,39730387
39059001,39738704
39BellN,39766795
39utopiarayvictory,39922383
39games,39924760
399briannah,40056664
399tatianaa,40056665
399joshuad,40056666
399tyrahl,40056667
399jennyc,40056668
399deeganm,40056669
399chrisb,40056670
399jaydent,40056671
399lazark,40056672
399leannaw,40056673
399sophiam,40056674
399adriana,40056675
399zachb,40056676
399tameerw,40056677
399alexanderm,40056678
399nicoleh,40056679
399zackr,40056680
399sebastiano,40056681
399caelanc,40056682
399meront,40056683
399aaronb,40056684
399miab,40056685
399samuelg,40056686
399alext,40056687
399johna,40056688
399gavinha,40056689
399michaelg,40056690
399jamiec,40056691
399ethansi,40056692
390114536,40139625
390114940,40139626
390115641,40139627
390116531,40139628
390113699,40139629
390114189,40139630
390111760,40139631
390112559,40139632
390118549,40139633
390115840,40139634
390110794,40139635
390110793,40139636
390109617,40139638
390115778,40139639
390113876,40139640
390116869,40139641
390115823,40139642
390114184,40139645
390115348,40139646
397929,40166851
396827,40166879
399239,40166880
399sabastiano,40170756
399camerons,40213788
39phoebei,40214524
3942879492,40269616
39589bjo,40300341
399quintone,40307305
392298,40422336
398266,40422341
396826,40422359
398485,40422403
394655W,40422404
396650,40422422
393815,40424288
397NN2009,40455438
391137,40472940
397198,40472979
398088,40472982
399329,40472987
394551,40472993
394411,40472995
398098,40472997
3969234727,40519581
39PanRach,40616180
390AC_729DL,40675346
3994362237,40677228
3981945212,40677531
398204,40702750
392313,40702816
39246625,40828070
399dustyl,40842914
399jasminea,40880738
399jazminea,40880755
39953cou,40913077
39995gif,40913188
3916641344M,41054119
397006,41259529
394389,41259555
396128,41259565
398256,41259580
393191,41259585
399ryleng,41427241
39U,41438379
396emre,41465799
398AhmetBerat_07,41468453
39n7,41519316
39932kid,41556756
39yangzheng,41569840
39__,41584125
3939jamesyi,41593287
397_KAAN,41606402
3957912,41704361
397872,41815137
39039339,41851761
39Io,42083292
39nikve,42172292
391519,42250175
390128537,42292283
390117628,42292388
390117922,42292421
390120594,42292438
390120582,42292450
390120580,42292492
390117446,42292501
390117930,42292524
390120588,42292539
390119138,42292551
390120592,42292568
390120584,42292588
390129302,42293093
390114793,42295673
390120600,42298263
390117449,42301507
390117832,42301538
390120578,42301569
390120572,42301598
390120359,42301612
390117670,42301630
390123250,42301655
390112916,42301679
390117742,42301715
390121562,42301737
390117445,42301758
390125032,42301771
390128413,42301795
390129183,42301824
390115000,42301837
390120603,42301870
390120597,42307330
399kaiyung,42490823
39498959,42629195
39z,43761367
395154,44057863
39103372go,44160648
3912629,44169614
39102629,44169799
39F,44228326
399zachbi,44488215
3903562spsd,44791034
39e,45180595
390109175,45184538
390111248,45184541
390116932,45184542
390113619,45184547
3924548,45251220
3942640,45251265
3904369,45251312
3925551,45251390
3932339,45471010
3935258,45471034
3908687,45471092
3923049,45471198
3919684,45471447
3900537,45473768
39M,45633166
39_2nd,46329973
3925704,46432080
39toey,49811464
399rubenc,50126352
39275jrs3,50156184
39017316,50234175
39009637,50234180
39007473,50234182
39009549,50234184
39012529,50234186
39011680,50234187
39013899,50234188
39006226,50234190
39021536,50234192
39013341,50234193
39012593,50234194
39005984,50234195
39013534,50234196
39012452,50234199
39021984,50234200
39023110,50234202
39006210,50234204
39006212,50234223
39014802,50234260
39016804,50234285
39005008sc,50234512
39250jrs2,50296263
390193,50412086
3901680val2,50419952
390302,50649742
39003389,50824726
3941598821,51314162
3910fiona,51314531
392768,51443350
396107MM,51596395
3936651779,51639937
39101670,51669566
3914658223,51676831
39612Mal,51774649
3974436952,52191894
396564,52278205
395241YA,52406727
3954ke,52448264
390120437,52794664
390117060,52794667
390121553,52794679
390117466,52794972
3986jc,52816256
391406,53181527
399g66,53517234
390111229,53686627
390107918,53686629
390110362,53686630
390110598,53686631
390131177,53686635
390110929,53686640
390112018,53686643
390110795,53686653
390112132,53686658
390113694,53686665
390110927,53686667
390112562,53686669
390110923,53686673
390113688,53686678
390110922a,53686787
390110929y,53686999
390111229a,53687355
390110927y,53687422
390115478A,53687639
390110793A,53688301
390114410,53688303
390110260,53688304
390115840a,53688306
390115823A,53688311
390115778a,53688324
390113699a,53688721
390116531ae,53689424
391s9,53834750
391s8,53834751
391s5,53834752
395071Red,53955901
391634,54296450
391s10,54377582
397230,54407565
39480948459458_-,54470163
39saku_chan,54555742
3992kaesen,55296876
3991max,55299949
3981GB,55683903
39q87409837409,55735569
396877,55822948
395798,55833261
39Aa,55900491
39373sch14,55926289
3943881369,55928037
39sho,55957599
398565,55969134
39001FON,55974596
39jussery,56330782
39B,56519311
39-chibant,56640989
390ak49,56651433
394353564,56667609
395kaan-kaanospatos,56817431
397-Kaan-muhendis,56827798
3927207,56894859
39subaru,57303251
3944068071,57333907
395592,57502334
39102969,57805878
39DHOWARD,58310380
397omega,58612253
39021080,59160844
39035couwcdsbca,59198320
39q,59635134
39ever,59679053
398omuraisu,59739824
39qStatus,59755692
39qq,59756504
3974jc,60019862
39_Music,60505624
39hcsACNHKssapis,60727949
39916student,60914769
39aluScratch_CPR,61113504
39cluesofpower,61120478
39i,61391297
39024661,61418142
39h,61420363
39hammer,61601864
39876uiro9,61804635
3930385,61958445
39kyoto,62071901
3930385_TEST,62136173
39684class,62223889
3957153,62576089
396almonds,62733862
393282,62864137
3954kc,63478562
39aren93,63489290
39_dinos,63918559
39Jenny-teng0327,64250088
39Jenny,64250351
3930385_TestOfTest,64411581
3930385_TTT,64411667
394413,64460031
39Tio,64504139
394446,64590015
397053,64640219
396766,64640444
393441AH,64640763
397053DS,64641489
394617,64924750
390048,64924980
395947,64925342
392670,64925624
399726,64927194
399873,64927330
392589,64927453
390072,64927663
398388,65078597
3930385_FAN,65229435
39006378,65354157
398089,65407265
394082,65551068
39607716,65604146
390282,65679142
3903pro,65809729
3955952,65842767
394194JK,65970157
393152HH,65970158
393811RT,65970163
394155AG,65970167
394490OV,65970168
393195QL,65970169
393094KA,65970170
39885845,66191764
394348_hm,66191806
3937ea,66191822
394655ML,66191944
3998pro,66217710
39-orange,66380314
398478,66513722
397ceren,66672632
391sule,66672647
394cemre,66672649
39oak605,66776389
39k,67054947
396314Altfortesting,67089517
399354,67598105
39kos,67965305
39_5h,68093572
39-5h,68094299
39KJayRay,68174754
39ec,68177928
39011220,68471233
39sg,68590131
395841209380,68675582
391634alt,69032247
3969389798,69072730
397170,69359651
398799,69592826
394485857,69648622
39320329302,69669467
39good,69712581
39-,69859654
3960970,70180206
39852AND,70561082
39panthers,70642765
3948tea,70694704
39018319,70774042
3901jun,71075775
39hame,71219800
394MELEKIKRANUR394,71505267
393272,71909676
398297,72154666
39018814,72331741
39018813,72332254
39EEYY,72335661
39s,72436235
395796,72654233
39o,72757680
39w,72757915
395873895,73093821
39legos,73215916
39137,73259708
395-Alper,73276767
390111673,73533641
390759kanelandorg,73736033
39rp39,74302958
397egecum,74447948
39l,74681991
3955952_alt,75222852
39xuxa,75618146
39c,75794289
39d,75794417
390975,76214721
390120824,76521038
39VeraA,77404679
39VeraAF,77475156
39MELIN,78120417
39843783478932,78364564
39kakeru39,78393357
39673TTT,79194940
39mo,79438887
399491,79645281
399384ivan,80108892
399338buri,80113134
399406alo,80113150
399338bur,80274482
39-Hour3,80310607
39-Hour4,80310653
39480948459458_-2456,80313071
394186cal,80473142
394186cale,80473293
394semih,81270677
395sena,81271225
39400stu,81480405
39samira,81693500
39Music,82330251
39408w-98-4p0485092,82340201
39391515,82915845
392371,83270471
394-esfiya,83320782
39HY,83839350
39v,83856564
3967486539346BM,83941369
395e,84017646
39_Chanya-own-world,84018832
39000913,84090020
39128_the_friend,84502462
3936foxy,84569548
399rainbowroom,84766183
397232,84776987
399rainbow,84842799
39j,85266587
39-panda-en,85271837
39-panda-cy,85271841
39-panda-ra,85271847
39-panda-as,85271851
39-panda-sc,85271860
395492,85285879
395493,85286084
395501,85286150
395492A,85286412
395503,85286442
395500,85286464
395502,85286468
395499,85286567
395500A,85286664
395495,85286732
395600,85286923
395497,85287011
3956906,85287078
395491,85287202
3956908,85287231
395494A,85287262
395603,85287294
395500B,85287346
395601,85287358
395503A,85287386
3956905,85287524
39504A,85287747
395602A,85287801
395500C,85287898
395494b,85316559
3956907,85513643
395503AA,85531471
3956905A,85537382
395494d,86197352
397_230,86455988
3942putnam,86537952
39563354,86626611
396154,86899205
3904339coder,87029520
397140,87089813
392696,87095070
394088,87114135
3948781,87114310
394221,87114395
395984,87118394
393843,87118420
3972238436,87345983
39N,87573178
39204292,87841211
39gipps,88178890
3909FD,89333387
39BurgundyCoder,89636367
3949443452,89839379
3939aaa,90475503
39TMSGolt,90759620
39thescratcher,90975193
393IsYou,91171582
395Scratch,91629575
3993a,91687292
3987a,91687310
3984a,91687326
3991a,91687330
3969a,91687339
3975a,91687359
3968a,91687392
3996a,91687408
3998a,91687411
3985a,91687417
3992a,91687426
39HY2,91731395
394685giraffe,91980027
394685giraffe60,91980315
394685giraffe6060,91980994
393939aa,91989390
396-yigit,92376042
396715,92952121
395730,92952145
3964639646,93000952
3939mikumiku,93048444
393726kc,93191509
392728,93360775
394jrhgfrjk3hg,93482614
394_nisa_B,94160852
39hatasi,94214389
39Not-Tell-You2,94232279
397rettOcitcalaG,94358966
39-laiane,94433276
393267,94697884
397870,95028507
39014269,95413584
390r50654,95479455
39015223,95810072
39-ketlyn,96889586
394097,97560110
39chocolatelover,97957755
3939sakuto,98087066
3984tr6gh9ew2,98188804
39738,98472154
392049300,98494097
398poito,98500917
39HY_Resources,98643232
39-erika,98762961
3939ringo,98865604
3930739307,99601554
39bmoore,99721605
397213,100198845
3989039890,100414429
3922039220,100482041
3971NQ,100509571
398619,100954554
39Fan,101054748
396samcs,101145743
394595,101233420
3967aksha,101603534
39008080,101667595
3965287,101844060
390390E,102130524
392677kt,102470129
39tatirou,103389594
39pandamc,104483213
390334,105326987
3992AD,105334205
3900SV,105672817
39beiq23,106234680
39chad23,106234687
39dang23,106234697
39devb23,106234700
39elec23,106234709
39elid23,106234732
39elig23,106234745
39evej23,106234752
39flop23,106234762
39hals23,106234770
39henm23,106234783
39jaca23,106234796
39jahr23,106234807
39jaia23,106234816
39jayt23,106234829
39jonw23,106234837
39kadc23,106234846
39kevp23,106234858
39levk23,106234869
39liaa23,106234881
39lucm23,106234891
39lukm23,106234901
39mank23,106234911
39mayn23,106234920
39milp23,106234929
39myrp23,106234938
39nicb23,106234951
39oweb23,106234957
39raip23,106234962
39remg23,106234969
39riyr23,106234977
39riyp23,106234985
39ruhm23,106234995
39sahv23,106235006
39shos23,106235016
39sohp23,106235036
39step23,106235043
39taym23,106235047
39tiff23,106235050
39tric23,106235062
394056,106330084
39109228,106370168
392023,106487414
39250,106703571
3924139241,106703592
39236,106703625
39225,106703642
3922239222,106703661
39221,106703743
3920739207,106703810
3920639206,106703842
3931839318,106703875
3925239252,106703925
399banglafilm,106751634
3954339543,106821662
39af0,107129860
390326,107307197
397561,107380179
39_kazuma,107387164
39599Nobbs,107722083
39518Yeats,107722214
39475,108000588
39TH,108630957
39319ldcsborg,108807657
39687,108962801
39IRPACLC,109084822
39-JW,109636032
39spidercomic,109788928
39slowsloth,109788938
39stork,109794934
39alunojw,109868453
39sgccaa,109946596
39sgccesmm,109946597
39sgccec,109946604
39sgccmy,109946610
39dingbell,110017170
39slowworm,110021719
393mab08,110117240
39659_,110148960
39663_,110149057
39248_,110149174
39281_,110149221
39246_,110149276
39243_,110149310
39442_,110149449
39271_,110151535
39874_,110151613
39223_,110151683
39274_,110151730
39269_,110151835
39dog,110364848
396evannroblox,111547462
39couto_8a,111909659
3941ospa,111937156
39838882jonothon,112092726
39_days_with_moose,112396485
3920481hkdjfsahf,112576769
390kiichi,112645110
39www,112910099
392_391,113171925
39luara,113188148
39home,113510047
39schittiprolu,113988606
39morgana_,114109864
39871_,114318475
39257_,114318555
39291_,114318729
39247_,114319102
39216_,114319574
39ej3o9kka3,114569032
393chan,115115357
3930layla,115254976
394064,115465719
394065,115891210
394067,115939825
394068,115939944
3910HSG,116563436
39ph,116661741
39mariae8b2023,116783705
39_727,116845476
39_mikufan_39,116857566
393chan2,117218230
3910saki,117348077
399-sab,117701234
39klee535,118369939
39bli598,118369940
39yliu483,118369941
39nzha761,118369942
39lhon542,118369943
39ezha851,118369944
39hsu556,118369945
39vvuo585,118369946
39agau531,118369947
39rlim812,118369948
39txio273,118369949
39eduo536,118369950
39mson270,118369951
39asal682,118369954
39kwon518,118369955
39ola537,118369956
39cche720,118369957
39rgue370,118369958
39ccao780,118369959
39nqua525,118369960
39ache563,118369961
39bche368,118369962
39yfen461,118369963
39wyan524,118369964
39kchu538,118369965
39hyiu668,118369966
39jhe374,118369967
39she715,118369968
39sher584,118369969
39lson756,118369970
39clu968,118369971
39ktra758,118369972
39yzha896,118370060
39_santos,118396525
397982-vbstudents,118938991
394392,119033072
39RaT,119677229
391Coder,120660598
3927sidil30,121088900
39lucasmatheus,121314767
39-BURIED-0-FOUND,122084805
39mimi1mi,122545287
392srtheem,122604124
392ipokleqw,123379681
39_suchi_93,123886260
3948_sakusya,124025854
39rosslyn,124174810
394859,124293985
39183125_Circle-,125202626
39849714,125997220
39stacV,126715398
39eoeie9ode9oe9e9e9e,127039569
39L21Poly,127813883
393chan666,127853225
399d64ff,128114090
39keyboard,128204026
39buried0foundspooky,128440311
390Joey,129014361
391Joey,129014445
392Joey,129014449
393Joey,129014456
394Joey,129014463
395Joey,129014473
396Joey,129014484
397Joey,129014489
398Joey,129014495
399Joey,129014504
39oyasai,129105862
3917569,129730993
39gl2032,129877442
39-7c-2024,129923971
395548,130294585
391079-blakeFentress,130700012
39-VuTuongViDTC,130723142
396978,130966381
39misosiru,131186452
39tacos5fish11,131235415
39580_3,132443572
39clues4EVA,132558781
39OVgMidSgCe,133155719
399TGR,134237550
3912MUHAD,134542458
3939-miku,134556401
39lovesPotato,135293637
39fm7b,135868734
393492,136158367
39TVLURSO,136192296
3911knicks,138997445
398olol,139944355
39end412,140093000
39username39,140665225
