47fg74,49231
4734,62221
4796,62227
4757,62241
4768,68667
471,151566
470,220544
472749,288112
475,323742
47574,473743
478,590883
478mickey,616881
472411577,660663
4756,736318
473,856327
474102206,881636
471592823,944619
4782242,986467
47152,986992
47989,1008010
47925,1008032
47357,1008941
471963991,1091632
47Mack,1184124
4720skes,1184818
4708skes,1184826
47014,1198310
4785,1254184
4755HP,1255904
47153,1837474
470844613,1980095
470661584,1998446
47239823,2029818
476488599,2191659
47961,2230356
473437249,2302073
476466607,2322348
47076,2343827
47949,2609104
474648094,2623638
4771,2630708
4789,2755874
4713,2874648
473782,2878859
47106,2922188
47227,3034412
4742,3046543
47Fame,3117600
471839_2,3179059
47529701,3237086
4718525,3243830
4723,3532060
4700072,3558207
47otter,3561814
471589,3601352
470361070,3690975
47756211,3714046
479379,3811155
47savage,4003571
4736001,4017941
4732yoloswag,4175905
472893795,4310064
4740003,4369899
47sarcade_,4525080
4737,4581562
4765,5149256
4706835,5420644
47768,5692992
4746088,5991534
4700,6111376
4712769955bae,6477650
475975055,6658814
47584029tjdus,6762978
47462729,6807268
4704noah,7021762
4755creator5574,7143494
47581,7397056
479719506,7398624
4777barlow,7501062
4758,8724798
47356,8953754
47716703,9346112
479,9552454
474,9916662
4745783,10003396
4714708jd,10173316
47_ang_ramirez_f,11538782
4752NB,11949676
472,12010136
4704rgdfhgj64564,12244604
47NSP_uczen7,12453720
470damani,12649796
47U,12823008
471556,13095898
47403,13155366
47578jhcdjhb,13576472
476,13583516
4765857686762,14100689
47810,14311941
47pokemon,14711511
476326,14910449
47368,15697204
477,17199218
47theHulk,17314697
47tri,17658530
472004,17884659
478758,17902842
47Platinum_,17914394
47j,18007083
47_kromosomer_XD,18248814
472570HWMS,18400184
47Anna,18493129
4725633658,18598094
4778580960,18599158
4724474354,18599164
4752172178,18946500
4799563912,19023345
474052,19083539
472930,19085668
4749227536,19126552
4741993752,19153405
4734668744,19227672
47blue2017,19291379
473048,19293589
472562,19293601
477473,19293604
473036,19293608
477339,19293612
476866,19294559
476609,19294568
472803,19300035
474154,19300036
477888,19300042
477662,19300047
470963,19300048
4745956649,19347065
472485,19367790
477371,19377372
472260,19377446
479479,19429051
471019,19456420
476605,19456431
476604,19456432
470429,19456433
470403,19456437
478693,19456438
471234,19457007
473020,19457027
478345,19642328
477531,19642333
477357,19642340
477345,19642342
472690,19642348
473355,19642353
475015,19644719
474131,19644727
472344,19644737
475758,19649494
474104,19673370
476436,19673373
475495,19673381
475232,19673385
472471,19673597
470029,19673601
476486bsd,19674124
471630bsd,19674874
472277bsd,19674876
475863bsd,19674877
471529bsd,19674879
476476bsd,19674889
471286bsd,19674895
475928bsd,19676638
471305bsd,19676643
470027bsd,19676645
477627bsd,19676650
472594bsd,19676654
476680,19676741
47y,19685077
47185501,19892732
4739385716,19925207
470929s,19943874
470602,19944629
476140s,19944632
470882s,19956029
476638s,19956030
471570s,19956036
471245s,19956045
470801s,19956073
470547s,19977071
475990s,19977075
478227s,19977076
479042s,19977142
475057s,19977237
472989s,19979127
476643s,19979142
477601s,19979143
477174,19979159
470519s,19979160
477498s,19979188
477601,19979235
475809s,20009437
474823s,20009441
479041s,20009465
470374s,20009471
472689,20010866
478124s,20010981
471121s,20010986
475083s,20010989
478138s,20010997
4712426519,20011200
47smallmangoes,20041091
470417s,20041200
476733s,20041213
470416s,20041232
474815,20041239
470789s,20041247
477697s,20042776
477812s,20042801
471860s,20042809
475881s,20042869
478895s,20042883
471327s,20042967
470455s,20093137
471013s,20093190
477388s,20093199
470484s,20093258
477941s,20093325
474185s,20093501
476107s,20096068
476650s,20096172
472079s,20096378
473951,20096569
478694s,20112533
477Scratcher,20119288
477570s,20173305
477867568,20173961
477182s,20187070
472581,20303335
475897,20303340
477885,20303342
478170,20303348
477116,20303351
478613,20334941
475128,20334954
477109,20334958
472115,20335282
478657,20335286
472779,20335287
472402,20341387
47259667,20361444
470553s,20365613
476651s,20365682
470890s,20365732
472511s,20365783
472785s,20365786
471433s,20365853
476648s,20365941
476536s,20376189
470377,20376194
47b,20441814
474274,20458306
47owls,20578840
470750514,20594982
474122s,20609417
475893,20629163
478021,20629173
478836,20629176
470681,20629178
479414,20744831
479271,20750776
47479PEN,20835565
472172,21034288
470578,21034298
470361,21034300
471087,21034303
474157,21034549
472184,21034551
470359,21035711
472626,21035714
473283,21035715
472331,21035720
4773953985,21121193
4797442425jadon,21121799
4739545861,21134829
47811,21191652
47862,21191656
477885sh,21213236
47492,21217098
471434,21220844
47510,21273252
47840,21273259
47745,21273260
47863,21273265
47739,21273274
471432,21277965
474282,21278033
479783,21368580
477766,21369204
472168,21369958
476024s,21378789
476645s,21381007
471242s,21381021
472769s,21381131
479417s,21381170
471438s,21381186
476815,21382715
4750britt,21506466
4774BelleBelge,21506514
470252,21514748
4791_marthe,21528148
4789_Irena,21528169
4747Booshy,21528208
479141,21598435
47529VAN,21601830
479632,21687546
477214s,21717368
475543s,21717371
475417s,21717375
471041s,21717407
471985s,21717431
479439s,21717458
479337s,21724290
477796s,21752698
471585s,21752723
476732s,21752749
477567s,21752760
479609s,21778187
474815s,21816703
479599s,21816796
477439,21816852
470517s,21818360
479981,21868317
471476s,21898695
479708s,21898822
479659,22048795
479691,22049796
479330,22050182
471478,22050492
472785,22081664
479338,22081802
479042,22160930
479550,22162375
479484,22162452
471477,22191303
476645,22192676
479739,22193134
470479,22193183
477439s,22222008
477057,22222175
470517,22223398
4791866975anthony,22255879
47annak47,22302564
479882,22326913
47337,22461702
476627,22743220
477256,22959245
479638,22988975
479976,22989060
479882s,22989176
471477s,23059027
479739s,23061128
478895,23091999
472079,23123867
474647,23238091
4769655762,23311301
470318,23421810
477837,23421824
476204,23421828
479779,23421928
471770,23422115
471193,23422129
475280,24033165
478098,24033178
473932,24033203
4782348398,24186220
478426ND,24200743
478426345,24200859
473602463874643,24282292
473602463874643998,24282549
4783,24391365
47576,24786196
4798819565,25177248
472380,25291328
478800,25304543
4785565942,25416594
47207,25511959
4733223862m,25532639
4759913637w,25538939
47341002,25651276
470029759,25882963
476839195mj,26081577
477473c,26167050
473036C,26167066
478269C,26167072
470962bsd,26309291
47025,26336298
473949bsd,26341201
477764bsd,26341204
473667bsd,26341214
477510bsd,26341222
472755bsd,26341227
476120bsd,26342162
47-,26441902
4745654235,26477407
47328,26533784
47319001,26567410
47923,26603021
475073,26884778
476763,26884797
474965,26884847
476759,26884986
4729484568,26892856
47nerrrrr,26978141
47gigglyme,26986789
470026910BriG,27011773
47158222,27018548
478311,27039118
47T,27083079
473696,27113309
476762,27115124
476608,27115140
476348,27115251
476348G,27116645
475050,27155943
475072,27155998
475062,27156042
475060,27156068
474981,27156098
476235,27156108
475051,27156111
472328s,27333194
472328,27339678
475084,27367558
4790422s,27374678
472928,27376440
478711,27457879
472249,27457906
470142,27461626
479644,27522554
479220,27522663
479694,27522672
476782,27558812
47JK,27569007
47519ave,27624507
47603346,27747667
474981a,27783688
472274,27787870
471844694,27872091
47147501,27952363
47080001,27952367
477544,28025167
478011,28025185
471446,28057846
476030,28057847
477362,28057874
477560,28080766
471198,28080771
475161,28080774
476061,28080779
474978,28080785
476495r,28080786
476063,28080787
476036,28080789
470660,28080791
471935,28182029
47160000,28186256
470030353,28271348
47Zaina,28284454
4783673012,28510130
475062a,28647914
4752442345,28688908
479q230579,28870276
471626,29020741
4723831924,29547062
4786332437,29609405
47760,29651158
47759b,29651170
472301,29708457
4782317433,29825170
471116,29860517
472924,29860531
479033,29860533
479426,29861319
471399,29861325
478719,29861326
472578,29861334
477330,29861338
47065LL,29896921
471478s,29937926
4765781Blaze,30023162
473696mcpsmdnet,30024627
471608,30026377
47471,30040101
4795837554,30093534
472033,30102145
471354,30102175
477500,30145088
4710186,30152197
471_joh_castro,30205009
47sds2024,30257082
478844,30266647
479801,30266669
476641s,30266691
479477,30266700
471_jua_malavet,30270518
47k,30305293
471_Ale_fajardo,30346142
471_cri_samboni,30349926
478089,30351675
478234,30351681
470192,30351689
471754,30351693
477124,30351694
4757NickB,30440054
4739SR,30457026
479511,30529434
472870,30529437
479528,30529442
472237S,30589397
47r4gr4r74yr74yr74,30699514
477508,30805814
477508s,30805842
47857sto,30837523
478419J,30846543
475faruk,30930962
470288,30969282
477167s,31021660
479174,31061034
474404,31172892
475390234097258,31219313
47-LTEC,31229439
471448,31297441
470189,31297473
471550z,31297798
471893,31297825
471352,31297871
471221,31297897
475553,31297972
474775,31298018
479124,31299570
47509,31303515
470744068,31315718
471355,31369538
471827,31373651
479563,31373678
472613,31378824
47089001,31813964
47064502,31813976
471250,31814768
47472001,31993701
471838,32056368
4702591,32229640
4702300,32229644
4702520,32229645
474emojidog18e,32344606
47938,32369821
47589,32538675
478327847893289,32562008
4776ncs,32570036
4707ncs,32570546
4746ncs,32570574
4736ncs,32570601
47HasleM,32596119
478680,32795597
4730BR,32867450
47300501,32878799
4700170,32924263
4764679256,33645494
4778341244,33762236
4778341244HCES,33762872
4730BeckettR,33845306
47DigiKid,33910932
47Student1,34185329
47Student2,34185341
47Student3,34185342
47Student4,34185344
47Student5,34185347
47Student6,34185350
47Student7,34185353
47Student8,34185356
47Student9,34185358
47Student10,34185361
47Student11,34185368
47Student12,34185371
47Student13,34185372
47Student17,34185381
47Student18,34185383
47Student21,34185394
47Student47,34185397
4713368717,34555011
47baloojje,34739669
4759375939-40,34826169
4759375939-403,34826347
4759375939-4033,34826483
473822123,35070788
4739m,35104644
4709m,35105406
4700505,35230435
475Studios,35238015
47slesmanatees,35270192
475751,35388460
475552AK,35388470
476179ep,35388502
474739JM,35388518
472711do,35388528
475595JH,35388624
475279np,35388684
475340YA,35388686
47801,35532086
47imagine,35566886
476333,35576028
4781278876,35599785
47llama,35613182
47popcorn,35613197
47316503,35652679
470792,35728999
4702421,35745654
47F0w66ERt,35777865
47T67so4QJ,35778151
470288bsd,35789088
477905bsd,35789100
477340bsd,35789110
472041bsd,35789116
476479bsd,35789335
476587bsd,35789345
471337230,35790461
475552,35799244
47elenaalejandro,35864576
47elenalej,35866024
471102bsd,35912346
478825bsd,35912348
47262327gs,35914680
47OMGTech,35940748
4747J,35969059
47CAVIT,35982602
475751MR,36016952
47ccannon,36234018
47a,36234454
4730ryan,36279809
47034,36310911
47024,36313270
470024,36313418
4700024,36596547
47000244,36611742
470002442,36612074
47000245,37163369
47redlands,37407715
472008,37482341
476cbm476,37669840
478mrb478,37711540
4791222,37954154
47_Chromosomes,38103285
4717sunny,38232707
478543,38329955
47marlowg,38374125
47marcuss,38374482
47michaelv,38374515
47vmichael,38405367
47623312,38408837
47frog,38429375
4740Connecticut,38469632
474777,38566809
474847,38712969
474027,38713165
474026,38713955
470296,38729371
477367,38796036
47727,38796390
471146,38796522
47250239,38861538
475743treeyes,38887706
47875fur,39002927
47859mar,39002950
476590_CH_mrd,39203243
476587_KE_mrd,39203339
476599_bd_mrd,39203349
477603_RT_mrd,39203443
474881_EB_mrd,39213896
47ZZ,39244755
470320,39354289
47frog4,39460901
47283001,39470165
47133002,39728766
4784FCA,39879448
4787FCA,39879452
4763FCA,39879553
47369,40177109
479DALLAS4151705,40346708
4735137874,40427580
47Crazyperson,40435452
476599_bd_mcps,40466924
477114,40500651
47659728,40511444
470485,40546343
47jackson47,40582992
4788284987,40677215
47080,40753970
47052,40912320
4782sethut,40966273
476592,41041108
474711ecf,41060566
4782set,41060974
4782sethj,41098659
471917,41173134
47SFS,41176410
470551,41202315
470773,41202342
4752144450,41312336
472Nil,41468462
476azra_rena_rouge,41469156
47emre47,41474540
47yigitefe,41568877
470-Evgin_Kral,41574537
473575,41595221
470991,41628766
475852,41655352
476016,41655360
475039,41655372
474947,41655379
475255,41655383
475890,41655389
475858,41655399
477762,41655407
475054,41655410
476998,41655418
476100,41655424
475633,41655446
474418,41655455
477705,41655606
471971,41655637
471119,41655653
473943,41655682
473541,41655693
47l,41730750
471defne,41794614
47347vas,41849107
4731Maya,41897903
471405,42165420
47walker,43321077
477979,43764320
47miracles,43938085
478035,44058890
47001931,44163976
470120J,44672251
472844,44883291
471328,45092362
4770162,45477387
4747pika,45599797
4749821,46589147
47s,47714236
4738327493,49778462
479nl,49962041
47515bec,49977035
47yx,50090974
470027089,50318129
4791sneedham,50324499
47g,50896910
4789146316,50983770
474kg,50996676
477k9,51009421
47todoufuken,51202401
472033Am,51685166
474cooper12,51943712
47043thais,52158388
479978,52275481
4721936508,52619047
476554,53007949
477527,53064847
475797,53121030
472547,53124713
47why,53219005
476301,53715088
476836963,53743494
4733083444c,53805918
4783278,54148439
475156,54154443
477df,54546647
47royal2018,55586598
472931,55703543
475568,55706621
470037tl,55834938
475549,55838943
47322ame,55846132
4700723,55891906
4700928,55891910
4700934,55891919
4700932,55891921
4700883,55891928
4700879,55891929
4700953,55891931
4700896,55891934
4700915,55891949
4700870,55891999
4700723m,55892063
4700928m,55892071
4700902m,55892072
4700933m,55892074
4700866m,55892076
4700900m,55892077
4701184m,55892110
47009033,55892493
473597,55898817
473768,55898868
474790,55899116
4773748672,55928214
4700889,55949615
4700980,55992888
4700997,55992891
4700993,55992897
4700978,55992904
4700985,55992905
4700990,55992908
4701015,55992909
4701031,55992916
4700987,55992924
4701014,55992942
4701005,55992946
4700984,55992955
4701036au272010,55992962
4701026,55992965
4701082,55992973
4701020,55992974
4701030,55992975
4700913B,55993013
4701013,55993016
4700993I,55993022
4700993Is,55993204
473606,56099695
4700988,56099970
4701036,56100727
4700913N,56100935
4701076,56101046
4700913C,56101173
4700913G,56237916
47patterson,56338865
4700913J,56496899
4700913D,56501717
4700913Y,56501947
4700913S,56781391
470367hannah,56946303
470873aman,56948247
4736936,57010742
470Evgin,57078526
4787487645,57333889
47leo,57585789
4700467,57672016
4700380,57672050
4747yuma,57960468
4736251,58430577
4773829u,58449734
470470,59227454
47green,59898852
477026,60097703
47C,60281389
47greenblue,60316870
4727111,60349208
4758033,60596829
474JNOY,60877591
47aluScratch_CPR,61113507
472ForestGem,61439358
47f,61569068
478569483579,61806513
47826920,61892059
47_,62313447
479950,62743580
4715826930,63057394
470986,63099303
4786we8re,63441756
4779120,63611689
4765739,63901329
470396NC,64099135
476706,64217741
477171,64278435
4748878436,64284039
479852,64339611
47emir,64545426
47468748674867487496,64674491
47Roxie74,65375135
4771GreenArrow,65379177
474300MS,65652324
476005,66007359
474905,66009350
474883,66009352
475504,66009353
474896,66009354
478168,66009357
474886,66009359
474759,66009360
474679,66009364
477733,66009366
474881v,66009371
474875,66009373
471840L,66009375
475587,66009376
474879,66009378
477971,66009532
473906,66009533
474892,66009534
474893,66009535
479306,66009538
474884,66009539
474757,66009540
474756,66009541
474899,66009542
475173,66009543
476004,66009544
475712,66009548
478390,66009549
473124,66009552
477472,66009553
479891,66009554
475570,66009555
474900,66009557
474903,66009559
476503,66009560
474495,66009561
474891m,66009563
4787YMN,66055992
474358,66190026
4746301,66275532
474475,66571235
477sena,66669269
475243_Bellastar,66709714
476361,66709825
4796tg,67143352
4734528975680,67789849
47856347,67820068
4744645275,67945479
476489,68006132
47743,68062138
47289127,68114714
476023,68561556
4740s,68608924
47y5004387509,68654682
4732360,68814481
47547454777777755555,68945059
476566,68998219
47TacosLester,69002223
475243N_Bellastar,69091920
4742715,69296863
4737540,69296866
47Hugh,69465361
4713521,69525469
47Silver,69616073
472930andfreinds,69717162
4767567576,69773370
47mustangs2021,69842482
47I,69878755
476361-bunnystar,70052081
473694,70169974
47747474747,70346979
470828,70422989
47Amon74,70439550
47n,70683843
47597458765475049865,70932941
47BB00,71234365
475797_Test,71308427
478328928935634287,71600976
47127SAD,71751942
47E,71808462
474367547,72004947
4796274,72142912
474737,72275758
47475656656576,72514420
47tennis56,72573455
47ol,73177312
474796984,73200411
47rygewhb9,73653787
473_kartal,74039109
47coolman,74089385
47m,74263029
479332,74661991
47913,74886509
478yusuf,75095499
476yigit,75095629
473694thesecond,75818780
4724jc,75849222
4709jc,75849229
4722jc,75849242
4716jc,75849252
4714jc,75849258
4710jc,75849264
4733jc,75849266
4728jc,75849267
4747437,75925285
478c9h,76146108
475204738495245729,76231304
4784jc,76662586
4776jc,76662589
4778jc,76662590
4796jc,76662595
4780jc,76662596
4787jc,76662599
478379,76805406
476297,76805407
478105,76805409
479149,76805410
478102,76805412
475533,76805413
476947,76805414
475548,76805415
477533,76805416
475701,76805417
475460,76805419
475509,76805420
476178,76805421
475150,76805423
476208,76805424
476336,76805425
476599,76805427
475728,76805428
475536,76805429
475826,76805430
475737,76805432
475520,76805433
475516,76805434
475719,76805435
477688,76805437
476189,76805438
476500,76805441
4734834894,76884190
479tulip,78401424
477746bc,78458446
47kakeru47,78462517
475546457,78914280
474519,79009317
47987,79789061
472423VB,80012945
476723LD,80012995
475190AH,80013037
478546SL,80013097
474992HP,80031025
476679IP,80031035
477549JR,80031043
479976CR,80031052
479592CS,80031141
475906AS,80031162
477398JW,80031276
478532JE,80080271
479649KF,80080275
475003,80111812
471333,80220934
47GabrielA89,80221071
478198,80264605
472BlueGem,80357973
47094gh,80483153
47262ec,80518316
47720ic,80518335
47367jk,80518356
47284ch,80518424
47720Ci,80708372
47hackerinusa,80779705
47675,80987563
47390bh,81204285
47THEORANGE,81218444
47_Cxmerxlxnz_47,81747886
479566_elving,81806680
474640_sportsfolife,81870134
47452m,82399977
47452mm,82400112
471bjk,82471978
475sevgi,82585927
474arda,82585934
476elif,82585950
47chocolateBars,82627475
47v,82667204
47536adyson,82675775
47641,82676483
47590,82770251
475-eylulecrin,83320771
476ibrahim,83688899
4762095,84033086
4742511,84033088
4746197,84033092
4753206,84033093
4753944,84033096
4759102,84033097
4729760,84033100
4759093,84033103
4728607,84033106
4715305,84033107
4731364,84033108
4773348,84033109
4779514,84033110
4737394,84033112
4760021,84033113
4768466,84033114
4740277,84033115
4740169,84033118
4741109,84033120
4705814,84033121
4737023,84033123
4737324842,84377683
47h,84867367
4737324844,85769621
47earth47,85962362
475977,86549610
4747269932,86953405
476586,86954893
4776489449,87094414
47letters,87102272
47947n,87189910
47X,87422249
47sBaldHead,87513723
47uc,87572171
47d,87572841
47O,87573521
47R,87573523
47W,87573528
47Z,87573529
47P,87573561
47Q,87573563
47885,87651659
4741196,87742070
4741443,87743314
470daniel,87774930
47588-5875,87809292
47745wow,87952347
4700166,88102918
47wyjscd,88141844
47batfish,88642282
4702950,88665002
47grayFox,89118109
473711nom,89567311
4736337,89750457
47DC,89843565
4758269,90260483
473747374,90701987
47TMSGolt,90759622
47944njsd,91659302
479442neenah,92138645
47toot,92445817
4759thecreator,92703467
4749679,92763695
4750wen475,93276560
474arin,93359842
478478478,94008124
471718,94339419
4705002,96148877
472183,96209129
47110leroi,96814139
47463727828188,97450642
47104710,97827646
472thhrh,98468702
479332_Announcements,99015678
475695,99355558
475813,99355572
476449,99355662
47969E,99377813
477052ao,99983981
474JET526,99984069
478446bj,99984215
474573MW,99984611
479456cw,99984690
47BurgundyCoder,99989462
479232,99997649
476572AA,100056209
477729,100056510
478765469,100647795
4750891u98u98,100714654
4759u,100755456
473XYS-1001,100845066
473XYS-0101,100845818
473XYS-0106,100987052
477283,101231842
472957703,101394834
4761_YAHYA_123,101418622
47-alana,101877958
47elurpUi,102407632
47Cat2Dog,102454559
472651,102565992
476pingpong,102570998
476pony,102572048
4729473,103289494
47ryLALALA,103361397
47623,103510501
47_jinsei_owata_,103736503
4791858hamza,103893336
4711262,103893405
4711190,103893422
4713538,103893480
4713294,103893527
4719702,103893641
4711248,103893988
4791858,104072165
47_z,104911308
473132,105243979
474158,105442991
4786538,105973703
47596846,106110120
47302958,106133474
477k,106269252
4749VZSusyGOD,106281156
4734367w23415f,107646349
47392Vorster,107722094
47636Woolven,107722245
470is2223,107932758
476is2223,107932763
477is2223,107932765
472is2223,107932770
473is2223,107932772
475is2223,107932777
478is2223,107932778
471is2223,107932783
479is2223,107932786
474is2223,107932791
474075rs,107970464
471433RN,107970470
47800Lieu,108133797
47JSSACLC,109084457
47AM47,109420729
47636Woollven,109506702
4749VZSusyGOD2,109512620
47konn,109823009
47molelizard23,110017152
47crashwave,110037717
47oilwater,110109952
47Skeel_Issues,110822969
47_Brain_Cells,111060324
474fun,111435576
473904,112007937
47776B,112404344
47redoCnwonknU,112780376
47_Razorcar_47,113339728
47_The_Lucky_Creator,113350033
475823896,113596262
4700man,113678987
47cheese,113808348
47leandrod,114508915
47raceing458330,114586684
47raceing,114586951
475Unicorn475,115841878
47goldencoins,116319983
47cinnamon,116661182
47redpeach,117608187
47Jackson2011,117907463
47407rs,117928160
475656EMAN,117928163
47rfhbdcujqwik,118355873
47spacecamp,118382999
47R_q,118604909
47893,119133759
47688,119133760
47891,119133761
47887,119133762
47693,119133763
47687,119133764
47830,119133765
47805,119133766
47866,119133767
47867,119133768
47864,119133769
47868,119133770
47689,119133771
47808,119133772
47809,119133773
47846,119133774
47828,119133775
47829,119133776
47826,119133777
47827,119133778
47825,119133779
47822,119133780
47820,119133781
47608,119133782
47609,119133783
47603,119133784
47601,119133785
47880,119133786
47881,119133787
47604,119133788
47882,119133789
47686,119133790
47802,119133791
47694,119133792
47871,119133793
47873,119133794
47692,119133795
47874,119133796
47697,119133797
47876,119133798
47857,119133799
47698,119133800
47696,119133801
47850,119133802
47879,119133803
47839,119133804
47834,119133805
47915,119133806
47842,119133808
47814,119133809
47307,119134112
47302,119134113
47209,119134114
47204,119134115
47439,119134116
47202,119134117
47463,119134118
47201,119134119
47329,119134120
47364,119134121
47277,119134122
47282,119134123
47346,119134124
47320,119134125
47348,119134126
47288,119134127
47299,119134128
47392,119134130
47298,119134131
47433,119134132
47440,119134133
47419,119134134
47418,119134135
47390,119134136
47438,119134137
47415,119134138
47379,119134139
47394,119134140
47395,119134141
47397,119134142
47459,119134144
47316,119134145
47457,119134146
47377,119134147
47372,119134148
47354,119134149
47308,119134150
47336,119134151
47351,119134152
47334,119134153
47353,119134154
47286,119134155
47448,119134156
47423,119134157
47421,119134158
47426,119134159
47389,119134160
47388,119134161
47387,119134162
47383,119134163
47069,119134583
47009,119134585
47006,119134589
47002,119134592
47003,119134593
47091,119134605
47096,119134606
47079,119134607
47071,119134615
47070,119134616
47073,119134617
47075,119134619
47085,119134624
47086,119134625
47081,119134627
47673775,119142007
47gargantuanchives3,119166614
4756chris,119672611
47JlDs,119677197
4737BAM,120509219
477the,120801411
4756y,121498472
4768900,121625554
477000rawpotato,122240320
474894,122290699
47wolves,123846864
472charactersleft,124117195
4785791jg,124497373
473828282,124504697
47rage,124762488
47foden47,124837706
47ec,125388191
478777,125704100
47747874,125704542
4764Jaybo,125984138
4701NB2012,126360191
47AM47_WorldRecord,127519124
4735uj4yt9,127519942
4713874_miniprimo,127662092
471648,127938348
477311,128541349
47362897,129513123
47gl2032,129877441
477739992,130263501
47Coolguys,131581806
4720qw,131737373
4713qw,131737377
476970,134012609
4723647,134250854
473tst,135303828
4783450,137205431
47cheese47,137881255
47MCGURSO,138820434
47thecreator,139576736
470thecreator,141467068
