6811,47964
68car,79276
684,147307
686,192736
689,327502
6868MC,383463
687,399241
6852317,431534
680,499910
688,566334
68168113,674878
68448,734179
6850,734348
6844,738386
6879asd,755521
6813,756953
68549779,813848
6887sk,907508
682,915081
68681,989127
6828,991554
6893773,1051378
68786699,1055275
684839,1068097
6822eason,1135877
6872gha1,1157425
68CastImp,1793429
68009045,2045806
6828ggh,2155872
6810,2214289
68718,2226589
68748,2226590
681455,2499333
68kire,2610462
68243641,2645488
683069,2685733
682wildcat,2763070
6884451,2826429
681455_Test,2841480
681455_Tech,2843397
681455_Team,2843412
681455_Draws,2843428
6823,2846426
681506047,2869479
6808,2876555
684382,2897692
685232,2931144
6808_hunter,3047392
6807,3047396
6809billy,3047416
6812,3290399
68064,3310954
6814BO,3373039
68147,3537887
68nurrr,3549142
68Godwars,3737693
684837,3869910
6899zzm,3939057
68783,4054131
684350,4071019
688689,4073003
6890qopadb,4074133
687877,4183689
682750,4682315
686581,4682361
682284,4683438
682600,4814169
687233684,5728398
6889z,6070720
682005,6778548
684528,6821614
682674,6825414
683713,6831130
682592,7446266
68354,7462974
683741676,7533334
6856082231,7772254
68911dragon,7874430
684764217,8916128
683795217,8916130
683786217,8916194
6888es,8941634
6814Ethan,9464998
68371648,11464618
6880Cards,11620666
688281,11723064
689189_skinner,11825488
681KerOx239A,12551072
6849,12933756
683039,13521569
6897,13587373
684374,13821657
68847,14107558
683,14387981
689212,14573147
6819239,14750975
68kkrc,15009027
68lol,15683734
6826S,15849534
68K,16008508
681574,16094031
685,16139985
680585,16270240
680220,16586720
68536,16664538
68243,16716872
6863,16954648
68r,17430986
68653crowleyisdtx,18117633
68050,18118049
68196,18192224
681,18283029
6856cvusd,18329898
68Jayden,18493141
6840cvusd,18594910
6879CVUSD,18624557
6827cvusd,18650557
680GisRamo,18668831
6824cvusd,18689011
6841cvusd,18689016
6814cvusd,18689022
6851cvusd,18689057
680467,18795646
6847cougars,18799601
6848cougars,18799611
6849cougars,18799612
6878963826,18921823
6862296264,18930177
68489854686,18939852
6853cvusd,19031653
6856489587,19126733
6855744184,19155127
681931,19495546
681413,19495547
680386,19495551
680103,19495558
681723,19495565
680567,19512805
68edwardC,19526482
68JAA,19526541
68jessicah,19526549
68krishandkaran,19526550
68mehrk_marthajackf,19526562
68JuliaAnviAlice,19526566
68_HeeyeonHEvieC,19526569
68arjunalucas,19526571
68GeorgeJacob,19526576
68Aliceb,19526578
68ScottJake,19526579
68IsabelRain,19526583
68arushiandphoebe,19526585
68teambeijingfall,19526587
685686,19616335
6810107,19698134
6810093,19699400
6810092,19699401
6810090,19699402
6810084,19699403
6810096,19699404
6810095,19699405
6810094,19699406
6810116,19699407
6810117,19699408
6810099,19699409
6810098,19699410
6810100,19699411
6810102,19699412
6810114,19699413
6810083,19699414
6810118,19699415
6810406,19699416
6810104,19699417
6810143,19699662
6810147,19699663
6810145,19699664
6810152,19699665
6810144,19699666
6810150,19699667
6810146,19699668
6810157,19699669
6810154,19699670
6810158,19699671
6810159,19699672
6810134,19699674
6810135,19699676
6810136,19699677
6810137,19699678
6810123,19699679
6810168,19699680
6810132,19699681
6810163,19699682
6810172,19699683
6810167,19699684
6810166,19699685
6810151,19699688
6810000,19699852
68065003,19976934
6810106,19982487
681184,20039805
689207,20098183
68ford,20396865
68923,20528259
68my,20721871
68998,20787233
6800ahmetf6800,20863453
6857s,20892247
6858z,20892332
6840s,20892346
68374,20982844
6869426228,21059246
6847669314,21107592
684990,21126777
68249,21191587
68242,21191642
68kirbyk,21222408
684534,21345120
6816cvusd,21388765
6836cvusd,21388789
68520,21488097
683652,21563873
6861248371,21862535
682140MR,21900800
681217,21900826
688614klm,22208948
68994,22328135
6883467,22564428
684202,22663781
688751,22748604
684627,22853809
686547735648555537,23100834
6844sophie,23165369
682173,23242720
682817,23561317
68118,24043297
688781,24597326
68754321,24761403
68Zia,25268733
6833727589,25300124
6892698158,25322544
68josduran,25340700
68667,25356521
68459MS,25370913
68667CS,25370960
68381,25433376
68281PLCgirlLZ,25433421
68127,25433428
6878963826W,25539926
68338,25605671
68248001,25651269
68235,25979233
685909,26002821
685027,26035961
688618,26036338
685650,26121436
680667,26154711
682jgc123,26171062
68887smi,26215086
680896,26220403
68kcowles,26228148
686730,26253507
683018,26253986
687676847,26316900
682JGC1234,26319004
685340,26339573
688553,26347879
684593,26375261
684095,26530662
681290,26605671
686880,26606222
684611,26638816
685095,26800445
685155,26896687
68dylan,26925276
68770,26957078
68382,26957087
686034L,27157312
684120,27288747
68461rq,27375889
68779,27736074
68234,27746355
68820san,27750833
6871,27754596
680113,27850372
68366001,27948012
684686,28077905
687111,28077940
684686brayan,28131131
687270,28239132
6872700,28239390
683981,28239614
685CoolGirl,28305482
687806,28310095
684512,28351379
6878954,28582671
68954,28782347
6847423897,29547228
688024Blain,29588943
68H68,29651919
689aj,29710973
68606gin,29734715
68978jor,29734747
68515hei,29816688
68867657,29945466
68g678g677,29963626
68havvanur,30026217
6871949763,30093584
688544,30150061
684pika,30375214
6875150,30487877
687683,30504793
682533,30654221
685029,30839364
687264hi4,30955079
6868819765,31004790
6812753289,31049167
68fille,31093723
686470,31171258
684148,31233735
685b3ast,31936120
6825972316,31962979
68647,32160900
681778,32225160
68gyguuhoi,32306990
684ncs,32570044
680ncs,32570048
682ncs,32570051
681ncs,32570081
689ncs,32570583
689pizza,32950605
683041,33483903
68DigiKid,33990958
68baloopdd,34739492
6820bailey,34793079
6872587326,34945305
6872587326w,34945458
6855165184m,34991300
68626,35009232
6815835,35099802
6884839252m,35138544
6837,35266706
68slesmanatees,35270254
6866114586,35297355
684689st,35469241
684780st,35469269
683059st,35469326
689875st,35469355
681792st,35469406
684335,35469408
684309st,35469446
683671,35484547
684680st,35484573
684950st,35484574
682069,35484614
68imagine,35567112
689Magnolia,35765790
68884elmhurst205,35834412
68684512,35959752
68ERKUT,36149846
680100st,36224257
689879,36258138
68352503,36314166
6812018-19,37394241
6876098098,37398760
6896st92,38000229
68388,38027966
684277,38304601
684950,38366319
680926st,38366404
682140,38366461
687373st,38366470
682140st,38399117
68671ofox,38432944
68_cooldude,38449081
68state,38660439
68111fre,39002997
683470,39210321
68607,39248967
68hockey0040,39546590
68hockey00400,39853290
68hockey004,39947469
686574,40135635
687718,40214332
687908,40220055
68names,40227327
68778,40560186
68006zur,40670972
68220abr,40719685
68372vh,40759932
685890,40845166
688093,41042964
688824,41085722
68w,41132047
68734,41278614
686104101,41382071
68610405,41382353
68610404,41382354
68610407,41382355
68610406,41382356
68610416,41382357
68610414,41382359
68610403,41382360
68610402,41382361
68610418,41382362
68610415,41382363
68610409,41382364
68610410,41382365
68610408,41382366
68610411,41382367
68610413,41382368
68610412,41382369
68610417,41382370
68610401,41409790
68610419,41410360
680Berkicinar,41411755
68220abr7,41556425
6893294,41734608
688arda,41752132
68938,41915054
684pika_Hacks,42081687
6849kevin,42087445
689271,42267407
68192LG,42437042
68441XD,42437047
687136,42935338
686776,44295023
6892rb,45387574
6846308,45737305
6887zeynep,45756028
68C,49498002
68h,49783161
68pluss1isNice,49956729
689532147,49994771
685_C3NTR4L,50162926
686imagine,50215095
683imagine,50215103
688imagine,50215109
684imagine,50215113
689imagine,50215114
680imagine,50215125
685imagine,50215127
6826211017043431948,50299221
68262110Cw1,50299345
68827JackH,50542716
68819SamuelB,50542717
68815AnthonyV,50542718
68960EthanG,50542727
680784,50681250
686025,50681278
681942,50681315
685851,50681368
68kingofpant,51140772
68nzus,51756343
68_Jaila,51889834
687vjs18,52243228
68549,52318709
686asli,52889865
68MarsCat,52980138
68kuzeyyildizi68,52993530
6870009898,53140287
68e,53219284
68fuz,53634681
68-,54154901
687962,54433535
68tree,55742921
68_,55878043
6885597864,55945104
689RETSAMXOLBOR,56018758
68932,56293390
68g,56384965
686453,56406377
680727,56406380
686453a,56406422
6838BE,57034833
6838Ellis,57034938
68035873,57146968
6858826013,57333897
6826MrWong,57461717
684639,57717508
68897,58358497
688888,58494829
68hallr,58622129
6855556,58964953
6822stfr,59340690
680Sinan,59426393
6832791826,59732060
68897nosabuaka,59943122
68thDuck,60073139
68M,60247109
680games,60369581
68735576,60679008
68327,60723346
683_nuiean,60932948
68x2,62026267
68PES2025,63302009
68PES2026,63302156
6890-,63396501
68B,63505477
6865005,63660949
68888888847ftj,63786056
68hjtty,64294674
687rk,64880563
68AngWil,65350979
687679,65364641
6879000210,65627816
6810ap,65759280
68Bonks1,65806969
689muruvvet,65880004
6824maybe,65916983
68clongdc,66067193
685ceylin,66160239
682bulut,66160254
68birch771,66776392
68maple205,66776398
68artgns,66802694
680869,66849572
68032BMS,67143141
68127bms,67143150
68787BMS,67143151
68040BMS,67143155
68115BMS,67145989
68128BMS,67146165
68092BMS,67146167
68009bms,67146172
68153BMS,67146195
68033,67146319
68052BMS,67146358
68143BMS,67146481
68090BMS,67146540
68191cms,67627293
68257cms1,67627316
68126BMS,67635372
68071bms,67636555
68353CMS,67636688
68349CMS,67636758
68227CMS,67636759
68237CMS,67636761
68226CMS,67636789
68188cms,67636825
68193CMS,67637016
684AB,68249514
6855oit5o,68555693
68WOLF,68652925
682521,69022779
68104,69276320
687476i873,69353921
68768658757647646,69396296
68mustangs2021,69843981
684pixel,69941085
68786857,70121060
685675686566,70170646
685858475,70591443
6818GHS,70844450
68j,70935105
68401887,71163569
68861881,71235955
6812255,71337030
685ISMAILDORUK685,71505257
684pikaOSTs,71911127
68x,72422252
685mehmet,73323927
683_hdhjhd-yjdh,73963565
6868L,74484890
686866,74485290
68f,74722816
6837I_Dont_Know716,74867635
68184CMS,75288166
68185cms,75288203
68895CMS,75288213
68176CMS,75288357
68O,75562957
68Hello68,75625456
688234,75654031
68496693,76144046
6842737,76234671
68ahmetefe68,76249784
68asya68,76249812
68buse68,76250132
68cemrenisa68,76250152
68cengiztaha68,76250191
68bekirkagan68,76250229
68emin68,76250264
68esra68,76250278
68kardelen68,76250294
68kezili68,76250307
68leventtalha68,76250329
68melo68,76250661
68melisa268,76250683
68safiyesude-68,76250745
68serhat68,76250763
68sinemeylul68,76250804
68tusem68,76250816
68zeyneptuana68,76250832
68zulal68,76250853
68efe68,76250864
68ahmettalha68,76250886
68565289KR,76370748
681112,76523109
68n,77068315
68asli68,77426104
68kakeru68,78607865
68p,79359877
687yju555,79969855
68040,80115208
68beluga,80177771
68s,80365366
6811744685,80711209
680scr22,81088242
682scr22,81088248
685997,81302911
685_pxpsi,81339003
689s,81690513
68kStudent,82488668
68i,82688000
684ibrahim,82842473
6802JeevishaJain,82914576
68186,82955601
68446,83499412
68user,83806467
68butadd1,83831390
68u,84026823
68nrh1,84314285
68shdethararyasin,84344231
687358,84567383
68767549835738,84572058
683AH,84758515
68456376,84955394
6828212576toco,86440419
68sike9,86940653
68wa1j,86970283
6832suttos,87070204
6829suleml,87070214
6844zainaa,87070307
6815samrar,87070310
68Classof29,87316618
68L,87585285
68D,87585286
68A,87585287
68Y,87585289
68Z,87585290
68T,87585291
68V,87585292
68Q,87585293
68788573,87870788
6879charizard,88299657
68_MilkySweetie_89,88658046
6843raven,88773586
686270,88912259
682_hello,89350581
683_Dylan,89693379
68plus_1,89710956
685643RHS,89857663
6868m,89889414
682ilkay,90270165
680idil,90473136
685858,90523672
68419,90594925
68hk,90717866
68lg,90721907
6841957946,90775247
683iremkorkmaz,91174215
68563093,91357403
685555555,92053971
68onur6868,92985476
68012345032754877485,93307678
68gl2029,94383624
683Kaan,94948675
683KaanK,95346818
68Harun683,95467957
683-1000,95505581
6854884314,95611707
68559,96432013
68725856g,96643076
686506,97162604
688699,98039376
68wnopro,98051564
681Svetozar,98440759
68BILLYBOB,98528331
681keidaifan,98749195
6828795,98887863
685438uest123456,99305135
68Corvetteman,99401769
6801chaber,100091924
685736m,100335075
688983ORB,100335152
688857,100335423
687712a,100350642
687712b,100351359
684503,100430955
681kei-hakutaka,101052068
686868great,101681712
688326,101990085
687351,102026607
6822wauke,102130390
683kei-sirasagi,102579189
6816505799,102658853
681kei2000bandai,102963307
68786878,103241345
687985,103573823
68emin68Yan_Hesap,103901807
68castle,104188337
685390,104663592
681kei-2000bandai,104750733
68soidutseoP,104805284
68stop68stop,105433919
68Ryan6,105776083
68y9,105933115
68dolphin,106029156
68336001,106079160
68emin68fan,106406168
683010,106495603
6848amazing,107421855
687e5,107864628
681kei-sirasagi,108053778
68plus3minus2,108293970
68023634draa5n,109337697
680779,109939248
68stopwatch,110109968
68023634,110337661
68SLAYING,110389895
6865576,111139333
6828795_mokoyan_SUB_,111259633
682287,111593959
6811999,111843006
68fatss,112467310
68_plus1,113188997
6886992,113496517
68row,113510007
68967t678586o,113711425
6850NTOP,114909905
686479,115153188
683keisanda-ba-do,116849230
689_scratch,117186330
686070,117296377
686064,117322048
682_gaming,118285963
6849736,118310888
689_subratch,118367313
68AAR6,118586564
68AKK5,118598661
685722c,118982466
685351g,118982475
686486n,118982491
68lumberingpeas3,119167012
68975G,119224565
685351gr,119248979
68Make,119474460
68162012,119722208
68nrl9,120165860
68nrl24,120165870
682kukiladz,120185624
6849hhbhjbhjbh,120289619
683100,120354975
68eE,120391652
687667667,121116255
68cnAA,122119141
688599a,122182513
6840000,122236519
6868daboy,122481363
68Juniper_luvs-fall,123311867
68799064,123425055
683kopruluza01,126812033
6859712,127742216
684c5ef7,128117833
684689,128865594
68pro67,129027780
6898751dv,129511059
68gl2032,129877581
6878090,133464572
68Flatire,135309326
68dyl,135674594
68kenn32,137906355
68Tv,140834973
