86nando,56428
869,74262
8676,87214
8675309,109332
86andhar,115640
8692,145901
8610,145984
8673,145987
8664,145988
862,269181
86958695,290994
864,323178
869348,336397
869348777,336775
866_866,371941
8642,383258
86061386,398103
8624,459158
8653,515817
86531,536575
865,566965
8659,629573
863,734393
861028,745656
86842657,842164
8621213,850570
86822,942330
8677968,1048004
867711,1062702
865501,1068099
8675309_9,1101708
864606,1109371
865376,1129721
865200,1190830
861010,1193103
864976034,1216613
861257686,1216696
8689,1261819
865763,1304917
86607428,1335881
865559016,1361628
86753217,1757112
867,1931971
862521494,1955587
865228969,1960795
862664356,1984252
86788388,1989499
86850706,1992086
863246,1997088
86567622,2045141
860084224,2045586
860208,2046624
865915964,2179121
86572290,2277556
865420208,2286184
86501678,2295291
8624753,2296604
86423583,2316918
861938792,2336785
86369,2509830
86488777,2582905
86649,2725285
86sselcamino,2782741
86s_kclinton,2904644
867340,2983084
866441,3013524
866563,3013593
866351,3033585
8637,3070625
8642631,3179306
8612238679,3217051
86babybig,3252005
86sedeere,3329749
86stgardner,3355231
869019,3492688
869702,3499334
866328,3499378
868157,3515207
86jack,3590347
8670-,3710039
86skclinton,3767355
86srcook,3767366
8652805717,3834318
868173,4039551
860DancingTree,4563366
8664760,4771698
864ethan,4788463
86143,4831837
8692833,4837294
8600379,5200806
8616,5453038
86475631,5487270
8640379,5912832
86Awesome,6186822
86992301,6213134
8651085,6418644
865789,6531806
8615033,6612200
860mac,6720252
8658,6835496
8691495,7365202
8651601,7530098
869Kimmy,7669764
86421,7880524
86170,9981310
86991882,9982660
8617583,10218008
86beat,10694560
866,10845648
86606crowleyisdtxme,11787940
860,12010956
861,12012386
86492,12059158
868,12754690
86five,12816382
86heatshot68,12843428
8657834,12880570
8686274,13018686
8652195,13267888
86joffycakes,13998487
8687278,14270123
86WackyFishy,14320301
8653001,14597233
8633965,14789461
8683434,15934317
865781033,16097589
8610no1,17819431
8691525,18009122
8660354,18009132
8680131,18009140
8680719,18009175
8689807,18009176
8631057,18009180
8694925,18009187
8685369,18009191
8690862,18009272
8612958,18009287
8673721,18009304
8687188-1,18009452
8691410,18028122
8684893,18028142
8680654,18028146
8694676,18028147
8697064,18028151
8641686,18028203
8681306,18028228
8682116,18028244
8682442,18028247
8679024,18028257
8680734,18028268
8638535,18028287
8692531,18047404
8679089,18126577
8690854,18126670
8660355,18194572
867T,18200305
862004,18206456
8692531A,18304474
8637cvusd,18591489
8607CVUSD,18595928
8689687740,18599160
8685813611,18607630
8667CVUSD,18613265
8606CVUSD,18749855
86777159,18927465
861983qk,18942046
86038,19029761
86016,19029762
8641425659,19126737
86968,19285920
8642691719,19318191
869085405,19400664
86037,19503471
8664059,19610918
8691987367,19623715
8664209,19729037
8636881641,19937489
86MrBeastsAndBleach,20021178
8654326,20073593
86037fl,20106806
8687646,20132518
8671869,20132755
860910,20134833
8690497,20181633
8686796,20181657
8645668,20671115
8676119EmmaHinman,20932194
8691032,21093211
8682377,21093215
8674672,21093223
8685228,21121072
8691267,21121073
8600939,21121088
8691478,21121094
8690828,21121133
8691478-1,21121144
8691495-1,21121161
8686630,21121175
8681517,21121183
8676669,21121204
8697579,21121229
8693335,21121236
86183smi,21184786
869670,21217284
8639137,21218545
8692239,21246423
867can,21614670
8613401,21740145
860936S,21787753
8678128364,21891398
864Umutguven,22097244
8670W17,22276211
863466,22322562
865994cg,22419076
866693,22663779
861862,22770377
86446pc,22984040
8699p,23389694
8643525197,23508028
864AS,24252886
8682,24336874
8679999s,25121611
8659999s,25121617
8699999s,25121635
8689999s,25121638
86067,25123440
861288,25180802
86128888,25231984
8612888,25240504
8660876,25307069
8669042,25307153
868923,25320082
864734,25321454
8656869248,25327485
8692066,25328451
86chris,25375103
866081,25394143
862741,25394144
862097,25394149
864154,25394156
863010,25394208
869023,25394221
867838,25394229
861678,25394253
862677,25394266
86242,25397243
86214,25397247
86277W,25397346
86910I,25397349
861645,25411303
8682393611,25421136
8612578337,25450800
86Jax,25517665
8662615562H,25530866
8691662557w,25532586
8669761,25604474
8649362451,25604495
8688Ah,25613618
864456,25746150
8643778,25974078
8676059,25974526
8612748,25974735
8680959,25974768
8698438,25974769
8677388,25974780
8687947,25974794
8685742,25974815
8675747,25974820
8617521DONUTS,25974821
8651025,25974867
8662384,25974891
8617521,26226737
867_003,26373106
862482,26435687
861054,26435813
861098,26442835
863895,26442897
861737,26445738
861781vc,26495167
862363Km,26498380
8629101,26637963
864208642,26653316
86640ros,26802320
8619170,26803559
8620569,26803563
8622529,26803576
8689600,26803600
86tihami,26925235
867Park,26965126
86888pc,27149810
867Dalby,27177438
86089,27379336
867263,27559896
863876,27833806
8661884,27865310
8681433,27988994
8671934Oaklawn,27989003
8669718oaklawn,27989042
8676657,27989050
863055,28110957
8682-2,28335359
8645264,28342978
8651467,28435301
8640456,28435970
8640654,28436882
8674893,28474396
8634493,28474481
8647737,28474839
8621230,28520861
8613186,28697678
862340,28871340
86henry,29644416
86668,29671859
862824,29679522
86417,29738792
8699770,29759837
86ululrd,29792802
86remix23,29796718
862362,29909402
8622,29996405
8690sam,30083324
8675309foragoodtime,30219598
8610955,30260998
863702,30626242
86646898,31035366
86Chopsticks,31120263
860228,31161717
86d,31183173
860895,31215646
865054,31219727
860AN,31351353
8650esra,31522647
861362,31579150
86247423,31944296
86040stpeters,32196111
8657751682,32213778
86004,32714775
86424pc,32752735
86995PC,32752763
86731,33716575
8631scratch,33774891
866_,33977031
86DigiKid,34126930
86riku86,34181291
86141,34583292
86853,34655534
86baloossn,34739605
8676marfena,34812926
86ghostmonster,34838312
862290,34905437
861725,34919831
860137Hemstreet,34942249
862247,34946860
865039,34946862
8665784,34955016
869483,34989584
865477833,34991413
867933,35003094
861432,35034045
866453,35036215
8689235,35099517
860847,35112979
862271,35152347
861645s,35180607
865855,35196554
86688,35236812
860000MD,35242599
86slesmanatees,35270250
86619,35343730
86037l,35344732
86216sa,35436131
86PPY,35519396
86imagine,35567096
86124r18,35605340
86801r3,35608326
86140r2,35613269
86038r2,35613314
860000DM,35656382
869418,35792321
8642randomperson2468,35872063
86216sg,35925198
8628159541,35958630
860EveNguy,36330901
867158,37340466
867157,37416193
86superman,37433311
8664985,37644397
862srp862,37650410
867644pennie18,37866257
868hlr868,37866314
8682678,37892762
8658796,37961207
864359,38276415
8661886,38323525
86270952,38722717
869142,38765218
866208,38843724
866729,38854491
869852007lakers,38883769
868770,38892056
865855fan,38945861
869_,39387620
869donut,39514643
8646252,39645193
8610760,39645199
8646244,39645230
8604119,39645238
8604119Jsh,39645360
86_Hernandoz,39657450
8653388,39720093
869neerajsingh,39766656
864645455TRACE,40264093
86077rab,40300168
86scratch68,40340961
869485937,40403388
8687687687687coby,40425795
86143mkums,40430398
86_015,40447652
869473134,40527021
8663624,40539806
863987,40558245
863090,40581878
867188,40593365
869453545,40610584
869451278,40610591
86946721,40611252
867539740,40638365
869483075,40651867
86476542,40651921
8676315639,40677235
8647312945,40677564
860929,40704209
864778,40713403
865768,40717536
86Returns,40756681
869675171,40859015
8618MeLi6250,40981193
865456,41162993
8604046,41208537
863166,41271747
861310,41276227
861410,41276883
862530,41322950
86997,41369961
861346,41393043
861_serra,41474523
866KARAN-360NOSCOPE,41568264
86111ALM,41854580
86l,42001787
862841bt,42491147
86fatih21,42525558
86899,44173323
86k,44483277
868returns,44619324
8640874,44916559
8624288,44916875
8655555,45253942
86crFort,45278770
8656316537,45457317
866659,45688751
86e,45981565
862504-2019,50018367
8642rbat,50087201
86Gillyweed,50304781
86277ER,50370127
8683430774,50391319
86-3,50690714
860379,50692492
86-,51047406
86312,51295365
864_flash,51523913
864_tank,51524000
864_Flash14,51524008
864_Flash465,51524078
864_Flash468,51568822
865868,51854667
86201,51997577
8648733766,52144486
868681,52408467
866968,52408499
869646,52408520
86901110,52780683
86S,52928781
861295r26,53093405
866897,53262893
86M,53483022
86BLQ4,53596844
86h,53706143
86537,53752694
8621020644C,53805666
867392,54134748
868min,54447945
86581_psdschools,55603438
86187_psdschools,55603440
86583_psdschools,55711596
86498_psdschools,55711633
86mlittle,56338999
86521DS,56584840
86b,56683613
86569SO,57299029
8623zacs08,58296646
8623zrs,58297201
86_,58625552
86778998,58964982
86spinach68,59055761
862757,59681688
8600084,60641158
86daiarai177,61288539
86josemald86,61288540
86naomi177,61288547
86victor86,61288556
86matt170,61288557
86fjn,61378008
86x,61574737
86djpro,61668757
8612626,61699829
86coolguy,61766439
86gyt,62317980
86gold,62378443
86101229,62390520
866BBC,62511834
8676MrWong,62549989
86PES2025,63301993
86PES2026,63302143
8677602025,63512765
8675309lcps1992,63622293
86-Shimayuru-BRZ,63785216
8674-,63930781
863738LCPS2026,63943888
863738LCPS2026a,64286450
867nik,64569259
8634567,64640158
86776827gg,64722151
867cassie,64870689
866735,65420730
86006219,65479141
86100329,66200075
866yusuf,66672629
8668669099,67169209
866860,67638871
869711,68153762
869753,68172671
860145,68172819
860641,68224439
866152,68244845
861366_bee,68244951
868631MH,68804406
86416,69030588
86565766987987867,69376520
868745356598767452,69410963
868640-Chengkun_Li,69515658
866565hairring,69971092
861550PTP,70026758
864_ctj,70027235
861543,70122617
86XSport,70125246
86747TUR,70561747
86Ninja,70800743
86sound,70829531
86r,71014438
86t,71030459
863941,71045521
865855_Test,71526233
86758isbac,71750029
86546hgffyfrty,71764217
869228,72002064
869228_PS,72002274
869550mnia,72021771
860545,72078065
862shirts,72136674
864528RL,72211629
866180866180,72653987
8615236,73444938
860804i,74143016
866975l,74143189
866924i,74143487
862993r,74143766
861566t,74143791
860606y,74143894
867746e,74144053
866737z,74144096
86785,74302186
864987592346787319,74381483
8675t8675685879,74498029
867158isacat,74718274
866YarenAltay,75109568
8668638,75119797
8662471,75134766
8681633,75135040
8627957,75298376
86935384,75588093
8687_8,75801439
8685-,75804496
869780,75879277
8693998,75888651
8608190,75888860
866180unicorn,76012269
86thFlwr,76158817
8654767jkhgdvdr5e3,77324507
869-2021,77390376
863-2021,77390485
867-2021,77390623
865-2021,77391050
86875,78406694
86pudding,78486915
86Z,79136944
86Y,79136956
86A,79291852
86teru,79522000
8659r0e-mario,80061715
865scratchpadstudent,80087582
86bikingchicken,80146434
864_alyssa,80160541
8671311554,80710947
8673655825,81405903
864405,81524492
865817,81524910
863429,81525002
866276,81525060
864619,81525099
863888sc,81897322
8658790,82393957
8628385282,82704538
86GAMES,82887184
8632z,83018356
866-metehan,83320768
8686kinako,83451293
8666ei,83926277
864532,85415174
86p,85445972
865451,85514823
861529,85514837
863537,85663617
869595,85668983
864090,85755966
869Ssan,85798637
86thgrade,86533413
86dhej,86597783
86824,87128474
867player1,87437824
86753,87498372
868185,87581462
86I,87588775
86C,87588778
86F,87588781
86G,87588786
86J,87588800
86Q,87588834
86V,87588839
86O,87588841
86N,87588842
86U,87588860
86W,87588864
861402violette,88397230
862LB,88408055
869074,88408362
863764r,88423014
863489,88483982
861397,88493988
867806,88593350
86248,88598058
868081,88647262
8622raven,88773581
86765432,89063225
8678798ETR,89859683
860274,89923249
860079,89931582
8617F,89968282
86damasii,90190515
864468,90241794
86undertaker,90436108
862765,90770881
864556,90789355
86408640,90885493
867686868868686,91146028
863735,91669580
8664a,91687382
862jhk268,91925786
861417,92148815
867onschool,92484661
869899,92504167
86IL,92653494
8679533238,93081282
8684787455,93081297
8611646495,93081298
86laughingfox,93117890
86-HC_Davos,93148501
86518,93400603
868185-sabu,93844911
862801-,94106284
864226,94143625
8686kabigon,94224923
86-36--50,94609194
8690_164,94663811
867alikemal,94941802
868185-menhera,95002074
86Kirby86,96025584
860862,96557133
8679906q,96595325
862714,96888272
8674465484,97218877
8635F_4gousya,98191218
864DYQaT,98244119
86__,98431815
8686VIP,99224602
8649372,99403782
86088_immad,99495467
86blue2023cs,99694504
860753,99720210
864jyji1024,99795103
862011a,99825469
863881,100243182
865943,100430476
860kam12,100664181
8686427,100711422
863121,101055711
860862nk,101525399
865eyup,101943499
860862mk,101951235
86zuki,102085346
86786,102331084
8659876,102473225
8612887683,102658848
86gl2029,103033618
862lovefish,103421774
865486,105152373
865966LH,105478577
8686kinako_sub,105789485
8610Inferno,106096544
8642786,106468187
868686427,106510637
864278686,106510859
863121_user,106570383
863121_user3,106684393
863925,106722487
868500stem,106926628
865589,107024657
864120stem,107177510
866dgrsdhh,107218348
863936,107509887
865561stem,107510136
8687585w9,107522081
8632461,107733826
8687585h,107927673
869100-SCHL,107981678
864295,108054699
862000,108112939
86753o9d,108185034
867268018,108962879
86albatross,109794947
86clawedfrog,109926582
86jokepoke,110109956
86974,110295964
86Industries,111166581
8637f,111330278
8698026u,111400133
868taya,111708821
867143,111765242
8602kile,111937263
865869,112351370
861Brea,112754678
86400,113359139
865asgarn,113485608
864698,114633232
86114y,116484643
86_onigiri,117249275
867530955,117260145
8632-Eng,117332331
86noteworthybovril,118345857
86christmas,118532188
868428k,118560523
866181as,118688014
86long24,118697305
86long23,118705614
86DAD6,118931366
86DAD6X,118931598
86DAM5,118949135
86noteworthybovril3,119166592
86324987,119201404
86296093,119201415
86Make,119475812
867yellow,119950453
865coolhallp,120498846
86864545,120691479
860273ka,122414290
864698_sc,122915183
868342,124097100
86864545sub,124949403
860363,125572189
865938,125572596
866556,126436770
867911,126742424
863tokens,127115840
86969,127951074
867pkvg6,128248480
864637,128252805
860332,128546817
866366,128976001
8601dtc2324-quynhanh,130603455
8619dtc2324-mman,130603651
8621dtc2324-kieumy,130603653
8623dtc2324-khngan,130603658
8620dtc2324-minh,130603660
8624dtc2324-kngan,130603663
8610dtcbaohan,130603672
8636dtc2324-minhtien,130603682
8605dtc2324-giaboi,130603686
8628dtc2324-baonhi,130603689
8602dtc-hoanganh,130603690
8606dtc2324-pchinh,130603692
8611dtc2324-giahan,130603696
8632dtc2324-thtai,130603699
8627dtc2324-nguyen,130603701
8625dtc2324-nghi,130603705
8635dtc2324-anhthu,130603713
8617dtc2324-phikhanh,130603715
8616dtc2324-ankhang,130603716
8640dtc2324-giavan,130603718
8639dtc2324-camtuyet,130603721
8642dtc2324-tuongvy,130603722
8604dtc2324-giabao,130603728
8641dtc2324-thaovy,130603732
8603dtc2324-minhanh,130603742
8609dtc-hongha,130603745
8615dtc2324-huynh,130603759
8634dtc2324-thanh,130603780
8614dtc-2324-bahuy,130603783
8626dtc2324-tngoc,130603785
8607dtc2324-danh,130603787
8631dtc2324-phuoc,130603789
8610dtc-baohan,130603790
8630dtc2324-kimphung,130603842
8633dtc2324-mythanh,130603851
8637dct2324-baotran,130603852
8618dtc2024-linh,130603855
8629dtc2324-thaonhu,130603862
8608dtc-tiendat,130603939
8638dtc2324-trung,130603965
8622dtc2324-namwibu,130603994
8613dtc-2324hieu,130604073
8614dtc2324-bahuy,130604091
868355,131268978
8610dtc2324-baohan,131304791
8609dtc2324-hongha,131304803
8602dtc2324-hoanganh,131304809
8613dtc2324-chihieu,131304812
8637dtc2324-baotran,131304850
8622dtc2324namwibu,131304856
8608dtc2324-tiendat,131304890
8629dtc2324-tnhu,131304897
864698_alt,131329464
864698_AF_is_copier,131329954
86245687,133582788
8686-scc,134755351
86-239,135690811
865Basketball,136194755
8632958,137157377
865089897gjnhgjh,137635167
8679B,137900729
869_hacchas,138961618
8610OnTop,139613094
8686next,140633083
86862077,140729790
