922x,156530
921500452,178795
920278,208112
921,220680
927231,232607
920129,271188
920,275091
92camaro96,280581
925,348181
928,401923
92unit_tech,411469
926,460388
922,493487
92Honda,497765
92-7-5,581197
921260589,623470
9275,639335
924,676430
92ShadowPhoenix,686208
9201865,915950
929,932177
9210,946462
9208,1047322
929057886,1050081
925090014,1089267
927880,1110629
920201,1129482
9265,1344967
92412,1347885
92414,1361560
924912583,1366484
92Honda_Extras,1425892
9229a,1449801
924559,1765579
920874,1781390
928374647,1782788
9282524,1826280
920043,1921237
9226859,1976923
9226621,1979591
929037628,1989909
921269611,1989948
92alok,2056631
925926931932939,2158818
923528974,2175982
9281,2384120
9205,2450433
929099,2478311
92082,2506302
92bella,2604752
92sam,2607731
92gpdus,2689286
927sugi,2689988
9228,2717079
9280450,2781350
9254793,2803017
92799,2929069
925989,2957110
9288955,2961761
923sec,2977082
92325132,3003920
9243747,3031346
9286749,3031353
9245728,3032662
9245698,3050323
9244499,3051796
9219195,3051813
9286527,3141257
9243656,3239004
9255567,3249869
920121,3261743
920278474,3350735
9294850,3353929
929Pumpkin,3365274
92songs,3391502
926Pumpkin,3442108
9239007,3473378
9247197220,3511273
921007wang,3573547
9279088,3593466
9244104,3593472
921107,3597499
9217117,3757737
921375,3817118
9205824,3857765
92033,4072046
920321,4201841
929Pumpkin929,4229970
9234gsr,4490895
920160,4690184
920822,4750273
926cristina,4779860
9288k,4852330
92230cps,5280298
920831,5386774
920813,5609570
929Experiance,6081630
921047,6585926
9221921,6941196
920705,6957862
9253251476,7282230
92947,7527850
929yzamo,7537198
9296317,7674494
920124,8264384
92316207,8488630
920517,8488658
920529,8488686
923,9549022
921soccerdude,9899898
9255839095,10088106
92Y,10969058
92324,11295746
927,11644088
921129sherry,11959310
921010,11987494
921006eason,12064018
92109,12159928
920911simon,12159934
921151,12647130
924834,12839468
927124,13063342
9200feet,13281020
9272005,13541802
920928,13721259
920809,14164161
925ninja,14310838
9226iss,14549298
92i,14762322
9274849,14909671
925dudals,15868416
922351787,16152827
92724434,16206700
9285229,16412847
92s-mbarker,16426413
92544820,16606905
9278567566,16966744
92LimeGreenPandas,17042017
92112,17368289
9220,17492802
92377,17619183
920586066,17735886
9220jason,18068896
92057CrowleyISDTX,18128971
92101394,18245760
92101415,18245763
92101387,18245765
92101472,18245771
92101375,18245773
92101412,18245784
92101366,18245785
92101386,18245870
92101391,18245879
92101361,18245893
921013941,18245896
92101371,18245938
92101408,18246587
9215699,18422671
924712,18515910
9250430,18538111
92might98,18569616
92might,18569625
92aromualdo,18687338
92mthorn,18687779
921119,18778716
92bananas,18797090
9257921158,18946741
920336,18949974
921014784S,18951779
921014834S,18951796
92101395,18951817
92101484,18951826
921014804s,18951835
921014954s,18951871
92101507,18951877
921013954s,18951898
92101494,18951936
921014924s,18952022
925034,18977348
922444,18985804
924477,18992915
92trenta,18994812
9277133589,19149745
92101255tjsteam,19160007
9210128TJMSSteam,19160017
92101248tjsteam,19160018
92101250,19160021
92101278TJMSSteam,19160038
929yiyi,19217988
9225233213,19227719
9201990,19370976
92101059tj,19406504
92861ab,19445439
92101177,19460801
92502023,19575545
92101365vcs,19648720
92101375vcs,19648724
92101466,19648764
920018652,20065806
92873,20239130
9270888,20328744
922BUDDDD,20603369
922_yall,20603455
92645d51,20751454
92403d51,20751529
92454d51,20751538
92550d51,20751545
92646d51,20751548
92552d51,20751560
9267c276,20920742
92masterjedi,20938899
9232312,21093605
922977,21285438
923484,21285534
923627,21285556
929656890,21385942
9204cvusd,21388855
923741,21420631
92089,21447465
923-amazing-guy,21515847
9243cvusd,21569642
922irem,21611661
92101472VCS,21926440
925462,21957553
926132,22054267
927936,22054331
924391386,22088567
924457,22110541
92q,22295460
921944,22415444
92kiaretta,22439492
9296338,22738119
921893nz,22754742
929367,22853815
927293,23094236
92sjhaynes,23251251
9234-567435676,23385018
920714,23601467
920681,23632404
9295918851,23908657
928blue11,23953871
9250559,24060897
9251462,24758889
922971,24763890
9239644121,24821047
92017-2018,24863998
9211856159,25250168
921993,25308687
920257,25308689
922547,25308708
924286,25320062
921585,25320064
923452,25320069
923443,25320072
923544,25320074
923488,25320083
921312,25320103
923537,25320105
921162,25320110
923133,25320111
923450,25320118
921794,25320125
924271,25320131
923410,25320138
921594,25320152
923503,25320179
923891,25320192
923138,25320281
920451,25320290
921797,25320295
924246,25320300
923604,25321468
924038,25323059
920454,25323068
922895,25323852
921380,25323857
920192,25323859
920245,25323916
923446,25323923
920896,25323927
924263,25323930
921008,25323949
9254633461,25328435
920883,25383506
922124,25411252
920426,25411253
922468,25411256
921081,25411257
922465,25411258
920646,25411259
920159,25411302
922125,25411308
921044,25411322
921377,25411398
922044,25411404
922416,25411413
923044,25412099
923419,25412101
924063,25412113
922765,25412417
921059,25412434
920649,25412575
923617,25413359
9298878869,25423413
9254578746,25457621
921693,25478487
9277133589m,25532643
9214892253w,25538917
922785,25541154
926636,25741017
925288160,25761531
923802,25817826
928601,25817878
924066,25817960
929374,25817980
927947,25818108
922696,25851857
924542,25852182
920284,25852292
9282010,25855586
9295918851G,25924354
92640,25966642
927madnguy,25982868
92816,26075400
92455aru,26214842
92566bar,26214879
923717,26259339
9222222228,26384745
92z,26489589
9273989,26506599
9223j,26569520
92962BAS,26614014
92020BOU,26614216
92616nol,26636007
92707sch,26636511
9230060,26637895
920raihabi,26830146
924535,27026500
92Bubbles,27245086
9279683,27284457
9286646,27286812
92706,27418052
92001991,27425080
92002409,27425141
92002054,27425472
92002142,27425656
92w,27607965
9278594,27690017
921ebru,27981890
92a,28068364
9232944294,28272030
926raptor1,28274741
926raptor2,28274752
926raptor3,28274771
926raptor4,28274780
926raptor5,28274784
926raptor6,28274787
926raptor7,28274794
926raptor8,28274802
926raptor9,28274808
926raptor11,28274816
926raptor10,28274824
926raptor12,28281753
926raptor13,28281760
926raptor14,28281768
926raptor15,28281778
926raptor16,28281785
926raptor17,28281795
926raptor18,28281806
926raptor19,28281811
926raptor20,28281817
926raptor21,28281823
926raptor30,28281837
926raptor22,28281853
926raptor23,28281858
926raptor24,28281869
926raptor25,28281878
926raptor26,28281887
926raptor27,28281896
926raptor28,28281904
926raptor29,28281913
926raptor31,28281961
926raptor32,28281969
92720175,28299369
928658,28345067
922314,28345119
9213135,28474708
9249297238,28810545
923628,28865671
9203572,29005066
9285220,29135380
927427,29511894
9297805,29872013
9298886,29872099
9294334,29872216
9293220,29872217
9294329,29872218
9289278,29872228
9297871,29900621
9297882,29900625
9288581,29900629
9293925,29900634
9299408,29900646
9297793,29903664
9299650,29903780
9285153,30020226
9281Maram,30083348
921165,30176260
92340,30214469
929153,30229476
922828Minecraft,30331869
922114,30335479
921549,30627417
926059,30842326
921582,30886603
92822123,30902036
9285229-test,30957695
92345,31057584
92837919,31393286
9298973721,32127500
926---,32330183
92ebuddy20,32511605
924goohg,32571649
923455rhl2018,32720163
920290k,33449564
92739,33592967
92836,33592981
9299lynn,33673048
92352,33680615
92712td,33687449
92739jn,33687497
921680,33771561
92618924,34106263
92585,34584179
92971,34672364
927303,34736878
92778,34789047
92259,34807948
9234885,34910451
9204515,34910479
9215855,34911833
9242865,34911914
9234505,34911956
9240383,34941027
9213125,34952529
9242465,34952645
92118561594,34954132
9211625,34954530
9235035,34954602
9230445,34954656
9235375,34954708
9234105,34954874
9242634,34954986
9208834,34954990
9206334,34954994
9202814,34955029
9238299773,34991401
92Hockey92,35019997
92724569,35031887
9234195,35099984
9231335,35100207
9231385,35100601
920615s,35107366
920649s,35107482
9242715,35107994
9204543,35137366
9217945,35137529
9217975,35137645
9238915,35138429
9234464,35141533
9208964,35145711
9219934,35145721
9204274,35145728
9228154,35145729
920646s,35180596
921044s,35180601
922467s,35180602
922465s,35180610
922765s,35230954
920159s,35239660
922416s,35239672
921377s,35239676
920426s,35239678
9283825454,35250802
92slesmanatees,35270266
923816,35300531
924370s,35301643
920316s,35301648
920618s,35301655
922468s,35301656
921081s,35301658
922124s,35301665
922125s,35301666
924579,35304850
922Fufu,35305496
929335,35319706
924836,35327866
9206295,35420909
9217974,35421289
9227855,35560950
9213804,35563612
9225474,35563623
9228954,35563626
9201924,35563631
9202574,35563633
92imagine,35567098
92balooleia,35644996
9202684,35680964
9202018,35682208
9212018,35720814
9222018,35721317
92760293,35743594
92Qb1qgrf0,35780716
9257921158s,35785103
9213712,35807771
9228186,35807777
9201001,35807780
9231547,35807781
9211528,35807783
9226057,35807787
9232841,35807789
9217207,35807934
9227945,35807936
9228047,35807938
924025J,35943809
920216B,35943824
923301L,35946370
924442M,35946401
923299E,36041655
922158J,36041704
922158JV,36041754
927horses,36042220
924439M,36086630
9235421,36094089
923521,36094179
922330G,36122400
921350PO,36122403
9232018,36163783
922072M,36257269
9296161,36275064
923kiapabl,36332120
9298141h,36600690
923ilovecats,37449880
928374329,37478473
926amg926,37654029
92X,37790516
92927189571,37898917
92pilots,37946167
924699,38102307
922181,38102322
922169,38107038
922169J,38110154
9247763,38354105
9208740,38368049
928007,38488702
922714,38488887
921050,38615386
923781,38615463
927150,39163128
929667,39163292
92396128,39331527
92356,39537310
929233,39575708
92ebuddy20_2,39898034
929470ss,39920626
920426ISH,40010367
92149,40027244
92foreversnowy6,40068224
925008,40170181
92692jg,40272399
92305000,40352643
9215772758,40403413
92079_2019,40425947
92513mkums,40437602
92843mkums,40439638
92080mkums,40439658
92080mkum,40481180
92nov,40485808
92_Posty,40516352
9277468173,40519565
923369,40558443
9231147285,40677530
9233948757,40677532
922719,40678514
924272,40702649
928353,40704298
922586,40717480
929545zephyr,40838193
9247188,40851410
929658sela,40987475
92ap25,41051010
922428A,41158046
922806,41177066
920349,41264458
920446,41264504
921491,41264521
921937,41316684
928827,41393041
928169hala,41426201
924254,41443551
92kayra,41467515
92186tuc,41510191
92_stretch,41513766
92396128062815,41649368
921937as,41692136
92181,41734777
92Dman,41857677
927099,41858224
925007C,41858263
9211kier,41889842
921937aes,41958201
9269322,41964048
9237875,41997204
92ebuddy20_music,42093051
921937aess,42169586
923sc,43097945
92509,43976137
923738_AV,44375054
92389238,44675324
923251199211s,44731456
92j,45291862
9266960160,45413419
92345-,45414028
925487,46296117
929Willy,46866326
923train7,49493435
9235927,49913049
9244212,49913059
922032,50081588
92IsHalfOf99,50205928
92Gillyweed,50304793
920316f,50332670
924370f,50332671
921377f,50332676
920426f,50332677
921081f,50332678
922897f,50332926
9202025,50335495
9206335,50358847
9202325,50391200
9201145,50391204
927006,50413724
9235914,50483039
922467f,50521640
921044f,50521648
920618f,50521649
920646f,50521650
922125f,50521654
922468m,50860461
920159m,50860468
926momjohn,51368838
927965,51714678
9266337684,51718284
924122,51977952
924176a,51982801
9224154964,52191841
9285219,52458616
92stars,52670405
923908,52797806
92tb3,53133959
923878713spark,53310579
928410,53479177
9272705,53710338
9224571414v,53711178
9226501,54336436
920mrben,54378922
925155,54693698
923740sally,55877758
923373,55926325
927800,55926499
921862,56045854
924335,56078295
92unicorn52,56286210
928bigbro,56863122
9239918,57011351
928atlas-illegal,57078829
92s,57097962
92447LA,57299025
92852JH,57299033
92e,57782403
923ajniNedoC,57858195
9204purn,57953559
92porsche,58483300
92b,58525066
922917,58785374
927987sega,59004235
9285146,59719028
92sonic92,59984748
9298389884,60013606
929x0,60136338
924027,60306034
923tiger,60382307
921Maya921,60467405
929sevawnedlog,61198188
92ebuddy80,61243083
92549254,61323154
92g,61599920
9202092020,61797119
92dtepeli,61806772
92695DJ,62321372
922687,62479193
92l,62524778
921081f_VIRUS,62542088
920240,62825310
92xcatzz,63269866
922817,63295206
923tt,63343066
92iffp4tch,63422376
920290lcps2025,63512759
920290lcps2026,63512841
92332740chm,63527152
920079,63550540
923541LCPS2026,63555445
921007LCPS2026,63555531
920728LCPS,63613360
920728LCPS2024,63613425
924027LCPS2025,63613556
921491lcps2026,63622239
9218Lata,63669274
9226Najma,63669276
9224Salman,63718375
9203Abdirahman,63718381
9200Mushtaaq,63718411
9232Eman,63718540
9239Faisa,63718685
9222Sumaya,63718686
922117lcps2026,63751001
921812,63758846
923427LCPS2026T,63937006
920MB58820,63945174
923132LCPS2026,64002976
9215347844,64179689
92H,64348442
922caglarakcay,64409848
922913,64620554
9238493u2,64643291
92r,64957683
92v,64957968
92641,65276236
929545zephyr_Teacher,65357983
921-Animator,65436117
927323,65683095
920985Kh,65743779
923ywxdremix,65756070
9232452,65983348
9289920,65983496
924826,66006244
92cebeci,66390492
92271,66687826
92pear673,66775656
928147,67693260
9218989898,67695100
928272Alperr,67908477
92codes,68186188
922250,68228965
92260,68289634
9200418,68456651
9254023,68457582
9207180,68457585
9219965,68457588
9200375,68457590
9224411,68457591
9225612,68457592
9251183,68457593
9205474,68457594
9258089,68457596
9202581,68457597
9202378,68457598
9206813,68457600
9202036,68457602
9256715,68457606
9205718,68457607
9200527,68457858
9206102,68457859
9201431,68457860
9201995,68457862
9252696,68457863
9200560,68457864
9200512,68457865
9245155,68457868
9200541,68457869
9200543,68457870
9204008,68457872
9200353,68457874
9257394,68457875
9233880,68457876
9203586,68458256
9274baeq,68528829
9241957417,68557327
923d,69304000
92f,69508994
92t,69756385
92mustangs2021,69844000
921537David,70038489
92638,70209631
92n,70501530
92_,70710328
9246734pas,70841885
9225978pas,70841888
9246776pas,70841896
92isbetterthan86,70933839
92092092012345,70965876
92101343,70991761
927987,71045402
9253dog,71087403
92831000,71246793
927McNulty,71250564
925Gale,71250795
92fps,71439335
9202380,71451462
92m,71646090
92661DOM,71751866
928-300-2425,72090823
929jalapeno,72136770
928h346756g,72755267
921947,72924726
92-6F,73056263
9217742364,73199604
9223372036854775807,73286431
9283633,74111843
92-,74474623
92d,75452404
924monkeymorgan,75800836
92802292,75866633
9273863,76205244
92496,76534574
92k,76956615
927445,77174061
923-2021,77391240
925664,78094186
9267GIRL,78476464
921test,78988549
9228172,79158382
928362537,79582074
9201pilihp,79590038
92signalhill,80242460
924s1stem,80313961
922s1stem,80313964
921s1stem,80313971
926s1stem,80313976
925s1stem,80313978
928s1stem,80313982
920s1stem,80313985
923s1stem,80313986
927s1stem,80313987
92s1stem,80313988
929s1stem,80313989
922490LCPS2027,80614354
920315kid,80668861
920327,80725690
92lemur,80763974
92722,80888004
92p,80927254
926837,81361351
92watermelon,81378140
921645,81524975
923blue729,81540926
9284807aa,81598379
92og9fif,81661241
9292591959s,81741749
927183sttc,81845400
9242021,82035824
9211695341,82174652
928950649,82174782
9289509649,82176331
923307,82257023
9210895967,82258625
929t,82423051
929749346644326,82536838
92ns,82777582
92BC92,83195111
9293197,83227519
929daikon,83408443
929_258,83579202
92goku,83645061
923thecreator,83832307
9200554TylerM,84090327
92786p4,84216798
9279448,84280575
923910,84721726
926CF,84766720
9207454,84936804
92u,85226286
92_kiN,85275798
92762829817,85293935
9270287,85431951
921179,85433839
921026M,85433876
921179JWM,85433934
926572,85501643
921178MDN,85514813
921859,85521198
92Junior,86002479
9213216,86017158
92938470201whoever,86167053
922_hyu,86356107
92487,86928627
928171,87002533
92702878,87099536
9292919,87566257
92O,87589299
92C,87589302
9292929292929292929,87655986
92-92,87794500
927736mob,88202812
9221TSC,88238916
927128,88397240
9256581,88408409
9240241pas,88471682
9239860pas,88471685
9240754pas,88471686
926720,88494056
9298362714,88494389
920047misdgs,88577405
922014,88646119
929323c,88664573
921337,88665275
9240445pas,89071534
9240738pas,89071535
9240186pas,89071536
9240233pas,89071537
9240217pas,89071538
9239739pas,89071539
9239878pas,89071540
9239886pas,89071541
9240893pas,89071542
9240055pas,89071544
9239551pas,89071547
9240568pas,89071548
9240314pas,89071549
9240576pas,89071553
9272789pas,89071554
9240039pas,89071555
923_prapou,89185308
9239593pas,89210874
9239577pas,89210875
9240916pas,89210876
9240584pas,89210877
9239585pas,89210878
9240291pas,89210879
9240720pas,89210881
9240348pas,89210882
9239844pas,89210885
9239501pas,89210886
9240089pas,89210887
9239658pas,89210894
9223372036854775808,89264216
9283322slams,89420163
9206639,89830069
924589,90123459
9227792,91326399
927787,91411281
9276712,91728835
923drymasa,91797042
921580,91864830
922880,92152255
92axelonthewall,92420090
9288-6781,92468798
928172,92642742
9217378623,93081339
92sFriends,93600871
922139-,94106476
920138-,94106507
92TheCreatorYT,95188064
920955,95355477
920957,95355515
9263yura,95367209
92hairybluepotatoaa,96233745
929292020,96659703
928-,97836233
920kun8794,98206450
927927927,98529293
926804,98640048
923drymasa-RADIO,98725295
92sfinn_,98801025
923drymasa-company,98993526
92_6A_10,99127871
92_5A_6,99128390
92746,99678832
921315NA,99720216
92746sn,99734233
921770w,100081167
921figa,100101955
929545_reduct,100230771
927192,100430480
921770wb,100515870
9271924,101311275
9271923,101311503
9244083slams,101503930
9244376slams,101503979
9271555slams,101504006
922013,101867892
925NumberBlocks,102070040
925hi,102296776
9258847,102478665
925NumberBlock,103028830
92gl2029,103033617
92690,103643928
927949stacy,104022126
929213,104329665
92graygrapes92,104343127
924132,105253695
920182,105253702
927987CG,105478663
927987CG2,105868619
9295_tedp,105981338
921dolphin,105996339
925dolphin,105996484
920dolphin,105996530
927dolphin,105997466
92RyeBread5,106092850
922296,106278913
922270,106278945
922450,106278960
927444,106279008
9290scratch-tk,106972932
9272013,107170180
923237,107577089
921561,107859751
923925callenkline,107859895
92sFriendsTheScratch,108247488
920101_pk001,108317694
920874k,108433655
929064,108440934
921950,108884665
9220hikariFW,109058031
9220homurWF,109058049
9220rekkusZB2,109058066
920462,109629182
92skycloud,109935085
92curveplace,110028630
925418313,110370450
9219364,111212317
9207903,111231292
9202164,111677265
923961,111711620
9247393,111758538
9243334,111758550
9220noa_rekkusuZB3,111798432
9271254s,111888314
9229026p,111889065
9221Latt,111937109
9257625,111973806
925093s1,111975302
920740,112096296
921856D,112096315
921903Z,112096333
928279,112096340
923049,112096452
929942,112096480
9220puneuma_homura,112106879
9220noa_mio_yu-niZB3,112293188
9217800s,112615191
9202085s,112615323
9201940s,112615326
9250795S,112615337
9205845s,112615343
9251230s,112615345
9233532s,112615347
92373539s,112615348
9289645s,112615350
9226146s,112615351
9210066l,112615363
9255230c,112615376
9211598b,112615399
922_kosumosu,112932164
92eeVakiP,112932288
928443,112942176
9266900slams,112992485
9243223slams,112996006
92215,113024328
9290A,113334952
92981,113479744
92heptathlon,113509994
9243_n_83,113753538
926rina,114180926
9238447,114519717
927638,114672315
9283272,114863903
9246WC,114901946
92BlackWolf,115547132
928932,116815290
923qw,117362053
922drymasa,117675154
925go,117747227
920ael,118326662
92938412,118356037
924KA,118413990
923traln7,118539388
924262pf,118560519
925287m,118560522
925383ch,118688009
92DAR6,118931369
92DLS5,118949131
920402,118982836
92304040,119201402
9223372Tisbig,120080206
921ME,120136854
923_Train,120556844
92225,120661743
920956,120980384
921ashhao,121386438
92Lightning92,121498927
929008,122187542
92game,122798246
9222989,122873265
9244481,123018484
92401,124550345
92ramen,124749121
92269m,125562211
920527EB,125572360
921273,125573468
92648,126322681
9244441,126489081
92_FOXY,127814900
92101CL,128714276
928928897,129165905
9281536u,129184648
927319127,129654516
923es,129772236
924789347,129879715
92sx,130306175
927439,130330417
926784,130396363
922fox229soccer,131230711
921646EF,132854238
9292fu,133875200
92_Uranium-235,135390936
929Handyman64,135620339
920LONDON,136485278
92710DA,136596300
92712NB,136596574
925192,137290666
92-M,137797156
9277291,137879613
925ssmoti,139564882
923yuu,139656424
