970,13229
978413,63921
97blue,87394
97Castle,97714
97531,127401
975202066,273829
976,295880
977,305458
975,309924
978,311548
97bmhn,343178
9752004,363675
9752003,367850
9752026800,385787
97h,403898
97moose,418529
97annie,441702
97ELVIS,450643
9716890,471285
971b,472192
971,488814
975356971787731224,494898
9754,517155
97ls11,556397
974,576977
97hijack,609110
976951753,621390
979463,639863
978206968fyy,654925
97helcol,657107
97liahaw,657108
97lil,657110
97dandal,657111
97marfuc,657115
9784565,671211
970709,719139
979,721341
9743sihyun,750544
9758safa,752774
9726,793953
97234,845241
97rebeccap,849865
976431,931110
972,945845
978323014,982919
97346,1025645
973565506,1059007
979551527,1100626
97something,1116474
97940,1192530
973014988,1197568
97paula,1205181
975006402,1214480
979310759,1223618
9711p,1274124
97nicola,1279728
97403,1374920
979717886,1734790
97180,1787378
971207yh,1873823
976765086,1914310
973123973,1939203
975944801,1950346
970148,1975156
979032366,1977465
979980930,2011417
971193760,2100998
970057,2158747
9763452,2158748
970101,2158751
970053,2161547
976706376,2169745
970018,2176024
970039,2176030
970024,2176031
970105,2176040
970072,2176062
970104,2176065
978883556,2176515
970111351,2178635
970007,2178810
970129,2178862
970041,2178865
970114,2179174
970527931,2182010
970013,2200179
970055,2200277
970068,2200286
970122,2200290
970062,2234796
970768546,2241328
970506,2267666
970044,2267668
970255,2267669
970040,2267675
970146,2267679
970249,2267681
970159,2267682
970276,2267683
970230,2267684
970162,2267693
970202,2267700
970234,2267701
970507,2267735
970206,2267737
970214,2267738
970099,2267740
970143,2267742
970239,2267743
970150,2267746
970113,2267747
970070,2267748
970032,2267750
970027,2267751
970266,2267752
970031,2267753
970117,2267755
970140,2267756
970015,2267758
970062062,2267763
970042,2267772
970137,2267773
970511,2268075
970075,2268080
970280,2268081
970220,2268082
970028,2268083
970184,2268084
970193,2268085
970152,2268086
970212,2268087
970222,2268088
970261,2268089
970030,2268090
970221,2268091
970197,2268094
970010,2268095
970175,2268096
970035,2268097
970066,2268102
970185,2268104
970101511,2268105
970182,2268107
970503,2273192
970029,2273194
970305,2273195
970138,2273196
970076,2273197
970071,2273198
970079,2273199
970077,2273200
970268,2273201
970144,2273202
970215,2273204
970114503,2273205
970142,2273206
970246,2273209
970289,2273213
970112,2273215
970155,2273221
970501,2273265
970008,2273270
970088,2273271
970174,2273272
970203,2273273
970191,2273274
970272,2273275
970055055,2273276
970128,2273277
970256,2273278
970194,2273279
970200,2273280
970156,2273281
9700014,2273282
970116,2273285
970224,2273287
970505,2273405
970287,2273407
970170,2273408
970074074,2273409
970054,2273411
970023,2273413
970161,2273414
970096,2273415
970082082,2273417
970103,2273419
970021,2273423
970068068,2273424
970223,2273427
970163,2273428
970069,2273431
970149,2273436
970169,2273439
970502,2273466
970238,2273468
970067,2273469
970004,2273470
970081,2273471
970304,2273472
970085,2273473
970219,2273474
970120,2273477
970046,2273479
970007970007,2273481
970285,2273482
970204,2273484
970041041,2273487
970003,2273488
970231,2273491
970119,2273493
970337362,2273505
970260,2273519
970510510510,2280577
970251,2280584
970286,2280586
970176,2280587
970240,2280589
970132,2280592
970243,2280595
970158,2280596
970217,2280597
970270,2280598
970269,2280599
970026,2280600
970508,2282947
970090,2282962
970171,2282963
970145,2282964
970237,2282970
970016,2282971
97057,2282979
970125,2282985
970059,2282986
970294,2282987
97ingrid,2297090
97044,2422578
97014,2422621
97761belper,2430782
97759,2463041
97878,2463061
97799,2463063
97847,2463066
97880,2463068
97702,2472251
975856166,2555142
972940338,2582927
97685,2629220
97084,2644573
9747405226,2645473
97050,2690612
9732xde,2753471
974625sdn,2782779
97tiggers,2821098
97math,2836538
972129303,2837691
9724421202,2942754
979932342,2976218
974mjm,3105632
9731,3105745
970063,3106334
970098,3131351
970006,3132819
97008100,3132821
970038,3245355
97526,3247775
97182,3256213
97170,3256224
97175,3256232
97064,3256233
97096,3256235
97036,3256239
97103,3256241
97055,3256245
97010,3256246
97130,3256247
97108,3256248
97045,3256249
97186,3256251
97040,3256252
97140,3256259
97094,3256261
97062,3256264
97178,3256341
97156,3256346
97031,3256347
97110,3256348
97037,3256353
97048,3256359
97035,3256360
97023,3256361
97075,3256362
97137,3256364
97193,3256369
97138,3256371
97120,3256376
97183,3256382
970111,3256541
97079,3263276
97059,3263278
97163,3263279
97117,3263280
97114,3263281
97149,3263282
97136,3263283
97162,3263288
97148,3263289
97065,3263290
97128,3263291
97141,3263292
97126,3263293
97008,3263294
97104,3263296
97032,3263299
97073,3263302
97106,3263303
97185,3263347
97002,3263348
97056,3263349
97063,3263350
97188,3263351
97095,3263358
97151,3263359
97098,3263363
97006,3263364
97173,3268043
97058,3277893
97123,3341887
97852,3351371
971222xjp,3352230
9788678854,3360037
970534,3379009
97197,3379104
9746,3419851
973973yy,3422796
97790,3458841
97meme,3515258
979797,3534836
97331,3780085
979534,3906118
9722225825,3927414
974864,4059362
97MALAYSIA,4179627
970034,4323117
970270910829,4420693
97quiet,4426380
9743gracemeara,5138350
97837,5249428
97117JY,5249892
97891234,5703960
972875,6157386
971384265,6786360
97526amj,7088456
97821,7814676
97bouncygreen,8152328
978645,8828682
9706time,9441040
976789,9459494
9787,10068846
97030911044,10271664
976513843,10379202
974117,10533408
9794maggie,10590666
975miles,10815444
970084349,11145856
97creeper,11179646
978494543,11215532
97819132,12519546
970745,12835840
97385,13193495
9771553,13294989
978625,13358765
97holy23,13532581
9767,13722100
970040004,14059536
975551,14236083
9739,14503156
97h0124,14855309
970039821,15771194
97311379,15881934
9739194,15887997
975280,16003598
975miles2,16007555
974404,16088079
97299,16227002
97_mila,16438318
97karadeniz,16650113
9738947328479,16695391
973,16696412
976758,16739671
97sw,17573079
9719280,17703668
978tgaynor,17711531
972099SM,17824098
97mjoke,17953430
971adeesco,18116417
97charles,18164802
971176,18186435
9752cvusd,18439034
97466,18455665
97418,18455732
97463,18455733
97495,18455748
97510S,18455761
97452,18455770
97486J,18455805
97478T,18455827
97463k,18456887
9757cvusd,18516420
9700cvusd,18516457
9798cvusd,18516520
97888720,18544048
971023,18547506
9743cvusd,18591479
9750CVUSD,18595922
9794CVUSD,18613259
9799CVUSD,18624795
9796CVUSD,18624814
9738CVUSD,18668054
9702CVUSD,18668057
9758CVUSD,18668368
97978787,18673846
9777CVUSD,18749853
9757646989,18945231
978135cm,19074022
977043,19076136
977087,19106216
974069,19106246
9707CVUSD,19139772
9740CVUSD,19139823
9796589737,19149318
9736414159,19179553
9713849728,19181165
97bubbly,19438245
9736884635,19484261
97975wor,19583024
979132,19648986
974gisloza,19649361
9774879376,19649931
970070317,19921742
97GAMES,20052593
9753124681012,20099290
97378,20285730
978670,20453355
978647sm,20748322
97135d51,20751463
97695d51,20751464
97844d51,20751502
97845d51,20751524
97825d51,20751525
97158d51,20751528
97843d51,20751530
97830d51,20751531
97817d51,20751533
97846d51,20751534
97823d51,20751539
97847d51,20751540
97820d51,20751542
97821d51,20751544
97775d51,20751552
97839d51,20751554
97841d51,20751555
97819d51,20751558
97657d51,20751561
97834d51,20751563
97818d51,20751564
97523d51,20751567
97476d51,20751569
97838d51,20751571
97546d51,20751572
97641,20902470
97k,21363893
979732,21382645
971621,21401694
970uof1o0vkibujadend,21520721
970072058,21720692
97601hernandez,21974035
9769eg,22387285
974ennur,22401455
97696,22426740
97564,22587816
973868,22619653
975697,22668077
97-,22695684
97okitha,23010649
9725452382,23017894
979898,23523951
9715Hellokitty,23607170
97_anime,24022619
9768cvusd,24065929
97s,24200197
972Scratch,24471910
974_anime,24486999
97jsesi,24595512
97800asoi,24607825
970619minnie,24721705
97f7,24755962
97d7,24758430
97w7,24769447
9771scratchuser,25360074
97761,25382367
97701,25382826
9782772992,25424117
97809,25448804
9727651623H,25530849
9734848313B,25530850
9798473426t,25531047
9796589737g,25532556
9736414159m,25532630
979Bunny,25594237
978261220,25630278
97996853,25650080
972713,25763881
97a,25808163
977183,25857560
972539,26094019
9767671,26129347
970066166,26129374
970041099,26132897
970064517,26132915
970057679,26132923
970057244,26132928
970066163,26132931
970058249,26132933
970064419enemypink,26132934
970058259,26132940
970056451,26132959
9700Nightmare,26132968
970049834,26133017
970049086,26133042
970032134,26133134
970063236,26165245
970068046,26165257
970056748,26165268
9700582495,26165485
97Haiyen,26203878
970070853,26378698
970077724,26380192
970073385,26385244
970074218,26385633
97sjgonzalezleon,26386894
97sabrooks,26386895
97sarodriguez,26386896
97sjdavis,26386897
97shher,26386898
97sjbohanen,26386899
97spsaldana,26386900
97ssogg,26386901
97slstetson,26386902
97soflorespastora,26386903
97skfriend,26386904
97sdnorfolk,26386905
97sahernandez4,26386906
97semarley,26386907
97snbostick,26386908
97sgmcclain,26386909
97splor,26386910
97smsnow,26386911
97smgerman2,26386912
97stmathews,26386913
97sccatlin2,26386914
97sjirwin,26386915
97strodriguez,26386916
97sealvarado,26386917
97sbcamposjuarez,26386918
97stjones,26386919
97sjross,26386920
97scbyas,26386921
97skcarroll,26386922
97smcaryl,26386923
97sbmundy,26386924
97ssfernandis,26386925
97sklor,26386926
97sjlindsey,26386927
97sihall,26386928
97selopez2,26386929
97selopez3,26386930
97stmontgomery,26386931
97stlance,26386932
97scjones2,26386933
97smgutierrez,26386934
97sslopez,26386935
97sdemery,26386936
97smburciaga2,26386937
97srbrooks,26386938
97sbmundy2,26386939
97smgamez,26386940
97sjangel,26386941
97snanderson,26386942
97smgomez,26386943
970096939,26418008
97skbarrientos,26439989
97sxgonzalez,26439990
97skvaltierra,26439992
97svlayman,26439993
97sfher,26439995
97stwilliams,26439996
97sjtate,26439997
97stbone,26439998
97seespinoza2,26439999
97sdmcclain,26440000
9785641223,26453677
979798989999,26513248
97sdavila,26561540
97sbshanahan,26561649
97spmcgowan,26561697
97sjsims,26561734
97900HAA,26635281
978899892,26676619
97scybarra,26825795
97serendon,26825844
97skwyatt,26825856
97sdperrymond,26825868
978777,26850112
97547935014,26897213
97Cole,26925195
97katie,26925228
97JUAN87,27707256
970388,27839899
979281887,27872098
977820691,27872099
97romulo,27928096
9747,28040650
9763805,28343008
97710cal,28391622
9772747,28474330
974041,28693822
973893,28749626
9739952542,28768673
975171TasonNoob,28832239
9762451,29005055
970103726,29030563
970078954,29031501
970073084,29032286
973180,29558239
9708hernanez,29746128
970022a,29775177
970024101,29833283
970060193,29833344
970053025,29833353
970055992,29833357
970055663,29833366
970057952,29833387
970056364,29833391
970064797,29833400
970054183,29833513
970057419,29833517
970081179,29833528
970058410,29833567
970056363,29833641
970063274,29833745
970062304,29833980
970055668,29834074
970036660,29834103
970022b,29834467
970058774,29869084
970059826,29869101
970058648,29869620
973440894,29963269
970055261,30034772
97225mw,30101929
970042502,30138462
97080DAW,30172954
970071817,30565199
97321,30566143
97AG97,30625691
9768821728,30912188
9789752113,31006137
9735629739,31006236
979714kk,31241369
979858,31885280
979379,32086472
9781829982,32127523
9792_HOPE,32405961
97_,32523407
970075668,32687187
976834,32702039
97650Do,32852410
9788444,33436211
977tony,33653979
97shamrocks,33730804
97fireworks,33790921
9703214457,33978159
97900haa2018,34316836
97balootcbe,34739700
970096939_test,34845612
9729576823w,34945369
9786csd,35035991
97fortnite,35109092
9785232,35123292
9736414159s,35135011
970097849,35227225
9797676754576878645,35259098
97slesmanatees,35270219
972478,35278716
97jojo1,35395506
970809,35400536
974515,35527931
97imagine,35568132
971005,35817867
9752153577,35901850
970111510,35917322
97342,35960442
971210,37403412
97888,37512148
970409qazJeremy,37529439
977alb977,37650389
97Spacework,37667586
97e,38009702
977471,38535954
97Zak676,38563387
97cool61,38588360
9718452311s,38757636
97595SON,38842934
979967fer,38843201
97J,38927451
9781226,38965090
97342bro,39002942
978nub,39251786
970831,39381607
970100447,39462465
970056256,39504733
970052040,39504778
970070103,39504781
970089345,39508200
970069798,39508236
970055959,39519250
970019553,39519279
970021243,39519332
970039105,39519343
970050527,39519494
97009141,39545880
97heart,39591875
970065017,39591897
97041565,39612971
9785penguins,39618708
9748354,39645196
9773010,39668203
9733760003,39862492
970325,40040932
970092596,40174438
970089243,40174508
970084153,40174516
97092956,40174550
970081656,40174556
970080036,40174581
970086356,40174614
970079586,40174618
970080465,40174748
97Scratch,40181815
970108084,40221696
970055124,40222153
970087470,40222236
97dspace,40256055
977cjm22,40350735
974lovecats,40355696
9726786312,40519559
978457charlotte,40558641
977448,40581801
972387,40593322
972756,40666089
9791439524,40677517
9701021,40717521
970987,40756264
970001274,40777660
973310jaxx,40852480
97813245,40913844
970524,40930840
97707,41059976
973310jaxxx3x,41060133
97name,41209966
975Luna,41266076
974562,41346549
97hcollins,41347782
97590104,41360168
970601,41493168
970801,41493225
97835kel,41693717
971030,41887623
9790497904,41960517
97jungkookbts,41976622
97028njv,42410093
97005jnn,42410703
97836,42412929
978360,42413312
978213,43459687
971x,44194917
971120,44367048
970301rory,44510782
97633,44748197
9700362,44887347
973440868Lorenzo,45566861
97p,45650198
97203DrawnChessman,46738732
976y,49819047
9766968710,50046325
97Gillyweed,50304809
970103632a,51758532
975231,51951896
9716666bp,52630701
9716736FW,52632703
9716652KO,52694675
9716478,52742482
978009,53166986
97453,53333638
97302b,53333676
97i,53692037
970099061,54197517
97654219,54468254
979555,54615696
9759682621,55280765
971998,55289601
977965,55290193
975916,55589243
972373,55589357
9759161,55589400
97n,55846649
97ooiijy_1,56155890
97olp,56167103
97979797_97,56172942
97979797_9797,56173049
977032,56197146
9776_2020,56469259
97w,56692502
974_Baguette,57375977
97RED97,57718094
975maskulen,58538108
97_3pro,58974081
97g,59161680
9705632,59385133
9776937683,59828108
97D,60217256
973442136,60947784
9798473426,61051943
97mash-up,61713234
9799MrWong,62549982
974776,63658078
971013arod,63792814
97ar77,64392109
977ilhamnaim,64410173
975nilbasak,64410190
9760410401,64483482
970AA895,64504626
9774562615,64691294
970087957,64804370
9775Stream,65219941
97u,65396708
97659oc,66449697
97104fan,67004231
974166802,67763901
97637cs,67807538
97902mt,67807672
97335dd,67807676
97-5H,68095357
979790,68483317
9796pig,68561413
9749rat,68561419
973014pdsbnet,68720305
977500,68844497
975AMS,69018651
97-6,69035493
970426felix,69629362
97mustangs2021,69843999
9797640f,70233218
975098565,70420946
976r,70579110
9768B7,71116939
97x,72215428
97kaydenbrown,72394486
97834563,73078637
975837,73095162
97888275648997416,73760514
9723389436,74073273
975099s,74143511
970001401,74155038
97c,74433727
970ecrin,74805681
970w8ed6,75150712
97ikb-sol,75302736
97801432,75347299
970062253-Cole,75579372
97865421234567765432,75624084
974611rq,75873385
978070,76234172
979744,76383140
97878646375747385674,77187725
97Q,77260167
97y,77375959
978862,77448934
971040,79573827
97-a64b,79599817
9797sp,79655906
97723172,79958655
97s1stem,80313977
97804986,80444534
973AH,80621349
976HK,80622335
974BO,80622866
977977,80799062
97v,81533579
978gokce,81928847
970218812079,82735709
97yuu,83178213
9708766,83871235
97439,84493375
97225moll,84554055
97b,84638301
977rainbowroom,84760233
970JC,84766543
976445678o6674r,85806277
97-11-29,85857658
970g,86527989
97r,86924989
976181,87032450
976devi,87435907
9767673786784876,87556371
97O,87589305
97M,87589313
97Z,87589321
97L,87589330
97F,87589340
97T,87589344
978525,88397012
970972i,88397483
977523,88494247
970345,88646017
975802,88646235
970345E,88659203
970345d65,89052562
975522,89058012
9734404pas,89210891
97mimiscratch,89873393
97ee,89926558
971711D,90119136
97clearapple,90133890
979JC,90221458
971711Dtest,91125084
97846510,91585822
97finny,92530793
97RAMENIMPACT0,92791612
9771292412,93081347
97805567,93369285
97_Scratch,93465915
9731nekcihc,93477901
974Hassan,94573000
977437,95959777
97874984948,96425706
9724861864,97412027
9769769769769761,97778997
97ASR,97890774
976oppiyui,98313774
97104theCreator,98334270
972236545928,98525712
97676443,99025138
973064R,99841526
979313Kn,100207025
9746AG,100411850
970478,100430407
977899,101169245
97tomato,101378123
9711086slams,101503978
978d,101843122
97weirduniverses,102888592
974621,103132001
977-AZQEE,103831835
975248316,103833947
97blueham97,104343108
975yvhgynrdytrrfrfr,104416971
9742g,104609500
97Maha,104836381
976987087,105542269
97320486,105852803
978310,106279037
9797Ilovecats,107238201
972648,108190255
97cubinhos,108264888
97855,108426353
9712o,109048820
97915cake,109139392
97jackcat,109788941
97footgame,109788944
979877,109829874
97iu,109970560
97734645,110651907
975975hi,110853220
974iizhe,111302543
9786976,112929630
978968989,112929632
979869,112929651
97869789,112929653
97329s,113106360
97328s,113106363
97941s,113106372
97237s,113106387
97975s,113106576
97989,113358774
97highjump,113510032
978979,115077311
970000,116648521
97692NH,117451328
97533833,118340747
976351j,118560516
973plm12,118858386
97RL_BLUE,119624570
978746ct,121491204
97Make,122363949
972564,123346887
971463,123347471
976b,123503676
973476,124700767
974025mc,124700804
97sleeping97,125028560
97_BubbleTea_79,125171301
978502,125891608
97io,126223217
97105,126249704
978502bis,126545361
975898,126561560
9728930,126563277
972koprulu972,126911759
972koprulu279,126911791
971702BIS,127475964
976536786,127510906
978289175,127790876
9773db43,128117851
9715253,128327382
97110LC,128714277
97295EB,128714278
97824ET,128716059
97255BF,128716070
9742695u,129184650
97isbad,129422745
977551NA,132853892
971883AB,132853940
973Hotdog,133794528
972405mooi8,134412261
97876292,138726137
97_104fan,139548651
973131413,139787633
