7031,37317
700pplus,110484
704099,116658
70s,141713
704162,159476
704887,159485
704446,165920
706,185099
700,209440
703,210380
70sman,305378
70248,362237
707,384678
707wldn,426005
704714,461124
70403,483937
70401,483946
70402,483947
701,494917
70mustangmatt,510925
7032,533423
70DUNY,549531
70024,616795
70104,629775
70016,641899
70031,641912
700037001,650043
70930,706906
707717,707717
7038346,726939
705,746923
70810,756662
703092133good,765964
701aleja,928271
708,972070
7023356,1294107
70635,1302778
70163246351,1326206
70103,1406429
70900,1410581
706657,1763274
7040904,1769326
707823814,1851804
70209,1947995
7066ghdalsrb,2052442
704306356,2153918
70688441,2167049
7086321,2169895
705587490,2178645
707990689,2178760
706070,2262641
703153825,2293306
707172,2305081
70574,2346810
705286,2449841
704881,2461346
7098,2556755
7024,2688378
702479,2802217
703491,2802219
703398,2802229
703154,2802231
702833,2802243
707445995,2846822
7021Emma,2964443
7023203,2966662
705student,2995637
7000jakez,3003164
70789my,3047765
702poo,3096149
7043656,3106232
7000242,3111001
70636,3118944
70703,3131259
7000,3135926
70235,3148443
70226,3148461
70236,3148462
70227,3148463
70905_,3148991
702Clutch,3154056
70808,3165247
70334shawn,3167767
707240137,3217029
70206,3227415
70906,3227737
70332,3236827
70816,3237374
7040328262,3394446
702644,3439641
70-O,3450822
70437,3476731
70-apple,3477393
7090antidote,3489892
702650,3506608
70311,3524112
70505,3525576
70N8TH8N,3535497
707205,3590019
702official,3597642
7001818,3704885
7001826,3704919
7001099,3704988
7002150,3736891
709302,3850188
70921Wendy,4179961
704888beeen,4264830
70936,4271056
7042,4574696
700XCD,4699276
705211,4720545
70653,4763358
700lives,4819553
70145,4822007
703minecraft,4910558
7097,4944444
702008582,4944934
704554,4945270
704020,4945280
709778,4945526
708cool,5028622
701douyandy,5339660
702321004,5405180
7053741,5500794
709464,5724794
707484428,6061782
700810,6099768
70318,6548296
705124,6645968
7002229,6675506
70ewa07,6739538
70125,7457610
702362,7560608
701347,7572378
702558,7961236
70coul,8502006
7099970,8694654
701710217,8916146
702263202,8917006
707609,9342504
70274,9769854
700pd,9999812
708amg05,10292954
70140,10355710
7001,11091972
70179,11113834
704,11206016
702,11716460
709,11802792
707danny707,12218436
70011987,12619146
70011786,12625830
70007321,12626256
70001403,12628462
7072859hi,12842582
7099,13651974
700AlexRider007,13709641
705timo,13850358
705305,14201901
700030570,14319028
704784,14471331
707913,14528149
703788,14528162
7041,14566812
7051,14677209
70667,14692319
709455,14805323
704902,14805328
704191,14805335
709546,14805353
70761,14890566
708-1007,14899802
702061,15012426
702223,15622877
702227004,15703777
708287,15767797
70d,15772688
7026,15812743
70chlwjd,16276752
705297,16363412
70p,16364707
700161,16733705
70b123,16987892
70694585,17071491
70758,17710946
70356coolluigi,17751938
7077,18011406
70506,18092451
70037crowleyisdtx,18117620
70070crowleyisdtx,18128939
70700,18180488
703502,18247757
707islife,18248402
704372,18250530
704658,18250627
70_makayla_sm,18298331
7072cvusd,18331932
7027cvusd,18349448
7040c-vusd,18351630
705090044,18381062
707Nightcore,18381733
705407,18399154
7064cvbusd,18427873
7084cvusd,18439016
704733,18460117
7085cvusd,18468701
700695,18474564
701230,18476218
701283,18476309
700569,18476326
700694,18476381
700663,18476613
701510,18476688
701227,18476882
70Jesse,18493133
701011,18503730
700698,18508967
704381,18534711
701525,18538623
7007707m,18541511
7007700,18541558
7002073,18541562
7003572,18541629
7002283,18541631
701549,18567117
704MalClum,18668833
7070cvusd,18692245
707IsHere,18730739
707_,18747667
705953,18792033
702646,18792040
7089cougars,18799619
7073cougars,18799626
707143,18835570
701138,18865350
7067998881,18996150
7018013,19052286
7064cvusd,19090142
701023,19124441
707325,19212420
702282,19214037
701163,19298059
707363rr,19366489
709140,19366924
702623,19367242
700837,19393583
700909,19415928
700941,19423899
700761,19431000
701058,19437633
700910,19469385
706328,19482680
700866,19491975
705079,19709693
704639,19709749
707cat707,19801939
70ynnad,19831507
700618,19834337
7065JEEP,19838325
702aiden,20015994
704274,20094406
706151,20094460
708836,20094786
70Sims,20125805
7002026,20332224
701092,20336276
70s_80s_Rock_Lover,20344664
705309,20423763
705435,20423807
706brO,20423884
707-,20441490
7019999,20665087
7059999,20665184
7079999,20665211
7069999,20665244
7029999,20665298
7049999,20665321
70050fran,20671629
702211,20754366
706068,20754507
7099999,20770364
7039230606,20836881
7087z,20892328
700gang,20900733
701886Gar,20982574
701761Mal,20982575
701696wsgc,21026007
700792wsgc,21027799
700906wsgc,21027802
700817wsgc,21027819
701719wsgc,21027821
701579,21040695
70u,21058155
700513,21069455
700413,21069473
700214,21093534
707error404,21110576
70017409,21124066
700201nhg,21181335
700744,21218963
7002289,21408974
7003662,21408976
7001976,21408978
7002329,21408984
7000353,21408987
700853,21442354
701262,21442382
700698Rumph,21515153
700862,21515161
700683,21681181
703133S,21787752
707juminhan,21812477
702yuyuki,21829687
70sai,21910797
7080250199,22097156
701129921107,22097523
707999,22230792
7086AS,22387198
70007323,22396612
70019041,22396678
70009699,22396685
70005238,22396688
70006669,22419569
70004620,22419576
70009979,22419577
70021206,22419602
70012986,22419614
70003421,22419616
705386G,22664078
70345,22668329
706136,22765439
70BAGDLOL,22773572
707isgod7,22806826
708056,22990657
70bananer,23155681
707_Extreme,23187849
709390,23279928
70i,23312680
708208,23315283
700152,23345425
70vawe70,23376244
700475,23459555
703658380,23915606
70000005,24358044
70000008,24358052
70000030,24458765
70000029,24458766
7000040,24461278
70021845,24556865
70o,24636619
701839,24640567
70228tyu,24682666
7040dog12345,24799224
7000174252,24883369
705H,24975702
7069999s,25062283
7019999s,25062292
7049999s,25062297
7039999s,25062298
7029999s,25062303
7099999s,25062306
7059999s,25062322
7069kamiya,25107763
7016nico,25146163
7057721099,25203632
703217,25220367
703165,25220369
702777,25220371
700898,25220379
702595,25220383
703418,25220388
701871,25220389
702923,25220391
702858,25220396
700308,25220410
700917,25220415
700871JM,25220435
703236,25220452
707628,25220476
704370,25220479
702975DC,25220481
700805VG,25220490
700827HG,25220506
704934AH,25220517
702809OJ,25220524
702785JL,25220531
703256EM,25220537
701351JQ,25220551
700841BS,25220564
702942JS,25220565
701517AT,25220572
703406RW,25220580
704934ZH,25220615
704217,25258868
7000421,25269593
700554,25301816
7070phs,25366846
70-kg,25413040
70773,25425716
708328,25545174
702764,25545178
708396,25545191
708414,25545195
702600,25545197
702875,25545248
709770,25545249
703137,25545250
700908,25545263
700436,25545273
709967,25545289
701143,25545304
709770dro,25545364
701365JS,25577580
7025970,25580536
7004800,25580539
705080ac,25580808
700827wsgc,25606471
700877wsgc,25606486
701183wsgc,25606489
706090061,25628466
706090011,25628467
706090058,25628468
706090059,25628469
706090032,25628470
706090020,25628471
706090053,25628472
706090051,25628473
706090012,25628474
706090013,25628475
706090003,25628476
706090002,25628477
706090021,25628478
706090006,25628479
706090055,25628480
706090060,25628481
706090017,25628564
706090056,25628565
706090046,25628566
706090007,25628567
706090052,25628568
706090005,25628569
706090001,25628570
706090039,25628571
706090049,25628572
706090010,25628573
706090030,25628574
706090047,25628575
706090033,25628576
706090041,25628578
706090040,25628579
706090043,25628580
706090027,25628581
706090026,25628582
706090025,25628583
706090016,25628584
706090004,25628585
706090014,25628586
706090009,25628587
706090008,25628588
706090018,25628589
706090028,25628590
70846,25638009
70001646MC,25644078
70002037MC,25644094
70001716MC,25644099
70001717MC,25644109
70001904MC,25650940
70001661MC,25650958
70001563MC,25650961
70001725MC,25650977
70001886MC,25651392
70001803MC,25651403
70001958MC,25651405
70001681MC,25651417
70001851MC,25651421
70001921MC,25651429
70001658MC,25651434
70001656MC,25651508
70001776MC,25651509
70001845MC,25651510
70001782MC,25651511
70001739MC,25651528
70002429MC,25651529
70001645MC,25651531
70001750MC,25651532
70001706MC,25651535
70001957MC,25651536
70001697MC,25651539
70001643MC,25651543
70002428MC,25651546
70001633MC,25651555
70001581MC,25651634
70001786MC,25651639
70001956MC,25651642
70001896MC,25652097
70002009MC,25652099
705080adc,25653778
7004129,25655481
7004120,25655482
7003689,25655483
7003717,25655491
7003706,25655492
7003690,25655493
7004064,25655494
7003692,25655495
7004170,25655496
7003680,25655497
7004200,25655498
7005007,25655499
7006478,25655500
7004142,25655502
7004524,25655503
7003703,25655504
7003705,25655505
7004744,25655507
7004024,25655508
7004079,25655533
7004337,25655535
7005819,25655536
7004068,25655538
7004731,25655541
70kgsofbacon,25687258
7004042,25687784
7000903,25786904
7004073,25786907
7008930,25821832
706090055A,25830817
7060900551,25830842
70381k2,25876220
70796,25883567
70206m,25883584
70660j,25949507
70453,25979056
70218,25979102
70282,25980941
70290,25981126
7006423,26014181
700401,26048072
70833f,26076588
70651f,26076670
704Student1,26103847
704Student2,26103851
704Student3,26103852
704Student4,26103857
704Student5,26103859
704Student6,26103863
704Student7,26103867
708010,26118473
707084,26118494
706269BW,26118722
704121KC,26118790
706634,26118944
705909,26119052
704295,26119214
705364AS,26119457
706457,26119659
707081,26119718
706249,26120053
701521,26120160
700256,26120221
701898,26121871
709838,26123654
701646,26123698
700147,26123734
703728,26123879
707402,26123890
704638,26123947
700904,26126527
709758,26126581
709937,26126609
700861,26126620
708255,26126631
700187,26126642
703226,26126666
702859,26126735
703346,26126749
705376,26126761
702144,26126779
700777,26126828
700722,26126839
702969,26126887
707978,26126915
701612,26126928
703984,26126959
702933,26126986
708636,26126998
700707,26127012
703244,26127023
703258,26127047
703122,26127097
701180,26127113
703334,26127132
701733,26127212
700190,26127216
700266,26127284
701815,26160777
7004742,26167777
70680f,26188586
70UK,26244867
707925,26249146
707925RS,26249738
706215,26249761
703268,26345083
706090018B,26513652
707-JD,26616513
709982,26648608
706258,26706275
70690,26745857
704959,26847755
7025270,26946818
70068,26991328
704329SM,26992642
708663,27025684
709537,27051139
708515jg,27125722
701234CHC,27125747
700219cg,27125766
701383wm,27155505
700307gs,27155559
702147nm,27155572
701554i,27155581
704298k,27155657
70Z,27223944
707895e,27288496
707318,27288702
703265,27289652
707777707,27336194
7077070,27592002
701055,27732442
702423,27741730
706635JG,27749704
706781,27776054
70039,27781232
703133,27826739
707433735,27872067
703110,28001319
704962,28001333
702315,28001343
704142,28001374
709589,28001423
702333,28001440
709285,28001477
704495,28001490
707462,28001520
703929,28002154
708848,28002322
705302,28028976
705967,28067757
701767,28071614
702632,28081188
702403,28099540
705209,28099589
704850,28099593
703538,28099600
707285,28099625
707863,28099740
702896,28099761
702376,28100026
705gaming,28114747
706sans,28155091
70kgsofham,28181313
705679,28194986
704JellyFam_Dimes,28229572
70826XD,28249591
70920,28251932
709277,28251938
709288,28251978
704_Flyer,28266163
70721paul,28290488
706090002A,28332415
707Alexandro,28417454
70566,28597074
709469,28609898
700paws,28615012
70873,28782331
70939,28782383
70180,28782416
700324,28818311
702490cbraun,28888165
70225562,28969708
70216392,28973506
70216260,28982372
707544,28996708
70090835,29407986
708952charlie,29547817
708888ashag,29557183
705911,29591910
70001886,29773728
706001,29774277
70112996,29912268
7002089,30051724
7006419,30051725
7007436,30051726
7006533,30051728
7006889,30051730
7006093,30051738
702467,30055890
7068704,30097478
701710,30099316
70182cassidy,30221646
704331,30226246
704922,30231087
708F,30232337
701081n,30428118
70xchannel,30445308
703712,30463119
706sam,30471179
7007481,30487965
704793,30496489
705165,30526394
703921,30584674
700student,30666840
706572KB,30674402
7089ta,30802857
705945,30803160
70511sto,30837635
70594BOW,30837687
70c,30841363
70pchefj4,31077857
703790,31195720
70263ern,31453591
708F_2,31849414
7043273,31966645
702507ml,32008597
7003921,32138838
703750,32144174
703676,32144203
7078grape,32183372
70438fms,32219036
7006240,32456857
7003804,32456859
7005953,32456860
7005952,32456861
7002032,32456862
7006238,32456863
7002086,32456864
7006479,32456868
7006417,32456874
7006094,32456876
7005900,32456877
7004629,32488940
7006227,32489433
7006105,32489435
7006418,32489437
7001878,32489438
7006518,32489439
7006404,32489440
7006075,32489441
7006095,32489443
7004690,32489444
708831,32531974
703739G,32538384
704022S,32538399
704140I,32538494
708ncs,32570040
709ncs,32570046
701ncs,32570056
707ncs,32570065
702ncs,32570072
700ncs,32570541
704ncs,32570573
7006192,32629677
7004650,32629861
709576,32658529
708831708831,32713687
702498u,32756724
70074loccsd-ca,32762391
70RivWan,32818996
7006450,32856705
7004770,32856749
7006037,32858523
7006190,32859294
706Henry,33101739
707kikiHiHiHi,33428739
70l,33509514
70471,33618345
70230-106,33626950
7039hg,33697289
70gamergames,33712418
7001ha,33745572
7026si,33745582
7054yi,33745625
7002na,33745630
7042si,33745631
7018ra,33745661
7094ho,33745757
7027hi,33745924
70869,33827576
7018ra_,33889832
7029ki,33889861
7059ki,33889930
7075885219,33907020
70532,33913511
70257035,33986419
70DigiKid,33990970
70po,34023592
70681,34027991
70231abc,34068558
7031Nono,34110045
7007330J1,34384491
7094oki,34393987
70395,34655537
70061isaac,34655553
70011,34656297
70483isaac,34657480
70286,34657496
70337isaac,34658427
70466,34689434
70X,34736682
70043,34786585
70001864,34906296
707648,34928826
708503,34928827
700833,34928829
701369,34928830
704454,34928832
700409,34928834
704915,34928839
700976,34928841
701320,34928842
703149,34928843
705534,34929268
703775,34929270
704049,34929272
701909,34929273
703854,34929277
703585,34929278
703686,34929283
703859,34929285
704434,34929304
705778,34929314
703524,34929316
704387,34929317
703230,34929318
704599,34929321
705834,34929322
707992,34929325
703429,35000111
701499,35000211
701021,35000355
705427,35000429
707220,35150683
705733,35188604
705493s,35188776
703933,35223755
704856,35224445
704869,35236065
704499,35236156
70slesmanatees,35270261
701355,35296485
704985,35301829
703427,35380842
700759,35422237
700T,35468892
705298,35468933
704830,35471061
707469,35492879
70imagine,35567113
704223,35648013
704130,35648291
70218r6,35695278
70651r6,35695284
70290r6,35695287
70292r6,35695291
70lYNr77i7,35780899
70WPFlc5L6,35781032
70024579,35803945
702844,35882639
701baloowre,35918590
7000023,35939002
708120181,35981297
708120182,35981397
708120183,35981403
708120184,35981409
708120185,35981421
708120186,35981433
708120187,35981445
708120188,35981459
708120189,35981474
7081201810,35981485
7081201811,35981499
7081201812,35981506
7081201813,35981512
7081201814,35981521
7081201815,35981528
7081201816,35981537
7081201817,35981549
7081201818,35981559
7081201819,35981573
7081201820,35981587
7081201821,35981602
7081201822,35981623
7081201823,35981638
7081201824,35981650
7081201825,35981656
7081201826,35981661
7081201827,35981670
7081201828,35981677
7081201829,35981683
708420181,36008204
708420182,36008255
708420183,36008328
708420184,36008355
708420185,36008385
708420186,36008425
708420187,36008456
708420188,36008492
708420189,36008563
7084201810,36008683
7084201811,36008711
7084201812,36008739
7084201813,36008790
7084201814,36008815
7084201815,36008857
7084201816,36008891
7084201817,36008913
7084201818,36008945
7084201819,36008976
7084201820,36009009
7084201821,36009055
7084201822,36009090
7084201823,36009135
7084201824,36009165
7084201825,36009199
7084201826,36009262
7084201827,36009316
7084201828,36009340
7084201829,36009362
7084201830,36009382
700009-fss,36017636
704349,36018603
703948,36047243
70413,36067206
7064123624,36095461
70002-02,36423812
70004-04,36423974
70005-05,36423998
70006-06,36424037
70007-07,36424100
70008-08,36424140
700012-12,36424167
70015-15,36424201
70016-16,36424279
70017-17,36424321
70020-20,36424357
70021-21,36424430
704402,37443973
704696,37444158
707510,37446763
700394,37446793
708742,37483240
7087415,37564613
705007,37576012
705peter,37720901
706769,37726961
700127lp,37986303
70827,38021405
70sshow,38204928
709748,38304962
70popcorn,38413714
703782,38430655
70669hummel,38432889
70362cor,38432948
70735wiles,38435842
700oluap,38453360
70020483,38655693
70021164,38655695
70027273,38655699
70021291,38655701
70026463,38655713
70021191,38655720
70026554,38655724
70019890,38655731
70021193,38655734
70021145,38655756
70021122,38655760
70023513,38655773
70027046,38655780
70023562,38655800
70021239,38655810
70021496,38655819
70019873,38655864
70019964,38655869
70026171,38655877
70021179,38655894
70022214,38655925
70018856,38656150
70182Cag,38694103
703315,38803882
707Saeyoung_Fan,38818687
70027983,38834117
70026062,38834121
70027007,38881640
70021133,38881696
706gaming,39046122
70021032,39105083
7011111,39113334
706305,39208400
70826dem,39211149
70726dem,39215805
700bkl08,39225390
70151,39248230
704115spb,39464300
701-16,39527536
70022QwQ,39527547
702039,39557560
707Sharka,39652128
707sharkd,39652550
70am,39717453
705472Wanesville,39728622
706258_,39728680
7000714,39897195
706ScratchTeacher,39928302
706768,39953623
70728a,40027992
705774,40160203
7066275252,40162539
707299,40221253
703001216,40277174
703033297,40306007
704744,40309699
708161,40432929
707sharkb,40547934
705138,40558517
705138teji,40558678
706371,40593422
702644947,40638355
706476Alex,40665722
700651st,40673294
7012340431,40717400
706600,40755954
708646,40756025
70021134,40775863
702107028,40855959
7008427,40886679
7007462,40886690
7007282,40886723
7007813,40886729
7007892,40886732
7010728,40886761
7006940,40886767
7007436d,40886785
7007431,40886795
7007540,40886811
7007789,40886824
7007285,40886829
7005775,40886835
7007567,40886839
7008002,40886852
7004542,40886859
7006586,40886865
7007297,40886870
7007237s,40886881
70558,40962147
70056,40962155
70541,40962166
70482,40962199
70543,40962200
70296,40962205
70071ME,40962239
70074-Mike,40962243
70Hector70,40978364
702375,40999329
70mx70,41012147
70541cruz,41057245
7039681,41081949
703904,41176914
700855,41176959
703_chen,41329342
702337rose,41356968
705defne,41411532
70019533,41426321
70022055,41426331
70025778,41426334
70020127,41426338
70028587,41426342
70019903,41426344
70022865,41426353
70027918,41426356
70021076,41426362
70021117,41426365
70023289,41426378
70021240,41426379
70022035,41426383
70019886,41426389
70029086,41426403
70025889,41426406
70019888,41426409
70023209,41426410
70023375,41426421
70024795,41426441
70023643,41426443
70019856,41426446
70028509,41426456
70020164,41426549
70028589,41426576
704199,41461974
70furkan_batman,41468829
700010,41522041
701_turta,41574476
7033011,41695792
703766,41695833
70364liv,41849198
7027152,41931324
70YEAROLDMAN,42119602
7002113,42185012
7008225,42263914
7009002,42263919
7005898,42263928
7005431,42263960
7005776,42263969
7007854,42294978
701291533,42497389
700181486,42588229
70hp,42607009
700cats,43811564
7053-4HWerner,43857342
7053-4johnson,43857385
7053-4gruffner,43857459
7053-4cnoel,43857475
7053-4lhess,43857480
7053-4bdelaurentis,43857486
7053-4sjarrett,43857491
7053-4jyulsman,43857495
7053-4rmatt,43857509
7053-4jrappaport,43857513
703001698,43860064
7053-8gspitznagel,43903105
70538mgambino,43903132
7053-8msegal,43903148
7053-8jsmith,43903170
7053-8Cenglish,43903175
7053-8eharmaty,43903176
7053-8rlee,43903178
7053-8ssydney,43903179
7053-8aharrington,43903185
7053-8Mshaffer,43903192
7053-8jacker,43903197
7053-8gmayover,43903203
7053-8tbrady,43903205
7053-8Awalters,43903235
7053-8lbass,43903240
7053-8jjoyce,43903259
7053-8gspitz,43903288
7053-8tburt,43903289
7053-8ofrey,43903320
7053-8mshaff,43903322
7053-8Ljmiddleton,43903426
70534dll,43957604
70534sv,43957607
7053-8gspit,44006170
7053-8nburgess,44006201
7053-4gjohnson,44045362
707evren707,44145162
70_Comrade_07,44520412
7053-Tburt,44733336
7007114,45275388
7007793,45275416
7007672,45275426
7006938,45275438
7007452,45275463
7007628,45275475
7006057,45275483
7007274,45275509
7010634,45275524
7008147,45275541
7004516,45275551
7007790,45275562
7006945,45275572
7007426,45275585
7006937,45275595
7053-8gspi,45306974
7053-8gsp,45307112
706186,45309101
70027392,45311471
70022224,45311482
70022148,45312571
70021540,45312686
70MS_,45319348
70bugs,46434321
707imagine,50215092
702imagine,50215098
709imagine,50215100
701imagine,50215104
708imagine,50215108
700imagine,50215111
706imagine,50215128
70113OR,50370124
700128val3,50419633
700117val2,50419938
700124val2,50419943
7000622,50466373
70678,50497246
70908BrendonS,50542712
70537DevinN,50542726
700131val1,50584908
704564,50669265
704922H,50681276
700703,50681281
706455,50681382
7090012,50709630
7090043,50709635
7090049,50709640
7090003,50709645
7090024,50709646
7090005,50709647
7090004,50709648
7090007,50709649
7090006,50709650
7090009,50709651
7090008,50709652
7090020,50709655
7090064,50709671
7090019,50709680
70Water_Melon07,50870541
70chevelle2,51023314
701288,51095491
70129drewr,51323452
7044564,51336286
70098DA4,51361417
7053-5ZDzz,51464395
7013480520,51586291
703327,51601933
7053-5ZDz,51662190
704SEP19_8,51789486
7053-5ZD,51790473
7053-1RDA,51830829
7053-5ZD123,51890272
7053-5ZD12,51973411
7053-5ZD1,51973577
7053-5ZD1278,52063392
7053-5ZD127,52063586
7053-5ZD199,52063624
7053-5ZD198,52063640
70845,52074234
705Daniel,52221478
705Alex,52221487
7053-5ZD19,52264825
7053-12RDA,52305785
7053-5ZD10,52365664
705Illusion,52389514
7053-5ZD89088,52453224
7053-5ZD8908,52592908
7053-6AWeir,52742357
7053-6KVakil,52742393
7053-6sstimmel,52742412
7053-6pcifra,52742503
7053-6jryan,52742582
7053-6Rkakhia,52742600
7053-6jraebiger,52742629
7053-6RABERANT,52742633
7053-6cyoon,52742653
7053-6lcraig,52742657
7053-6iyoo,52742660
7053-6gdietrich,52742667
7055-6spenrose,52742672
7053-6Flautsch,52742678
7053-6ttilghman,52742697
7053-6pcifra1,52742699
7053-6kdugas,52742705
7053-6DMcGarry,52742722
7053-6JMedrano,52742738
7053-6CMcCleary,52742758
7053-6iyoo1,52742773
7053-6KMorrow,52742794
7053-6pcifra29,52742845
7053-6KVakill,52742885
7053-6cconway,52742948
7053-6jrryan,52742963
7053-6cconway25,52742995
7053-6CBMcCleary,52743020
7053-6SStimmelf,52743134
7053-6Sstimmelf1,52788107
70m,52814639
707demir,52889879
7053-6pcifra299,52947314
7010yuu,52985844
70a,53083081
7053Jsacramento,53111091
7053M_Bananis,53111576
7053GStrassburg,53212205
7053SDelzotto,53212368
7053RORYDIJOSEPH,53212555
7053JoshT,53212902
7053rpeterson,53310708
704277,53386034
703003244,53617294
7037790034c,53805632
708cm,53865305
70k,53866704
7005837,53890055
703126hj,54041596
7052soccerboy,54066016
7053-25noh,54066663
7053-nbonanni,54368849
700rainbowz,54422534
701U16,54548273
701377,54704622
705o98,55589295
702341ChloeH,55657486
705550_is_my_name,55716004
70tree,55742928
708403,55990331
708403reza,55990597
707gacha,56002981
706218,56102201
707750,56122968
70707B,56167626
705000,56197230
703755703755,56223576
7053m,56329922
7053clafferty,56381498
7053Jcastillo,56381546
7053ralison,56381570
7053mchung,56381577
7053ssalin,56381578
7053klee,56381602
7053lhepler,56381681
7053dsorichillo,56381683
7053eregan,56381697
7053mtlapavelasco,56381699
7053elee,56381736
7053Arianap,56381739
7053wkirkpatrick1,56381787
7053equeenan_,56381800
705060,56406378
706531,56448406
7052Bschwartz,56478032
7053j,56551028
706524,56910243
701umut,57078482
705971,57177542
709807,57232996
70907AA,57299021
700kgolden,57343380
7051754,57437102
7060MrWong,57461714
70_,57557837
7098jio,57606253
701039mr,57672029
707807,58087557
700_ELI,58165532
70angry287snake,58868804
7008636388,59040098
703awsome,59327868
70cybers,59670512
700Phantomias007,59876757
706479,59971879
707-Hacker,60015857
7009006,60478711
706anka,60738659
700CP,60742787
70B,61357439
70_Pamuk_06,61395379
708cookies709,62250462
70848JB,62321379
70angry287snake_test,62633444
7000854potatos,62635151
707974,62695706
7000_lol,62830687
702cifuentessamuel,63044267
70PES2025,63302006
70PES2026,63302141
701kei_morimori,63395185
7059653,63503690
70995,63657427
7082Abdirahman,63718748
7028Mawa,63718752
7001Hamza,63718754
7053Tahany,63718756
7089Adan,63718839
7002MohamedRamze,63718840
7012Salmaan,63718844
7085Naima,63718848
7017Hawwi,63718849
7033Maaida,63718856
7055Reyana,63718858
7054Anas,63718859
7060Milki,63718860
7018Munira,63718861
7081Laial,63718862
7064Nuran,63718864
7003Asmah,63718916
7083Hawa,63718920
707070770,63833423
700afasrefaz,63860473
70657CMS,64096040
705768,64450191
70162,64455903
704j_Testacount,64523162
70farfar,64609006
705822,64678846
704878WHIT,64679479
706848,64692931
705955135,64903828
7000_test,65185441
7000cats,65231026
701025,65267249
707_cherryblossoms,65771285
70bassgirl07,65917730
70s_Taylor,66129505
708183Fr,66432341
704673a,66574240
70maple122,66776381
70bugs_Alt,66839140
7050000,66882321
707567277223,67094582
709gold,67131471
706gold,67131605
701gold,67131617
704gold,67131641
702gold,67131652
708goldA,67131743
707gold,67132000
703gold,67133728
70518BMS,67143149
7010653,67461945
70vlvenochiron1234,67573679
70656cms,67627127
700_test,67717534
704264009,67763754
701_500,68177372
705Kitten,68456037
70scratchuser1224,68571150
70838BMS,69217011
707770,69418149
70nikpmupyttej,69504945
70mustangs2021,69843959
70g,70273026
70762,70642616
7001Hamza_test,70842553
7000_STEM,70936494
704bbuck,70987535
701807,71045289
703721AH,71045373
701807LH,71045610
703688,71045805
70659876wtysdh,71092449
700020,71253107
702133,71253193
703405,71253478
700027,71253838
703MELIS703,71505264
700dyl,71887971
7041648,72072964
700dyl-Alt,72255046
7098888dog,72397890
7080ab,72759433
700thlike,72825833
70-,72995685
704P,73066002
70f,74248039
700dyl-Student,74950464
7001254,75065929
701_Ruyasukurutlu,75109169
70823CMS,75288237
70stars,75349910
70it,75370990
70ti,75371878
70candycat20,75470777
7080tyg,75896165
709763LM,76371303
704Green,76593128
70000000000000000,77242794
70M4NDJ3RRY,77656709
7001F,77671106
70rd_80t,77843908
704-x19a70,77847615
7096smdingley,77894203
7011smdingley,77894216
7035smdingley,77894265
7039smdingley,77894306
709863LM,77973255
707-Or-Seven,78302534
70kCJ,78520053
70kakeru70,78608491
707AN,78796460
7080tyg-2,78810402
708217,78885424
70885,79087004
7095110,79094489
707547,79306756
70th_noob,79574657
707ssy,79626593
70_ALT_Accounts,79856999
70mai07,79916289
701132tnegArM,79936480
703woochan,80290924
700ny,80438117
703667,80783966
701-40,80795704
705eleve2,81175809
705eleve4,81175835
705eleve1,81175840
705_eleve16,81175842
705_eleve12,81175867
705eleve19,81175869
705E_eleve20,81175878
705eleve10,81175892
705eleve23,81175903
705eleve6,81175921
705eleve21,81175931
705_eleve9,81175944
705eleve8,81175953
704eleve1,81176029
705eleve15,81176071
705eleve13,81176079
705eleve17,81176103
705eleve3,81176435
705eleve9,81182033
705eleve18,81302902
70929kung,81565421
70axon,81762835
700bb,81814286
701463701463,81851173
7010k,81973138
70Darkninja,82041030
705398,82044785
700805jw,82157266
701756,82170528
701948,82172067
70707070707070707070,82199734
7000b,82693311
702cheetah,83055616
705MP,83063449
7001_lol,83303996
707Mammon606,83481022
704bluekangaroo5,83536288
7000ba,83550654
7000bsss,83553211
702Blacksnake28,83659417
702blackjaguar16,83659816
702purplelion01,83659922
702Redclifford58,83659925
702greenbear170,83659946
702Bluejaguar2,83659953
702joslynn2,83659954
702redlion66,83660007
702blackpinktiger23,83660037
702purplepanda410,83660048
702greenfox29,83660053
702whitebear4,83660090
702yellowbee21,83660137
702Bluedragon60,83660169
702yellowmonke64,83660174
702jaden,83660190
702greendolphin12,83660204
702Blackmonkey7,83660281
702greymonkey13,83660352
702purplepig5,83660376
702purplecheetah34,83660407
702whitedragon,83660632
702yellowelephat2,83660689
702redant6,83660722
704blackcat16,83732820
704blancoperro12,83732844
704yellowrabbit74,83732859
704eminaya2809,83733001
704blackpanter79,83733039
704bluecheeta7,83733165
704bluegato098,83733179
704whiteSnake,83733267
704blancoperro30,83733296
704whitebear34,83733359
704Loadingbella,83733613
704Purplekitten27,83733615
704Loading,83733767
704Amber37,83733865
704blackdragon6,83734211
704OrangeCat15,83734574
703whitepossum430,83800594
703BlackScoobDog21,83801825
702redleon66,83803020
702Bluedragon6,83803328
702Bluedragon600,83803572
70406ryan,83846019
70417ching,83846069
70T,84062377
700bbbe,84172859
704pinkowl2,84286998
704blackcCat29,84287120
704blackpather79,84287429
704snakeeyes1771,84287469
704bluedog9,84287648
704YellowRabbit84,84287956
704Blackpanther02,84288110
704blackgoldcat,84288214
70169,84369510
702GreenDolphin17,84489054
701rainbowroom,84760338
7089john,84895504
705mus2705,84977904
70s-90sRockLover,85267264
702purpledragon626,85350070
702Bluelion99,85825772
702BlueWolf0001,85825929
702bluelion9,85826052
700M,85961160
704negrogato3,86146183
704yellowbear,86147193
704blackrabbit,86506659
70-----,86760297
709pig,86850660
702dedesan,86902384
7000130coder,87029500
7001493coder,87029522
702904,87032398
707753,87032716
702ELEPHant14,87036847
700doaK,87112570
7023dunn,87133141
70_Cats_Of_Davis,87179828
700ants,87245342
702PinkUnicorn1,87439455
70Y,87585865
70V,87585867
70W,87585868
70Q,87585869
70R,87585870
70N,87585872
70H,87585875
70J,87585878
70E,87585880
70ms,87757506
7032214,88194725
70193840,88204200
7003723coder,88501122
707795,88593342
70uroniM,88603831
7000tails,88655511
705684,88664679
70709270,88696360
707895c,88847692
707038,89058962
7035770,89179810
704618LLS,89487418
700superman,89668270
702dedesabu,89724482
7095554_ASOME,89769870
70cps_dragclicker,90073929
705selin,90264021
70275,90625148
708922,90628288
702313,91127714
702542,91286836
702LimeGreenTiger,91419091
70ki,91787362
708trf456,91937532
708talha,92095576
707-28,92117315
70100APPLE,92237226
70-11-842-44,92272993
704blackcerberus,92579455
704purplezebra7,92828173
703-6,93091335
700470047004,93820436
702684Af,94208149
702684uq,94208223
70_lilas,94270101
70428-1102t,94333569
700feloniesCL,94377114
70gl2029,94383627
70-1isthebestnumber,94451619
7087138069751,94558541
702684u,94581559
7000starss,94923003
70aAlternativeAccs,95117268
70_70,95164865
701227st,95209958
703316,95330212
70DC,95714782
70913l,96075072
704rojoperro2,96217800
70350528,96346123
701354718,97050992
70rtCharger,98131377
70124nao,98696350
708881,99240873
70641cs2022,99530885
70594cs2022,99530893
708J800,99640945
708711RF,99641354
704068SGO,99703599
70187,99956429
70132_zlsh,99956951
707103,100009346
7052500,100065771
707918t,100158784
706310Laff,100325946
705713S,100334818
703160,100334858
700722_AA,100334881
705839l,100335026
702592,100335129
708921,100427768
70628alex,100506465
70176LHS,100913254
701PEMSO,101741347
70201_Pai,102157931
70blue,103016421
701842062,103276380
7082263,103450902
70304perez,103511121
700bdot,104000628
705807,104064088
70redbread70,104343122
70-1Kora,104571674
70k1,104713067
700000panther,105229188
70dolphin,105857534
700Dolphin,105935768
704dolphin,105936087
706dolpin,105936095
707dolphin,105936221
702dolphin,105936822
705dolphin,105937096
703dolphin,105937155
708_CN,106158320
70sheets_SMM2,106384692
701_16_Audrey,106460775
70DaysOfSummer,106556871
708_boss,106567451
7023098,106572135
70206lala,106736599
70beetches,107018104
708isCOOL,107025983
70117ab,107573695
700-,108020423
703973member001,108442520
70107010,108507297
7002ykoop,108569173
700016134,108650595
700014430,108651380
700020568,108651405
70849xr,109207136
700015050,109221112
703345,109629081
701843,109715380
70manatee,110017171
70oilbird,110017173
70featherbow,110028614
70sunnysky,110037706
70here,110572689
707777770,110781711
70725CH,111470003
705takw,111708808
7047aph,112289100
70601pineapple,112368909
704700,112771611
70001461,112925254
704937,113037882
7095432,113404824
70HeadedDemonBarney,114180062
709686,114338724
70fruit23,115344499
70233plc,115604383
7020105,115940491
70bBueCurtainsInAVan,118264821
70027,118376599
70AAS6,118586579
70no,118597219
70ALN5,118598664
70boyentertainment,118695172
70309-www,118850793
70002537_MC23,118885431
706673l,118980986
704606p,118982457
701801r,118982459
707148q,118982460
708362o,118982461
700913a,118982468
703967g,118982470
703359d,118982472
703714a,118982473
709870n,118982477
707141ag,118982483
704783y,118982486
706524i,118982487
709235c,119101368
70thfollower1,119175068
70floxi,119259730
705TF70W3R,119299976
70Make,119474489
700000002,119985322
70280,119999913
70071,119999918
70sillycats,120119383
705672t,120149115
70Messi10,120165777
706145k,120644952
702SBUElliottP2324,121164698
702SBUShaniyaG2324,121165133
702SBUPoncianoE2324,121165142
702SBUKhloeA2324,121165439
702GonzagaA2324,121165694
702SBULuisJ2324,121165706
702SBUTynerM2324,121165763
702SBUNagiM2324,121165821
702SBUYolainyM2324,121165934
702SBUAltarebM2324,121165991
702SBUreykingH2324,121166136
702SBUemeryT2024,121166211
702SBUNathanielR2324,121368521
702SBUSamaraC2223,121368619
702stbEmeryt2324,121369172
702BUXavierR2324,121369581
700evavol,121386712
700evavol6,121386991
703UBTrinityY2324,121468601
7000-U,121716037
702SBUDalvin2324,121756020
702sebastians21333,122218004
702Elijah,122218753
702SBUAlinaD2324,122219009
70sSeinfeld,122252910
702SBUsaniyaE,122385633
702SBUaydenS2324,122385728
702SBUSaniyaE2324,122385830
702SBUAlinaG2324,122386780
702SBUAfshanM2324,122387038
702SBAlexisR2324,122387729
702SBUDalvinAa2324,122387778
707Scholars,122534204
703880,122556400
709Cindy,122796908
70followers,122930051
7000_of_remixes,122952220
702SBUArmaniV0511,123047090
700SnareDrumsArts,123060549
702AlinaD2324,123439885
702AlinaG2324,123440131
700rats,123491459
702SBBryanL2324,123620172
70u-,123862559
705laqms,124941226
705_laqms,124941270
702SBUROstiC2324,125047731
702SBUSaniyaEs2324,125048006
702_13_702_Rex,125293069
702-12-samuel,125293100
70maggie,125388362
700294C,125573552
701674,125573598
700006405,125772977
7090lo1,126077482
700007617,126372249
700011867,126562054
70k1a,126945950
702_marie,127000212
707-1-aa,127024131
707Industries,127612290
7004925,127829387
7090lo2,127963413
70nedloh,128091403
707LOL707,128990887
706969,129060360
702SBUROstinC2324ez,129288981
7051445,129661244
70104444,129672376
707silliest,129745716
70gl2032,129877580
707hiy,130154262
7097yjhjhhj,130582072
700013033,130909575
700005859,131512961
7072016,131719187
70116d,132009156
700thfollower_hehe,132656953
707--_--,133017293
70chinese5dogz22,133075226
700007871,133397792
700012643,133398312
7002koop,133615862
7076A-15,134340590
70090THraina-,134515640
706duckky,134609478
70great70,135282729
70Kai07,136557541
70728178,136581609
707_Animations,136633030
70okuninmenikasikoi,138724072
7095110kin,139196996
7031desu,140229084
700HurricaneAnthony,140512656
70392nmiller,140554039
