8008002,78876
80Kenny,159356
801671,174224
803,197189
800-800-8553,208081
809,213596
805,261134
8024,302907
800,330596
802291,359275
802222,361266
809195,362702
802067,373099
802568,374971
802088,384624
802486,384646
802055,384722
802048,390059
80Gigi1221,400876
808,419321
802,491377
806801743,529706
807,530922
80335,533280
80317,533287
80027,536201
808080,536234
8008,555941
806,598706
804,601021
80424,616674
804061191,623219
80187,630271
8000,638785
802559,639841
802509,655304
802581,655510
802359,655524
802371,655599
802583,657528
809330,658281
802348,664821
802576,664910
8000dude,685378
802575,686527
807230,705538
808state,705945
80152,727097
80597,731206
8039asas,731267
80764,787783
80224,944772
801399204,956869
8071AI23b,1042277
802131,1049506
808username808,1064467
80839,1067046
80435,1087547
8083980839,1091391
807948012,1098401
809395050,1105141
80740,1108729
80635,1125311
80744,1129112
80108,1129695
808allDANGday,1152712
808awong,1214337
804288762,1223619
80439sophia,1225653
808052aa,1430533
8014543,1436953
806005262,1440891
80268,1469666
8020kys,1735036
8033909,1790861
80sdiscoqueen123,1994227
80423394,2049475
808daf15h,2051853
806535351,2058020
808kuapuiwi,2108011
80599251,2131212
80000,2137187
8008135,2149625
80675349,2167182
807812756,2176156
8022581637,2210014
80sRETRODAVE,2222603
80268754,2224472
807199854,2297061
808allmason,2329075
8008540,2392338
80905,2401757
80100167,2402019
80Marjorie,2419952
806AO,2468250
808080808080808,2495032
802agent,2576002
80808,2606641
808aldeejay,2687713
8011369,2688341
808iml30,2706470
80798830,2706946
808diver,2753430
803321001,2758311
802306,2802222
802858,2802234
808123,2854659
80807,2862453
808lakerlover808,2871032
8030042,2914040
808hawaiianboy34,2923665
808GhostX,2942976
80football,2964880
8096,2985749
80929,3034416
804762501,3037343
807957,3044033
808cruiser,3053416
80132544,3065051
8079,3124637
8077919,3133063
8057,3138472
80220,3144306
80blite,3286438
8035MT,3310724
8011sl,3344687
8009bz,3345417
8027jn,3348292
8001ZD,3353920
80spot,3354266
80645570steven,3387154
8002sf,3419926
808rockstar,3457819
800fun,3501858
800track230,3587983
803174502,3591731
8055steveYa,3596714
80jacob80,3637309
808ryan,3638674
808sandra,3638678
8005516,3704950
8007496,3712277
8001130,3712278
8000167,3736862
80ghostdisco,3745912
809290jacky,3869767
8070,3972065
8099,3979644
80_80_80_80,4046555
8068,4052411
80354,4141631
8017,4153429
8020833,4158690
8002,4353693
808Dawg,4440308
80tnt08,4589126
80208,4677422
8006630,4690606
80559,4732506
8001369,4796852
80502,4873014
802567,4952816
8012981,5503486
809616,5634370
8041lobo,5773894
8032hurt,5773922
8073lync,5773992
80021,5777008
8039460,5821624
804388,5901898
80382psd,5927578
80010357,6019220
808Punisher,6161232
800000,6196202
809880,6450236
8045487,6485654
803076501b,6614474
8000_Followers,6712976
808DW,6790866
802324002,6885304
808SKI,7102056
808ninjamaster,7397990
8050,7459678
803946,7509654
808Diamond,7562960
808someone,7707772
806monkeys,7811348
808146,7950662
805Lucy,8083792
807769469,8608974
808Deathstroke,8794544
80520Simon,9477398
8052,9660484
80910018,9975784
80910118,10006082
80910098,10007166
80601,10296558
80ok,10991928
80sFanKid,11220126
808ALLDAY12,11372840
808lovemaui,11373932
808love_PADDLING,11373934
80620,11385702
803010,11388438
807278,11738316
807085,11738430
807192,11740196
80478,11956020
80471,12091818
80167,12472904
80espiay,13135462
800000000000008,13196475
80943,13556434
80D,13583984
8057MM,13613919
8049010724,13732949
802Joseph,13816303
80w,13889915
8006094,14022950
8007676,14076872
8002630,14078104
808bob2,14176614
80011124,14216992
80011,14222442
808-meow-master,14433540
808AbbyMac,14579352
8003097,14730216
80010411,14780844
80years,14821250
801,14895797
803231,15553127
80469,15787613
80389AC,15807829
80501,16110287
8008132,16269010
80p,16497794
80s,16571897
803193509,16643364
8093825,17020964
808Ender,17306362
808_Gamer,17437799
80231,17550058
80gamer1234games,17582698
809resthyt,17590717
80408040,17662073
8038629,17675636
800Fishys,17711693
8005882300,17756946
8038270,17764815
800018691,17823453
800018559,17825970
808292,17836810
8042004,17839338
8090sk8,17968745
800018532,17993337
800017483fjuhsdorg,17993493
800018540,18024051
800018533,18024099
800018873,18034606
804JTV,18035352
800018012,18043810
800018792,18055691
800018563,18056921
8024191,18091276
800018248,18102845
8023978moomanofpigs,18116590
803Nicholas,18143245
803aniyah,18143421
803maimouna,18143437
800463,18146341
802daaliyah,18150613
802Mohamed,18150628
800018263,18151554
803097001,18151587
800017509,18153380
804joel,18155178
800018810,18182708
803joelle,18211138
800018186,18216099
807124,18217528
802DylanH,18218241
802domani,18218927
802791,18223133
807272,18225985
804642,18225999
804811,18226000
806819,18226001
801113maya,18226002
802267,18226003
801450,18226004
802813,18226005
806298,18226012
803822,18226014
801525,18226018
804594,18226019
807021chase,18226020
807456alyssa,18226021
802903,18226023
801519,18226031
803639,18226032
806231,18226034
805586,18226038
801523,18226040
800797,18226042
800778,18226043
801641,18226045
803639osunlalu,18226882
801480,18250190
801969,18250202
807556michael,18250224
806119,18250492
803308,18251862
806234,18253682
806378,18253685
807379,18307064
807564,18376386
80Steve,18408977
807021chase123,18411303
807566,18428825
807157ma,18469248
8001234,18502404
8004311,18541568
8020cvusd,18587524
8007925,18589898
808boi,18590745
8006644lf,18593401
805247,18638788
808bboy,18660525
8004190,18723317
8014xy123,18820937
8003365,18920008
803231EJ,18953306
800055,18988813
80079,19024429
80044,19024441
80461,19024448
80576,19024449
80451,19024450
808HUNTER808,19037780
80hp,19087746
800steez,19102548
800sxbox,19155190
803jameel12,19173172
802agarcia,19179941
80552,19212221
800976,19218406
804839,19273560
80h78,19302989
800957,19351725
801Indy1,19365062
801Indy2,19365077
801Indy3,19365093
801Indy4,19365098
801Indy5,19365108
801Indi4,19365726
802UCB1,19368868
802UCB2,19368877
802UCB3,19368920
802UCB4,19368938
802UNCB1,19368965
80ioft67lo7gt,19370335
808909,19374429
8032311,19621730
8025103,19621732
8025060,19621733
8023466,19621734
8024107,19621735
8029612,19621736
8024113,19621737
8024062,19621738
8024072,19621739
8024059,19621740
8024048,19621741
8024065,19621742
8021100,19621743
8024108,19621744
8024053,19621745
8015643,19621746
8024147,19621747
8024101,19621748
8027279,19621749
8032306,19621750
8023992,19621751
8023990,19621752
8026583,19621753
8027609,19621754
8027585,19621755
8030704,19621756
8030996,19621757
8024275,19621758
8015692,19621817
8024115,19621818
8023822,19621819
8029261,19621820
8024112,19621821
8024111,19621823
8024103,19621824
8024104,19621825
8024106,19621826
8024114,19621827
8024148,19621828
8023985,19621829
8024314,19621830
8023468,19621831
8032521,19621832
8030926,19621833
8026504,19621834
8031125,19621835
8032305,19621836
8027257,19621837
8026398,19621838
8024417,19621839
8024093,19621840
8024273,19621845
8025988,19621846
8025696,19622077
8023256,19622082
80Erika,19626104
807025,19702097
8023628,19778339
808999,19905038
802999,19905039
803999,19905044
801999,19905077
8039999,19905128
8015782,19974859
8029065,19974860
8023671,19974861
8021623,19974862
8023629,19974863
8023639,19974864
8023638,19974865
8014651a,19974867
8031231,19974868
8023674,19974869
8027247,19974870
8023654,19974871
8021652,19974872
8032301,19974873
8023657,19974874
8026038,19974875
8023655,19974876
8023628a,19974877
8023640,19974878
8030700,19974879
8029964,19974880
8023653,19974881
8023648,19974882
8023658,19974883
8029230,19974884
8023636,19976849
8023634,19976850
8023633,19976851
8023632,19976852
8023630,19976853
8023660,19976854
8023665,19976855
8023666,19976856
8023667,19976857
8023675,19976858
8025872,19976859
8030784,19976860
8029062,19976861
8025867,19976862
8030783,19976863
8023476,19976865
8031217,19976866
8021643,19976868
8023643,19976869
8023656,19976870
8023646,19976871
8023651,19976875
8023649,19976876
8023659,19976877
809999,20082979
803_k,20093924
803_2,20095416
80Undertale,20113027
803_k2,20132345
803_k3,20132887
8014894,20162415
803_k4,20173019
803_k5,20211564
8082922,20221002
802MohamedB,20299903
808fire,20368233
8004,20458663
8060505,20500592
80music2006,20516809
8014950,20524771
8003994,20528403
8059586,20545223
8007688,20893342
8011479,20924690
8014657,20924725
8075,20934654
8007392,20948765
8007087,20950117
8010304,20951990
807502,20958908
8010718,20980860
8007824,20980888
8007718,21025070
8010027,21027470
8010809,21027558
8007731,21027574
8011091_NATE_,21052738
8007696,21054697
8013355,21056676
8021534,21084707
8031103,21084722
8015651-flytheW,21084724
8023746,21138134
8023894,21142369
8028120,21212250
8031053,21239344
8021457n,21239378
8023781,21240642
80N,21289843
800513MT,21344034
801659N,21344071
801228s,21380484
8025441,21405409
8003936,21408982
8004377,21408983
8004173,21408986
808JOSH_DA_BOSS,21415681
8008906,21437974
80willjr2,21544786
8007491,21565600
8019694,21593279
8020797,21622696
8007690,21710604
8010204,21741252
8013819,21769146
80sgirl77,21809559
8073279,21816696
80488,21823850
8072490,21846347
80i,21864760
8016anvi,21867032
8013257,21897210
8011485,21923292
8072511,21974041
8072226,21980324
8072238,21980766
8077840,21981067
8073441,22011337
80010509,22016723
8013923,22048804
8005201,22051518
801543,22056197
801081,22090469
80734411,22157630
8072229,22252149
801200,22308679
808Syndicate,22334142
801512,22415411
805653,22448075
805969,22553779
806049,22553827
806755,22554170
807787,22554211
807018,22554268
808933l,22556330
8010552,22710119
807896,22745709
807963,22746076
803426,22746110
809287,22746179
8012724,22763622
8060,22775855
809gaming,22811873
808841,22844495
80102,22860930
80510pc,22955246
80771pc,22955252
80774pc,22955263
8073710,23196477
802388,23251062
809134,23303956
809027,23604184
8009021,23604354
807143,23632376
809491,23904311
806964,23911499
807680,23938582
809621,23980465
809584,23984671
806692,23984778
809505,24006753
80k,24032588
803490,24034924
80Chicken8,24062846
802blue,24202173
802Maddie,24202176
80onegh,24223496
804509,24381563
8028514,24382377
8028539,24382390
802nea,24429297
808cookies,24464268
808595,24479155
8013808371,24605073
80sChild,24748691
808316,24827048
800020626,25040485
8029999s,25121615
8049999s,25121618
8099999s,25121619
8019999s,25121643
8089999s,25121646
8069999s,25121649
8050ray,25133925
800020792,25139852
800020352,25142616
800020073,25143612
803837NV,25155286
8039999s,25178105
8051100,25193745
801chillen,25196562
802224,25232223
809823,25250321
808358,25257972
809818,25307674
801334,25321586
806594,25394257
80587,25396989
80485,25428099
8060018,25435992
8010494,25447025
8014123ct,25447072
8010482,25447087
8010745,25447102
8010385,25448497
8010924,25448580
8010500,25448583
8010653,25448589
8015759,25448600
8010626,25448611
8011652,25448627
8010259,25448654
8010636,25448670
8010458,25479148
8010502TT,25479155
8012550,25479156
8013474AM,25479157
8010580,25479175
8015671,25479253
8010530,25479270
8011623,25480544
8010515,25480552
8010270,25480562
8011794NN,25480568
8010958ab,25480684
8015095,25527165
8010516RDS,25531945
805748,25579457
80002543MC,25644069
80002006MC,25644102
80001878MC,25644104
80001867MC,25650939
80001889MC,25650973
80002737MC,25651391
80002492MC,25651396
80002033MC,25651401
80001875MC,25651402
80002561MC,25651411
80001969MC,25651432
80001994MC,25651515
80002011MC,25651518
80001820MC,25651523
80002528MC,25651551
80002333MC,25651554
80003203MC,25651636
80002311MC,25652080
80002690MC,25652094
80002392MC,25652095
80002001MC,25652096
8000730,25655501
8000294,25655543
8089802,25673858
8010502,25741294
803267003,25785316
808savage,25786637
8000090,25806773
800812,25857627
80001872MC,25942611
805hayes,26038533
80v08_owl,26069630
807887,26093910
805595754,26118297
8010459,26185354
8011587,26227858
80a,26234293
8010458bm,26370908
803dylan,26445273
801336,26445713
80212GUE,26615166
80223wei,26637812
8025816,26779165
8025552,26779178
8029624,26779186
8025551,26779195
8032801,26779200
8032626,26779209
8025809,26779212
8030747,26779222
8025340,26779241
8025768,26779243
8033435,26779247
8025827,26779249
8026229,26779256
8026148,26779271
8025828,26779274
8030993,26779280
8034031,26779319
8025777,26779320
8029248,26779329
8032803,26779356
8025729,26779372
8002949,26795679
8045050,26803549
8083288,26803555
8014005,26803558
8086529,26803564
8014364,26803570
8086579,26803578
80249cor,26834805
8007931,26878152
802isabella,27015015
8085662,27086205
8059999s,27121205
800508mm,27166570
8025819,27170335
8034282,27171127
8034278,27171133
802706577,27177168
805922,27194825
802deer,27204296
80389,27233632
804651,27370108
806056,27370110
804939,27370114
804698b,27370155
804939c,27370215
804338,27370290
803615,27467775
8054328,27521395
800259,27522621
801125,27565940
809736,27565993
804311,27566173
804144ae,27741979
806445,27749709
801650,27749805
80251246,27776894
804258,27786548
806866,27786594
809156,27786681
804236,27786744
809994,27786758
808nk,27796961
80sfilms,27799468
808kn,27835988
808n,27840180
808kan,27872871
808h,27872892
8026753,27935982
8045hh,27990306
8011183,28016678
80011323,28067854
8013092,28175059
807169,28195458
80rattlesnake,28225448
806745,28230384
80011447,28237718
800115011,28237962
8090owl,28322581
8028825,28345868
8028861,28345881
8031469,28347462
8033757,28347463
8031152,28347464
8030746,28347465
8029315,28347466
8031124,28347467
8033874,28347468
8028680,28347469
8033931,28347471
8028746,28347472
8028820,28347473
8028826,28347474
8034213,28347475
8028824,28347476
8024308,28347477
8028536,28347478
8026607,28347479
8028733,28347481
8028893,28347483
8028731,28347484
8028745,28347485
8029040,28347486
8029362,28347488
8032307,28347489
8028870,28347490
8028829,28347491
8028623,28347492
8029241,28347751
8034621,28352132
807140nahtaN,28363559
8030099,28435307
805Noah,28524478
803074,28524778
8030742,28524809
802143,28524829
802458,28524831
804232,28524846
801218,28524864
800177,28524877
806300,28524891
801115,28524924
800216,28524932
803563,28524981
8061232,28526379
802975,28655766
807125,28698474
805939,28698477
809209,28698492
809087jl,28698502
806906,28698516
808346,28698518
809170,28698519
804888,28698521
808456,28699573
806444,28699588
804725,28699593
808284,28699601
809216,28699603
806591,28699604
807041bn,28699616
807637,28699618
804411,28699624
805226,28699720
805814,28699723
8063000,28742880
800017579,28751744
808man,28753657
800017588,28778039
800018158,28785754
800020816,28798284
8005635,28830865
8010720,28830955
8005597,28831484
8007824J,28859472
80081138008113,28866141
8011914N,28866200
8005807DL,28866326
8011913L,28866385
8011832,28866394
8005853,28896491
800dyl,28902185
8005807D,29052599
80397708,29543360
80397929,29543370
80398559,29545311
80397756,29545368
80398606,29545385
80393964,29545392
80397355,29545447
80398155,29551641
8011913LM,29557798
8007911,29561182
8012088,29581092
80397498,29586026
80393114,29586044
80393871,29587379
80397818,29587399
80397361,29641765
805451,29666683
8005753JV,29677182
8010881,29731374
8010619,29731423
8010764,29731433
8010707,29731473
8010690,29731545
8010456,29733418
8010685,29733483
8013405,29733495
8010673,29733559
8016408,29733673
8010742aj,29733738
8010950,29764821
8012617,29764904
8012576,29764987
8010517,29766143
8010947,29766162
8010540,29766165
80-HD,29771280
803659,29933344
807012wags,30021212
805268gymnast,30021570
808300,30021713
808870,30022528
809235,30022646
8005539,30051723
8006074,30051727
8000067,30051729
8000741,30051731
8002548,30051732
8000198,30051734
8001408,30051736
8000524,30051739
8000011,30051740
8006002,30051741
805316,30055934
804473,30061847
8008cliffton,30077503
806490,30096883
804859,30096920
808378,30096953
806825,30096979
806087,30097014
803948,30097406
805913,30097528
806489,30097739
806264,30165279
80755COS,30173095
8011913KM,30237312
8009409,30254611
80011598,30315650
8088700,30317644
8092355,30317715
804458,30318086
805268,30318116
80398914,30318684
80x,30319286
80sclassic,30348997
80393029C,30353160
805912,30424265
808485,30424476
80236addie,30505094
809061,30585142
804878,30585456
805395,30585549
808Swizzy,30599744
8014200057,30622400
8014200068,30622439
804cjohnson,30629179
80398956,30631293
800student,30666849
80cycads,30678440
808321,30694587
8007618,30732259
80846,30789188
804131,30832295
8006344,30833096
8011SEA,30837541
80114SEA,30837657
8005679,30888206
806483N,31093854
803665,31124240
80665,31124339
8002nruiz,31361934
80mercury,31440452
800020092,31809129
8012179,31873213
8016B,31912770
8032597,32012173
8023151,32012771
8029143,32012792
8027037,32012808
8027108,32012825
8032832,32012890
8027260,32012912
8026522,32012936
8027106,32012956
8027102,32012980
8023218,32012995
8034145,32013018
8027101,32013057
8027094,32013082
8024980,32013105
8027430,32013164
8028248,32013187
8027104,32013211
8027048,32013232
8028915,32013275
8027098,32013308
8027099,32013321
8027890,32013338
8027484,32013350
8000001,32047640
8000384,32132407
8001058,32138829
805021,32249595
804337,32249624
80Freddys_Sister08,32317545
805456,32448184
800895,32452348
8005179,32456865
8000567,32456867
8000484,32456870
8000851,32456872
8005509,32456875
8000426,32489436
8000735,32489442
8000794,32489445
808_blessed,32492252
808sandheartbreak,32511221
801034,32559441
8087978975,32567320
80man,32702523
8037253,32724520
805205,32822979
803851,32822986
807753,32828868
8000721,32856780
8013579616,32959423
801707,33615545
80bear3,33643967
80M,33900958
80airbus,33915519
80DigiKid,33991042
8026844,34023840
800sam,34094887
8039107,34277723
80kittys,34333923
8000660AP,34547582
8000692,34562451
80451mku,34583313
80050219,34647057
80053564,34652996
80336,34655523
80361I,34657440
80099,34657473
800999,34657815
80581,34658432
80363isaac,34675719
80ui,34680906
80050833,34692713
80050273,34707828
80baloosks,34739658
8005493,34741464
80054880,34805273
808_124,34806268
8076helix,34834709
80295,34854879
800021535,34903898
80002007,34906252
80001861,34906406
800020149,34906715
80054793,34912431
80055062,34915540
80054493,34918342
807600,35034088
805708,35036125
807119,35036144
8039462,35036162
80975isaac,35037284
805210,35112926
8012141,35144471
802Fernando,35174320
802Levi,35174339
802Henry,35174351
802Rodrigo,35174356
802Said,35174370
802Daniel,35174392
802Brad,35174413
802Jaime,35174429
802Mike,35174446
802Gael,35174458
802Jordain,35174475
802Lupe,35174500
802Steven,35174512
802Tyheim,35174558
8015170,35175127
8015800,35175153
8011250,35175165
8011795,35176753
8011134,35176938
8011206,35176943
8011224,35176944
8011317,35176969
802Yetziel,35186145
80055174,35191713
80rabbit,35214607
80mouse,35214616
80donkey,35214639
80raccoon,35214652
80llama,35214665
80wolf,35214678
80giraffe,35214689
80reindeer,35214708
80caribou,35214718
80moose,35214729
80lizard,35214739
80tiger,35214749
80lion,35214759
80puma,35214776
80jaguar,35214787
80squirrel,35214800
80chipmonk,35214806
80monkey,35214818
80aardvark,35214827
80elk,35214850
80spider,35214962
80anteater,35214980
80sloth,35214984
80grasshopper,35214997
80cricket,35215006
80turtle,35215014
80chipmunk,35215035
80copperhead,35215079
80python,35215086
80zebra,35215096
8015624,35221056
8011363,35221133
8011256,35221165
8011718,35221295
8011228,35223111
8013299,35223119
8011262,35223135
8011154,35223183
8011478z,35223222
8011133caden,35223274
80055175,35232140
800887,35233047
80050172,35234002
807976,35234904
80slesmanatees,35270212
806092,35294785
806361001,35303682
804204,35304781
800021003,35304953
800021599,35346348
808001,35360753
80145,35382511
80DubsB,35462500
808860,35466968
801Fatima,35466989
801Chrisnely,35467058
801Briana,35467085
801Ashley,35467098
801Gustavo,35467149
801Mark,35467176
808655,35467265
801Amen,35467286
801Angel,35467359
801Fatiman,35467384
809251,35467401
801Diana,35467409
80_onmywrist,35467461
801Gurwinder,35467568
80860,35467771
801Alex,35467811
801Dennis,35467860
801Erges,35467910
801Gwendolyn,35468046
801Dayanna,35468093
801Brod,35468125
801Angela,35468152
801Joshua,35468181
801Ayan,35468228
801Ari,35468327
801Juan,35468370
801Rachelle,35468399
801Arben,35468419
801Victory,35468445
801Xhulia,35468479
801Anh,35468498
801Ibn,35468532
801Davin,35468559
80b,35481638
80imagine,35567118
8012286,35572894
803FT,35598650
803Treasure,35598668
803Luis,35598677
803Flor,35598683
803Jeff,35598707
803Edd,35598719
803Esh,35598789
803Angel,35598804
803Anita,35598825
803Jose,35598840
803Ali,35598850
80789,35605261
80978r18,35605385
80847r18,35605403
80738r18,35605439
80754r13,35608347
802Sumaya,35691786
802Mendon,35691812
8018-30923,35706532
8008s,35721417
80055147,35845005
803Miguel,35864816
80104539,35872339
80oetam,36044906
8028683,36138540
8030024,36138944
8028686,36139260
80aitsim,36258407
806oalma,36277976
8029262sa,36635765
80codingcat,37271764
80codingdog,37290682
8008463,37397387
80sheep,37400936
805Jesus,37449523
806124,37490692
808bmw808,37711544
80293777121,37781844
8005514,37860105
803Yousuf,37949832
80obz,37973737
80obz1,37973798
802247,38014021
80obz2,38015979
80obz3,38016029
8007891,38047354
8009913,38047360
8007820,38047386
8008112,38047398
8010013,38047401
8009914,38047403
8007812,38047424
8008410,38047430
8008470,38047434
8009549,38047438
8013606,38047449
8009621,38047459
8007915,38047471
8008097,38047511
8009634,38047515
8008663,38047545
8013743,38047569
8007986,38047579
8008568,38048881
8013157,38052500
8008126,38052524
8008157,38052529
8013104,38052530
8009975,38052536
8008614,38052537
8008747,38052538
8010118,38052539
8009575,38052543
8012852,38052558
8013074,38052585
8013868,38052601
8007892,38053404
8008652,38109041
800-8117,38110610
8008123,38112666
8009936,38112686
8009621k,38197690
80obz4,38214946
80obz5,38215065
80obz6,38215218
80obz7,38215323
801Modesty,38267652
80obz8,38310847
80obz9,38310864
80obz10,38351059
80obz11,38351091
805carew,38370715
807Eri-,38394116
808Nis-,38394123
806Leo-,38394126
805Phi-,38394129
804Bes-,38394132
801Erl-,38394148
802fab-,38394163
803Adr-,38394176
803122,38396048
808236,38430345
807588,38488891
808022,38543033
803Misael,38566746
803Gabriel,38566771
80981pri,38843157
803378,38854389
801Rodrigo,38875412
80401866,39162199
80397547,39164851
80400951,39164999
80401361,39165087
80400587,39165364
80397818jl,39175590
8034681,39215699
8027547,39215953
80670,39241928
802Randy,39246161
800EE,39278656
800amy,39278802
800jj,39308015
808712,39447892
801adams801,39461101
8034403,39467465
803379,39467470
8032444,39467471
8030546,39467475
8033794,39467483
8030102,39467490
8035398,39467515
8030470,39467517
8034271,39467518
8033903,39467520
8033838,39467522
8030108,39467525
8030081,39467526
8030410,39467527
8030062,39467528
8026715,39467530
8031018,39467532
8032566,39467533
8036029,39467576
8030892,39467607
8027067,39467750
8033796,39468187
8035842,39470930
8028823,39470943
8031014,39470945
8025614,39470946
8029432,39470947
8030729,39470948
8026454,39470949
8025041,39470950
8029013,39470951
8027597,39470955
8029617,39470956
8030094,39470958
8027068,39470960
8028001,39470961
8031120,39470966
8030172,39470971
8030060,39470983
8027760,39471003
8030163,39471010
8030056,39471173
8030173,39471338
800a,39519119
8011244pro,39560227
8028897,39562925
801338,39587220
8029616,39591477
8030079,39591479
800095,39591485
8027232,39591491
8030048,39591499
8028774,39591500
8029941,39591502
8031294,39591507
8035747,39591510
8028205,39591511
8025617,39591523
8027079,39591527
8030051,39591529
8027136,39591532
8027118,39591533
8033990,39591552
8035624,39591558
8033800,39591563
8032773,39591577
8028833,39591659
8009479,39601180
8028285,39605071
8096770,39619311
8002edualc,39654341
808jayden808,39656202
8027254,39691017
8082651,39691019
8028795,39691022
8028813,39691032
8033648,39691034
8028189,39691035
8025539,39691038
8025909,39691046
8029627,39691048
8032704,39691051
8029545,39691058
8028762,39691064
8029264,39691069
8028531,39691085
8034286,39691090
8028671,39691117
8032187,39691132
8028595,39691158
8034286e,39691208
801020,39695531
8029771,39698615
8028982,39706005
8016951906,39735744
8002leumas,39773045
8028651,39796843
8031530,39798147
8028639,39801629
8028540,39801643
8029799,39801649
8025611,39801654
8029447,39801657
8033632,39801671
8028598,39801672
8025464,39801688
8028797,39801690
8028807,39801694
8029590,39801697
8029328,39801698
8028601,39801700
8028760,39801703
8029540,39801706
8027466,39801707
8035920,39801719
8032515,39801721
8028638,39801722
8028639k,39801730
8029897,39801733
8026604,39801738
8026814,39801739
8028496,39801764
8028791,39801777
8028793,39801817
8028570,39801829
80o,39863348
80fan,39887980
800078Hillside,39893436
802215hillside,39893488
802skate,39913647
802horse,39913789
801Sal,39916179
8031016,39920451
80757fer,39953783
801023,40098920
80PER,40138500
801AlexOG,40157750
800021114,40166020
809714,40170554
8027897,40171705
8031070,40214684
8032007,40225463
8078790789087qw,40277988
809jdf31,40350818
800_lb_fish,40357060
8000b,40357321
80202mkums,40430474
80004mkums,40437730
8050708,40469058
80million13,40479309
80004-mkums,40479976
805361,40502095
8030095,40520682
800851,40544312
80s-Boy,40673691
8028629,40677075
8033803,40677180
808boyyfofo,40678785
8025608,40716349
8028932,40716350
8026507,40716353
8028583,40716365
8029397,40716377
8033896,40716386
8029878,40716388
8027082,40716392
8035591,40716393
8028781,40716394
8028520,40716395
8029136,40716398
8033992,40716399
8028783,40716401
8025866,40716402
8028519,40716481
8035413,40716561
80729mkums,40718035
80667844231,40744911
8033780,40750480
8028593,40754278
8028630,40754291
801580,40756008
80Otter,40783282
80royal2017,40885461
8001565,40886714
8001004,40886738
8001003j,40886754
8001558,40886808
8002277,40886847
80037mkums,40887737
80338964adfer,40888155
8028943,40888393
802Jose,40910286
802Joshua,40910328
80999tow,40913227
80sgirl10,40914668
80037mku,40923539
80956,40928120
80copperhead-02,40957463
80moose-02,40957474
80squirrel-02,40957489
80cricket-02,40957500
80elk-02,40957525
80aardvark-02,40957536
80monkey-02,40957546
80sloth-02,40957557
80lion-02,40957565
80zebra-02,40957588
80mouse-02,40957595
80tiger-02,40957604
80lizard-02,40957617
80llama-02,40957631
80anteater-02,40957642
807848aidan,40987457
804456,40993261
804568,40993285
804505,40993352
804653,40993385
808663,40999401
805115,40999575
801400,41001637
800Pluto,41016452
8010627SH,41036464
8011297,41042265
8012172,41042280
8011404,41042354
8011218ZL,41042502
8011160SD,41044986
8011428,41045020
8011456HO,41045059
806424,41059852
8010534,41074618
8099153828,41075608
8010491ob,41076329
8011335hy,41080227
8011326EW,41080294
8011354AH,41080361
804839brie,41082245
8014767gh,41082782
8012274DH,41082893
807101,41121926
805056gracie,41123229
8030840,41134279
8080808082,41141185
805438,41178784
80grasshopper-02,41194985
80zrc,41274831
803_meria,41283275
806372,41310267
801_28,41325648
801_80127,41325673
803Desly,41343115
8034588,41359071
800017673,41364181
805duru,41411682
808States,41446377
809banu,41474456
80eren-goalkeeper,41474487
8009sdjd,41476343
80schick,41505219
80Batman74,41509536
80400131km,41548055
80401142bh,41548188
80400921,41548260
80399842,41548348
80399847ws,41548731
80400175ww,41548810
80401147nm,41548893
80402004dc,41548932
80402448ac,41549234
80399973,41549342
80400890LC,41555485
80400895rl,41555504
80400932,41555597
80402388mp,41555601
80399853LR,41555711
80400932mh,41555716
80399808as,41556064
80401145KBD,41556070
80396798co,41557499
80401532AD,41557527
80401200js,41557599
80399794wb,41557690
80399798,41558013
80399813VH,41558047
80402866so,41590646
80401881ms,41590694
80402484kc,41591242
80402392TB,41591297
80402857mm,41592137
80401210jpc,41592169
80400489mm,41592172
80400584kb,41592203
80399830,41593997
80399798MF,41594102
80401539,41594194
80401143JG,41594273
80401141TH,41594495
80s_man,41630990
80329,41693589
80401141--th,41696562
80401141---th,41700358
80113,41747320
80023DAC124,41854576
80112008,41854604
80400390nz,41858429
80400622ENL,41858634
80402119ws,41918894
80401141----TH,41920567
80401538,41920988
8010467fms,42000196
8007732,42082419
808R,42095359
800imas,42232687
8004042,42263938
8001850,42294960
8007472,42294961
8001263,42294962
8003626,42294963
8007261,42294964
8001112,42294965
8003384,42294966
8001095,42294967
8003571,42294968
8006742,42294969
8001834,42294971
8001997,42294973
8003608,42294974
8005513,42294975
8001824,42294976
8007131,42294977
8003450,42294979
8001998,42294980
8003234,42294981
8003711,42294982
8001486,42295515
8001846s,42297250
8002142j,42297306
8003698,42297477
8001264,42297478
8002080,42297480
8003331,42297481
8006745,42297482
8003337,42297483
8000305,42297484
8001965,42297485
8001942,42297486
8002074,42297488
8004270,42297489
8001931,42297490
8001789,42297491
8001281,42297492
8002259,42297493
8001770,42297494
8001719s,42297542
8002209k,42297566
80122,42455459
801151,42537801
80403476JO,42682258
8016284520,43830512
801627410T,43830517
8016278321,43830520
801620490U,43830522
80t,43872734
80HD100,43879111
801581,44028321
805325vc,44335881
806767hm,44336169
8080B,44367574
8016293261,44393954
801629320V,44393955
8074265,44887404
8043985,44916650
8061345,44916991
8084129,44917086
8044012,44917147
801623205R,44951896
8016298626,44951897
8016309887,44951898
8016296Z7C,44951899
8016296354,44951900
8016298288,44951901
801631013N,44951902
8016293744,44951903
8016298716,44951904
8016298727,44951905
8038near,45256816
8002280,45275396
8002534,45275451
8003816,45275493
8001228,45275531
8001203,45275602
8016310890,45294562
801631046T,45294563
801631081S,45294564
801631084V,45294565
801631170R,45294566
80404370gj,45551037
80atinelim,45802990
80Armadillo,45843300
809Melmetal,46006492
8016357330,46008758
801631194X,46008760
80sJeff,46061306
8005258850,46205854
801pink801,46311979
8016374687,47366860
801508310Q,47366864
8016374294,47366874
8016376746,49496868
8016376353,49496870
805917,49722843
80DOG,49888973
80056627,49924604
80056975,49924611
80055434,49924617
80058784,49924624
80050491,49924806
808Huladancer,50082293
8016567197,50140419
8016567333,50140424
807th,50154506
806_adela,50203179
80054795,50234183
80057859,50234189
80060687,50234197
80061107,50234555
80055451,50234598
800209,50284028
80055332,50392460
80060767,50394264
80mods,50525492
802990,50649731
802982,50649732
802971,50649744
8012185,50673070
8012133MS,50673185
8012344,50673290
8028768,50674700
8090038,50709636
8090037,50709637
8090010,50709638
8090012,50709639
8090032,50709641
8090017,50709642
8090030,50709643
8090034,50709659
8090033,50709661
8090042,50709663
8090028,50709669
8090029,50709670
8090045,50709672
8090021,50709673
8090050,50709688
8090051,50709698
8012263,50717728
8012245,50717807
8012030,50720248
8011968CA,50720259
8016983,50720291
8012009,50720320
8020038,50720912
800012842,50725621
8017379,50761918
8015520,50810621
8027cat,50840385
802Jayden,50979541
8035569,50985924
8030806,50985929
8016585030,51002026
804634,51062489
802AAngel,51066084
800dogs,51375889
805Doggy,51394423
809-HD,51403748
80025240,51445020
8016590362,51652796
801658829B,51652798
8016590384,51652806
8016590531,51652807
801658882A,51652815
809Jessica809,51730969
809hillary809,51731026
8032089,51840632
8030403,51841024
8032092,51841047
803569,51841955
8004998,51941660
800872,51976992
8033382,51983068
80f,52018133
8032111,52031912
805759,52041736
809804skf,52041810
809804sf,52041852
805759lg,52041871
80325_my_ngoc,52104715
803_lopez,52130314
80hales,52199989
805763,52408432
807774,52408439
805876,52408458
805229,52408475
802735,52408488
802365,52408533
803238,52408551
805208,52408563
801669,52408571
803420,52408583
802563,52408601
807958,52408610
808153,52408621
802771,52408628
80HowlingWolf80,52465965
8028677aa,52496519
8028495,52496520
8032960,52496522
8028997,52496524
8028489,52496528
8028913,52496532
8032596,52496534
8028865,52496540
80455634,52761002
8016593095,52785408
8028546,52903056
8028019,52903057
8028596,52903058
8028451,52903059
8028569,52903061
8032668,52903062
8028589,52903063
8029579,52903064
8028993,52903066
8028960,52903067
8033976,52903068
8028674,52903070
8028743,52903072
8028702,52903075
8028787,52903079
800Fred,52903685
8029130,52913359
8009925,52924977
8009542jm,52925144
808Turtles808,53015599
8009078,53022596
8016598517,53144744
8016599204,53144745
8016599439,53144746
8016598528,53144747
801659839D,53144748
8016599507,53144749
801565520W,53144750
801659926A,53144751
8016599136,53144752
801659953A,53144753
8016599406,53144754
8016599529,53144755
801659949F,53144756
8016598618,53144757
801659838C,53144758
801659948E,53144759
801659837B,53144760
801659939E,53144761
8016598416,53144762
801659827A,53144763
801659858E,53144764
801659947D,53144766
80165991A9,53144767
801659954B,53144769
8016598146,53144770
8016599248,53144771
8037270,53349962
80964364,53774094
8012549,53797571
8030774,53807149
801660016S,53814505
801660135U,53814506
801660076Y,53814507
801660085Y,53814508
801660155W,53814510
801660003O,53814512
8016227730,53814513
801622853Z,53814515
801660012O,53814517
801660043S,53814518
801659995G,53814522
801660042R,53814523
801659976F,53814524
809mac-HD,53892613
8020307,53914995
800261,54074064
80106188,54100147
8001185Barcelona,54224716
80917,54310936
801660318X,54360462
809mac-alt,54418126
80sK1ds,55151247
808617,55657231
809529,55660344
80_dogs,55700345
808_boi,55715895
8016605550,55719057
801660461W,55719058
801660464Z,55719059
8016604560,55719062
801660407W,55719063
801660625Y,55719064
801660428Z,55719065
800146CB,55763923
806017EG,55775304
805632,55825597
80red,55849100
807261hermione,55877452
8008gamer,55886242
80HDtheoneandonly,55888838
801581de,55977065
809125,55990497
801660712V,55998976
80401927,56079678
803562ferny,56131246
801970,56197179
808187,56197209
80403291,56217901
8034122,56223191
8027685,56224281
8032693,56292297
8035956abc,56292651
8030628A,56292748
8030544,56293165
8030693,56353849
8030618,56353880
8030104,56353882
8030662,56354008
8030370he,56355995
8030464m,56356036
8030464ma,56356070
8032445EL,56356255
8037562P,56384798
8030242M,56384894
80ballance,56390539
803779,56403544
8011846,56432750
8012577,56436152
8011428K,56478435
8012083,56483526
8017186,56483564
8012153BS,56483588
8011998,56483590
8012341,56483592
8030370hhh,56496160
8030212,56568888
8033883,56568889
8028199,56568890
8032387,56568906
8032239,56568910
8029742,56568917
803487,56569173
80049789,56582108
8030370hhhh,56626256
8016556577,56785810
8016613290,56785817
801661219Y,56785822
801661039Y,56785825
808Fireball16,56856831
8030841,57035569
8030059,57035571
8030904,57035580
8031238,57035581
8028345,57035594
8030052,57035629
8032514,57035658
8028345n,57035676
8030052s,57035696
803596,57042387
80sKidBornin2007,57127496
8016619140,57160977
801661271W,57160978
802171chris,57178934
8059810309,57333898
8037551Dominic,57391988
80397390,57485254
8001606,57491863
8000113,57491876
8009408,57529544
8008597,57529545
8005975,57529547
8009428,57529548
8008611,57529549
8008544,57529550
8008686,57529551
8001730ap,57529566
80sbelikeay,57539665
8007294,57595080
8007556,57595086
8008494,57595090
8008564,57595098
8007749e,57595113
8008489,57595126
8009256,57595135
8008720,57595140
8008490,57595146
8007213,57595152
8037914,57611248
80034,57637798
80sBOI64,57655667
8032914,57718480
8033671,57718482
8036114,57718483
8031856,57718484
8033663,57718485
8033675,57718486
8033687,57718487
8033686,57718488
8033640,57718490
8033684,57718492
8031465,57718493
8033807,57718494
8032392,57718495
8033659,57718497
8033694,57718498
8033983,57718499
8033698,57718500
8033653,57718501
8033655,57718503
8033130,57718504
8015582654,57831488
801620204N,57831489
8016638174,57831498
8016638512,57831501
8016624832,57831503
801627015U,57831504
8016624652,57831511
801664006V,57831512
8016636150,57831513
801663958A,57831514
801663995B,57831515
8016638859,57831516
8016635441,57831517
801663896B,57831518
80166246A6,57831519
801662090W,57831520
80406243,57888216
8084purn,57953573
8033672,58031373
8035429,58031374
8033667,58031375
8033677,58031376
8035783,58031377
8033696,58031378
8033669,58031379
8035617,58031381
8029141,58031382
8029140,58031383
8033658,58031384
8033322,58031385
8033917,58031386
8033700,58031387
8035277,58031388
8033693,58031390
8037548,58031392
8033656,58031393
8030452,58031394
80002041,58064246
80pages,58256915
8000660CT,58265005
80679797,58446943
80tadnuat-,58474284
804412,58556005
801664866A,58585742
8016641763,58585745
801665340X,58585746
801665711Z,58585749
8016653643,58585752
801665498B,58585758
801623118U,58585760
801628046Z,58585762
8016658413,58585767
8016656264,58585768
801664341X,58585769
801665004U,58585770
8016648939,58585771
8016648344,58585772
801665857A,58585773
8016649222,58585775
8016655151,58585777
8016652181,58585778
8016649536,58585779
8016656062,58585780
801664597A,58585781
8016642090,58585782
8016645453,58585783
801664201S,58585784
801665688C,58585786
80166536A8,58585787
8016647826,58585788
8016654352,58585789
8016238585,58585790
8016658806,58585883
8016658749,58585885
80397389,58648266
8016608575,59102327
8016651933,59102328
8016666579,59102330
801666658A,59102331
801666777C,59102332
801623026S,59102334
801665993B,59102335
8016668021,59102337
801666012U,59102338
8016661811,59102339
801660006R,59102340
8016668098,59102341
8016666502,59102342
801666602Z,59102343
801666232Y,59102344
801666133Y,59102345
8016666838,59102346
801666080Z,59102347
8016660360,59102348
808311,59116397
8039351,59256919
808839Roz,59347992
8000-ME,59350364
801667891A,59410665
8016672543,59410666
801667874B,59410668
8016673285,59410672
801667114Y,59410686
801666A76D,59410697
80s_movies,59587049
809585480,59687435
806017,59915737
80sgirl27,60197254
8016671979,60292686
801670301Q,60292695
8016684164,60292708
801667311X,60292709
8016705821,60292710
8016710894,60292810
801670830X,60292811
8016707722,60292814
8016708813,60292816
8016708701,60292818
8016709410,60292820
801670841Z,60292822
8016709522,60292824
8016709500,60292826
801671050S,60292828
8016709454,60292830
801668289C,60292832
8016710760,60292834
8016709050,60292836
8016709386,60292838
8016708565,60292840
80167046A5,60292842
8016707632,60292844
801670820W,60292846
801670989C,60292848
801671061U,60292850
8016709904,60292852
8016709959,60292854
801661181W,60292856
8013035,60307756
80MrMime,60350048
806017EGfanclub,60357599
80sibelsans,60365601
8016715170,60605065
801671200P,60605066
8016716856,60605068
8016713662,60605069
801671224V,60605070
801671360W,60605071
8016716531,60605072
801671211R,60605073
8016715451,60605074
801671410S,60605075
8016716597,60605076
801671431V,60605077
8016716A24,60605078
8016713730,60605079
8016715866,60605080
8016713471,60605081
801671222T,60605082
8016716160,60605083
801671090W,60605084
80s_fan_4_life,60723698
8032113,60792743
802225,61120082
800000-,61235168
8016715798,61319534
8016721593,61319535
801672214V,61319536
8016726A36,61319537
801672013S,61319538
8016718623,61319539
8016720570,61319540
801672132U,61319541
80_08,61460172
80hayoh,61493173
803779_MAKER,61722799
80rse7374,61770908
8004202,61773034
80-H20,61808747
800dyl-Test,61877367
8033311,62007532
8054864,62029221
80bpmbassist,62052634
8076699,62066401
8065385,62109115
8044421,62109134
8075625,62136952
808tyu,62148698
8073379,62266628
80nyan,62282342
8015600,62640320
8090191,62640326
8097066,62640337
801700119R,62808723
801700375V,62808724
801700217Q,62808725
801700403N,62808726
8017006860,62808727
801700225P,62808728
8021315,62816136
8034344,62816198
805adrian,62825357
805Devin,62825381
805Fernando,62825409
805David,62825411
80058768,62852880
80054591,62858186
8028336,62909148
80smetalman,62923788
80022008,63070330
8042474,63157916
80053727,63249657
801601zzzz,63269973
801611zzzz,63270041
801612zzzz,63270042
801613zzzz,63270043
801614zzzz,63270044
80123030,63287042
80PES2025,63302004
80PES2026,63302152
801702073S,63478288
8017017952,63478289
801702210L,63478290
801702097Y,63478291
801701132N,63478292
801702086W,63478293
801702188Z,63478294
801702043P,63478295
8017015860,63478296
8013141,63497084
8017207,63497120
8012933SB,63497492
8021387,63497795
80Draws,63517345
809076ds,63660864
8079Rihaam,63718521
8099Abdalla,63718523
8004Haroon,63718525
8062Ahmed,63718527
8034Maruf,63718529
8016Tasneem,63718530
8055Subaido,63718531
8045Aisha,63718534
8061Nabaad,63718537
8025Ibrahim,63718543
8009Shuaib,63718545
8052Zakeya,63718546
8003Najmo,63718560
8019Maryama,63718666
8091Muhyadin,63718667
8023Mahad,63718670
8027Naema,63718671
8075Abdulahi,63718674
8089Farhiya,63718675
8002Huda,63718676
8067Harun,63718678
8032Mohamed,63718679
8080Maha,63718681
8094Ismail,63718684
8086Bushra,63718688
8005882300empiretd,63905654
805672,63943492
805672lcps2025,63961740
801702461T,63980986
801702452T,63980987
8016646252,63980989
801702781Y,63980990
801702616V,63980991
8017027650,63980994
801702438X,63980995
801701941V,63980996
8014684,64015739
8000114,64247291
80202Clara,64249985
80217fangfang,64250011
80235-Mandy,64250021
80238FIBE,64250449
805672lcps2020,64286528
80scrapoff_man,64407874
803elac,64410183
80136phat,64425666
80137phu,64425676
803Hans246624431,64563902
803Brandon2231484388,64563906
803Anthonyy223289695,64590180
803BRID204644652,64592759
80053727_EXTRAS,64652682
80_,64669526
803Alexis_s233385459,64690644
80genki80,64730875
80kLilithGhqls,64742609
80055634,64815171
801703524U,64969819
801703247W,64969821
8017034670,64969822
801703628Z,64969823
801703146U,64969825
801703607W,64969826
8016614774,64969827
801703606V,64969828
8017029494,64969829
8016685198,64969832
801703555Y,64969833
801668674A,64969835
801703281U,64969836
80064097,65009183
805119,65150755
8073890,65169355
803JasmineS,65208776
8001227,65215178
8017844fabian,65215315
8037811,65215589
8016481,65215595
8033492,65216299
8027620,65216353
803SowMo232961789,65286692
8029881,65295288
80235-1,65312487
802909,65356901
806240624,65361844
8041662,65528809
8038103,65528988
8037035,65528990
8040715,65528992
8036893,65528995
8001937,65529023
8031715,65529048
8025815,65529102
8041778Irie,65529106
8037046,65529114
8029160,65529209
802491,65529289
8031068,65529369
803OmarD,65545703
803BRID,65555435
80234633,65618745
803TroyS,65678266
803NoumouD,65678374
802JahzaraB,65683953
8016957,65699444
809578,65811035
805467,65841548
8000998,65899003
80KillDoom,65912488
803AmaiahD,65944670
8014379,66051674
803BrandonA,66057253
806914,66063613
80alper,66160241
8028342,66168993
80sRock,66242231
8020052,66280959
80-ADA,66610580
8017047292,66647723
80kr,66668386
8041300student,66694805
80killDOOMSCIZOR,66712732
80smusicand90s,66717930
8013189,66757405
80banana577,66775661
808847atapps,66832366
801King,66845073
80243afro,66914235
800570,66965871
8033778,67072350
801355DO,67128088
803ZaynabB,67435365
80HD04,67443993
80071,67721476
80s-Music-Kid,67829338
807411,67988713
80792,68064462
800484,68147660
801893,68147752
803849FR,68147769
808352GE,68147862
804217BS,68147864
801885AD,68148275
804194,68148532
804194AJ,68148760
803444,68153871
803605CC,68153875
800186JL,68153897
800409,68153923
804285,68154021
806722KBR,68154036
800541ct,68154244
802544,68172642
802849,68172685
807269,68172782
801349,68172827
800295SW,68224354
809858mf,68224546
808424,68226268
803368CG,68227679
8002395,68235164
8002529,68236077
8002293,68236091
8002660,68236108
8001588,68236113
800302,68236116
807713,68236147
808949,68236170
8023463-Bryce,68244844
803535LP,68244867
803840cr,68244921
808055,68245054
802094ZC,68249023
809008DS,68259627
808460,68325830
8073131,68338787
800399hbg,68376008
805676,68377687
809451,68395022
802451,68452308
804251,68453509
80sBB,68489635
806401,68567820
80053727_TEST,68576789
808076,68590190
801_test,68647490
809474_ZK,68724789
80c,68796146
800575,68813339
8034076,68821744
8016972,68829300
8000_lol,68836964
801475,69011279
8031957,69132774
80-,69161190
80z,69210562
80smusicisback,69222993
804259,69247844
8060709,69329002
80y,69538779
80Hd782,69594122
805474,69598432
804259alfredo,69649483
8098901,69652518
800cupmonkey,69715564
80401150,69776353
8048840,69783148
80mustangs2021,69843963
8041058,69870498
8016556A48,69914315
800_Media,69960888
803523Sad,70162940
8005965,70181756
801709405Y,70310225
8017092832,70310226
8017092382,70310227
801709502W,70310228
801709332X,70310230
8017095857,70310231
801709151W,70310232
8017094384,70310234
8017091875,70310235
8017090975,70310236
80thabhu890,70358013
8014401EASDPA,70419991
8032236Charlie,70426449
8031933Vivienne,70504673
8031830Aubree,70504695
8031878anthony,70504707
8031784Liam,70504709
8036227Stephanie,70504718
8031934Adrienne,70504720
8031947,70504721
8032169Orion,70504722
8031909Emma,70504723
8037136Will,70504742
8032262Sophia,70504747
8036208Phoenix,70504775
8031858Joseph,70504777
8035582Aiden,70504782
8031940,70504783
8031939Abigail,70504790
8031966Gabi,70504797
8031947Tristan,70504863
8031939Abby,70505526
80417619,70569847
8001tanksandpilots,70579457
80sunicorn,70580176
809566,70580583
800742AWESOME,70634583
809204-pdsb-net,70641433
8031898izzy,70653858
807648,70829917
8034128,70841834
80pepper,70906441
8032204,70917476
8035484,71004635
8038598,71004638
8035798,71004639
8032913,71004640
8039078,71004641
8034998,71004642
8034931,71004643
8035177,71004644
8037435,71004645
8034837,71004646
8038916,71004647
8037433,71004648
8035094,71004649
8035327,71004650
8035387,71004651
8033577,71004727
8037054,71004728
8031903,71004730
8034876,71004731
8038597,71004732
8035470,71004733
8034862,71004734
8037457,71004735
8032188,71004736
8034383,71004737
8035091,71004738
8035309,71004739
8037052,71004740
8032746,71004741
8035169,71004742
8035179,71004744
8035178,71004745
802997890,71167464
803912GabriellaC,71170554
8031108Sarahi_t,71170556
802997809,71170574
8031108sarahi_TT,71170774
803MelanieR,71304673
8017506,71313158
8035526,71367530
8035526gavin,71367701
8033209,71367702
8033350,71367703
8033176ma,71367718
8033311jp,71367723
8031193,71367724
8033430,71367725
8032565,71367728
8031580,71367729
8031440fl,71367731
8031780,71367732
800123li,71367733
8030524,71367739
8035526gavinw,71367938
8033363,71368000
80sunicorngirl,71385685
801KAI,71507215
8017099097,71539452
801721904W,71539453
8017098467,71539455
8017218573,71539456
801710414Q,71539458
8017218191,71539459
801700239U,71539461
801721900S,71539462
8017098759,71539463
8016645532,71539464
8017218753,71539465
8017218775,71539466
80170986AC,71539467
801710675Z,71539468
801709968C,71539469
8017098265,71539470
801710624T,71539471
8017219585,71539472
801721851X,71539473
8017219080,71539474
801710640R,71539475
80930BEA,71580780
802997809700,71586468
8029978097000,71586562
8014533,71590346
80299780970009,71638307
802997809700090,71639071
8090abc,71650046
8039516,71715635
80286DIT,71751857
80534GAL,71751881
80195WOJ,71751984
80946352,71937671
80fiver,71999757
8034777,72000141
8034850,72000142
8035432,72000143
8034511,72000144
8032771,72000145
8037322,72000148
8032884,72000150
80344445,72000152
8034775,72000153
8033233,72000158
8034805,72000219
8031429,72000247
805582,72002096
807944JS,72002349
8056777,72022378
801722053S,72105014
8031754dog,72135675
8080T,72264960
8028750dog,72318578
80_StormStar_08,72385434
8058777,72396493
8053777,72396546
8034805dog,72397885
8037086dog,72397891
8035375,72397900
80408222,72619806
801235,72635904
8015896,72694802
8000142,72756561
8002590Reyes,72756567
8001625,72756576
8002447,72756578
8002296,72757197
807944,72872195
803MohamedS,72936104
8080Stay_Happy,72958322
80064475,73022593
80-6F,73056256
8017234795,73163376
801723160S,73163384
8017233592,73163391
80kitten,73363641
8002670,73445259
8017028,73452311
8040060,73452399
8030080,73454888
803JulianC,73479848
8013825,73537963
809408,73645891
8052334,73714694
803277,73716198
80j,73726818
804173,73877255
8017249713,74347269
801724551X,74347270
801724064W,74347280
8017248688,74347281
8017245371,74347283
80172426A3,74347291
801724741Y,74347293
801724143U,74347294
8017249511,74347299
8016617441,74347306
8014902LM,74384316
8014463ak,74384487
80302505,74527896
8014948,74531158
80296245,74542508
8002691,74549738
804069,74650132
80ppp,74668687
80123zzzzzz,74784634
80122zzzzz,74784793
8017270762,74987335
801725531W,74987338
8017255844,74987343
8017255811,74987347
8017270841,74987352
8017254540,74987354
801723913Y,74987355
8017256A57,74987356
8017258623,74987357
8017255721,74987359
801725701V,74987360
8017270964,74987361
8017256654,74987362
8017270931,74987363
8017258645,74987364
801727107X,74987365
8017257598,74987367
801725930Z,74987368
8017255798,74987369
8017256632,74987370
8017259321,74987371
8017257868,74987373
8017257611,74987374
8017270795,74987375
8017258050,74987377
8017257565,74987378
8080T_testing,75151648
803NadiaI,75279648
80it,75370828
8002004,75375548
8034777dog,75443741
8017276487,75514868
801727181Z,75514875
80172726A6,75514878
801727588A,75514882
808889,75642447
8002504,75648828
8073664,75710491
8014377,75729951
808SJ,76015986
8012859,76076981
801487js,76380997
801085rm,76381115
80758,76481051
80758202,76481368
801081wz,76550647
801727898E,76652529
8017289100,76652531
8017288468,76652536
801729982A,76652545
801730059X,76652548
8017300A9Y,76652550
801730094W,76652551
8017286231,76652552
801729919A,76652553
8017287412,76652554
801730101L,76652555
801729973A,76652556
801729955A,76652558
801728603Z,76652559
8017287816,76652560
801730042P,76652561
801730057V,76652562
8017286826,76652563
8017287401,76652564
801729896E,76652567
8017298346,76652568
8017299314,76652569
8017298212,76652570
8017284598,76652572
801730087Y,76652573
8017299358,76652574
8031441,76692119
808blahblahblah,76695095
8013768,76946917
80s-Radio,76958857
801730274W,77273894
801732027U,77273896
801730305R,77273898
8038776db,77456695
8038807mm,77458477
8031843jr,77562575
8037784,77562579
8035442,77562581
8034729jr,77562582
8035436jr,77562585
8035824jr,77562588
8037481jr,77562589
80355032jr,77562590
8031837jr,77562593
8034897jr,77562594
8035775jr,77562596
8034957jr,77562607
8034902jr,77562608
8035623jr,77562633
8037331jr,77562634
803BriannaQ,77655799
8008725,77680111
8003178,77768226
800001375,77781234
800000072,77783336
800004063,77787037
800004016,77787043
800004014,77792192
800002417,77792257
800003830,77792308
803RodrigoR,78085685
800004220,78095368
800003978,78097302
80shusky8,78098951
80kCJ,78101654
808sushi,78202474
8017326731,78261776
8017338543,78261778
801733039Y,78261780
801733899C,78261781
801732273X,78261783
8017337171,78261788
801732823Y,78261790
801733714Y,78261792
801733898B,78261793
8017337788,78261795
8017338071,78261797
8017330871,78261798
8017327451,78261799
801733750Y,78261800
8017339083,78261801
801733013Q,78261802
8017327473,78261803
8017331591,78261804
8000598,78290760
80kakeru80,78726554
801734017V,78726837
8017226640,78726838
8017341491,78726839
801734040R,78726842
804-x19a70,78731491
80103710,78921914
80546,78989950
801734897B,79228567
8017345844,79228572
8017346474,79228575
8017343684,79228579
8017349398,79228586
801734613X,79228587
8027933,79328357
808Isabel808,79359010
801kai1,79444154
801762123U,79472645
8017343550,79472654
800kW0rM,79554319
80sbabeEl,79672607
8085310922,79728993
801764796C,79882955
8017635420,79882966
801765601Y,79882968
801762208Y,79882970
8017647186,79882976
8017666604,80211584
8017657413,80211587
801766003V,80211589
8010101,80327859
80DreckigeHarry,80425558
801kai0,80453936
80937jimmy,80694949
80136760,80769660
8017289,80769690
808_CG1,80842950
8017668404,80934326
8017673567,80934329
8017676076,80934330
8017675479,80934334
8017673646,80934335
80313selena,80943186
8016523edward,80960107
8015053,80967260
800611,80985296
801920Riley,81051894
800948Caden,81056733
802680Uriyah,81056784
801078Lola,81056794
803232Preston,81056889
802955Koen,81056956
803057Lucian,81056976
806scr22,81088237
800scr22,81099946
8001740pup,81172907
803344Keegan,81189379
80-HD_BOBOT,81333448
8017680611,81632910
801767782A,81632911
8017680688,81632912
801767879H,81632913
801767788G,81632914
801768120X,81632915
8017680565,81632916
801767768E,81632917
8017680576,81632918
801767789H,81632919
8014418,81746258
8014633DS,81746279
8014608,81746335
807690709,81769060
80H,81830190
80sKidUniverse,81905154
8013902,81955700
8021317,81977849
8023574,81978331
8028615,81978492
8022248,81978851
803096,81990486
803MerrelynP2122,82024233
8020723,82148295
803061,82148485
8029597,82148498
8030175,82148550
8027395,82175194
8030002,82175351
8024236,82175354
8028431,82175405
8028072,82175412
8026365,82175417
8026224,82175428
8027451D,82175429
8024263,82175436
800736,82175477
8023864,82175521
8020270,82175620
8028808,82175641
8023982J,82175683
8030811,82175751
802GiovannaM2122,82328518
802AnthonyA2122,82328628
802AnthonyM2122,82328665
802nyjshayg2122,82328922
8022262,82342468
80876,82355100
8026321,82427174
8026246V,82427193
8024161,82427314
803NolascoD2122,82472153
803HillaryR2122,82472168
803OrtegaA2122,82472225
803GuerreroJ2121,82472226
803FrederickJ2122,82472266
803SpenceL2122,82472381
803MorenoE2122,82472491
803Jawanehr2122,82472571
803DialloA2122,82472591
803MadramootooC2122,82472628
800KobaraC2122,82472740
803PlatonM2122,82473052
803BarryN2122,82473256
800PrestonF2122,82473484
803MendozaA2022,82473576
803delossantosC2122,82473594
803mdohiu,82473955
803QuintonsI2122,82473957
803TorresJ2122,82474846
8028959,82483435
8031228,82484013
80u,82601232
8031261,82624476
803AmayranieG2122,82685985
803KobaraC2122,82686331
803Mendoza2022,82687065
803BaRRY2122,82687819
803GrantI2122,82688229
803SabalaL2122,82688454
8032161,82689644
802446-,82708253
802436,82715861
802JaydenT2021,82780946
801768975F,82813688
8017653723,82813690
8017685256,82813691
801768992E,82813694
801768872B,82813695
8017682589,82813696
8017687236,82813697
8017687203,82813698
8017373676,82813699
8017681825,82813700
8017682758,82813701
801768378C,82813702
80176A4087,82813703
8030192,82881805
8032223,82886088
803AryanC2021,82923993
80V,82931370
8014778,83140654
8021366787,83142742
804807,83215560
802136678,83270051
80-sehersevim,83320780
801JahlitzaH2122,83336114
803SilvaC2122,83338425
802DestynnM2021,83346143
80176A737C,83423677
80176A7349,83423678
80176A756D,83423679
80176A755C,83423680
801762044W,83423681
80176A763B,83423682
80176A739E,83423683
80176A492A,83423684
8019hashimoto,83456718
801JoseF2122,83472559
8019733-,83534918
803djaloA2122,83545885
809254ethan,83566455
8023392,83720716
8023390,83721458
803AlamM2122,83758953
803MoA2122,83796960
803GuerreroJ2122,83797156
8002Enahs,83816227
8023393,83819771
80299962,83998813
803FordjourP2122,84064385
8029996pe,84101801
8026611fn,84102096
803LebronO2122,84104326
8029996ep,84196270
803Prestonf2221,84292709
80112870,84308925
800132MR,84344895
8029996e,84369537
80233921,84369959
8023396,84511201
80233929,84567843
8008milkdrinker,84580180
8037828,84665922
8023399,84830404
802391,84830720
8013678,84830958
8014110,84833272
8013742,84833326
8014882,84833364
8080Snake8080,84835316
803mdohi2021,84907164
8017720931,84949965
8017715799,84949966
8017716532,84949967
801772118Z,84949968
801772072Y,84949969
8017715621,84949970
801771506Z,84949971
8017721471,84949972
8017716295,84949973
8023398,85089843
80233920,85142433
803GuerreroJ1121,85211693
80557090,85350966
8028665,85423533
8028691,85423958
8028524,85424017
806199,85427638
801845SB,85427652
805153,85433709
801618LB,85433712
804038,85433736
804001CF,85433742
804494tt,85434553
804051,85435184
801413,85448945
809390,85448979
800117,85448983
801850,85448993
801666MP,85448996
809390JA,85449421
80DX,85467584
804147,85501518
803634,85501546
801417,85501576
805161JD,85501687
802790TH,85514794
800912,85514797
803619,85514820
801157,85514830
807156j,85514857
804628IAN,85514865
803077LS,85514884
80233922,85518242
800406,85521165
803067,85521167
802032,85521170
804807cle,85521173
801296SJ,85521219
804NathalyC2122,85651604
800165,85668277
803285,85668471
802771ch,85668480
803810,85668910
807961,85668918
800749,85668928
803802,85668934
801130,85668940
807676_TV,85668946
808631,85668984
803968aw,85669034
802319sj,85669813
804102EH,85669865
800852OS,85669869
80-HD_fromdogman,85677304
8026151,85826088
801772330V,85843171
801772410U,85843175
808251,85975704
808409,85975771
808256SK,85975821
805_blondie,85998774
804Dariel2122,86091465
808257,86096182
805678,86352325
807_1,86353336
8028774h,86447719
80G,86566141
808028,86599230
808284stem,86608854
800005557,86772972
8017728333,86903394
803KaiteleenD2022,86940946
809Unicorn56,87028558
803SabalaM2122,87165667
809218,87172534
803PaganM2122,87354643
8026995,87382192
80L,87588833
80E,87588837
80R,87588843
80Q,87588844
801-509-8223,87597972
80ssaint,87681168
8068838,87781241
803jeremyg7656,88485848
803344,88646175
808015,88657090
8017747558,88775099
8017750811,88775107
801775131X,88775108
801775899I,88776778
801775586B,88776784
8014523GU,88846200
8020195,88846282
8014550wh,88846370
8030933HARMONY,88857492
8011141,88922234
8014147_,89057970
8016255MH,89256652
803student,89266816
801191,89332894
806540,89336622
803600,89452885
806350,89507571
8032162,89554894
80AD,89694660
801465,89712939
808299,89763017
802Alishbahe2122,89906190
803jnyiahb2021-2022,89909503
80sboymakes,89941411
801788294B,89998647
801787862B,89998650
801787493B,89998653
8017880231,89998660
801788021Z,89998669
801788099E,89998676
8017877158,89998677
80hpr,90043211
8020231PJW,90146327
8014565DM,90146348
8014401EJ,90146378
8000kei,90171391
8095keke,90372181
80439,90479841
802689,90507371
801788437A,90817447
8017884707,90817448
801788672B,90817449
801788573B,90817450
8017886103,90817451
8017886518,90817452
8017886114,90817453
8017883728,90817454
801788384B,90817455
8017886406,90817459
801788477E,90817460
801788666E,90817461
801788395D,90817462
8017887317,90817463
801788339B,90817464
801788438B,90817465
801788766F,90817466
801788675E,90817467
801788467D,90817468
8017887126,90817470
8017885719,90817471
801788667F,90817473
8017884404,90817474
8017887205,90817475
8017884145,90817476
8017886136,90817477
80989089089089089089,91043901
809489,91422768
8016851,91569393
8016091,91663984
8040a,91687365
8017892919,91819962
8017883739,91819963
8017895147,91819964
8017892458,91819965
801789186C,91819966
801788941A,91819968
8017896328,91819970
801789184A,91819972
801789189F,91819973
801788979L,91819974
8017899107,91819975
801789896K,91819976
801789851B,91819977
801788891E,91819978
801725065Y,91819979
8017892212,91819980
801788872D,91819981
801789088D,91819982
801789646D,91819983
801789972F,91819984
801789963F,91819985
801789284B,91819986
801789828F,91819987
8017893167,91819988
801788871C,91819989
801789596H,91819990
801789797K,91819991
801789365B,91819992
801789895J,91819993
8017890445,91819994
8017896317,91819995
801789868J,91819996
8017887328,91819997
801789852C,91819998
801789185B,91819999
8017893033,91820000
8017893549,91820001
801789292A,91820002
8017893011,91820003
8017895136,91820004
8017883717,91820005
801789905B,91820006
8017892403,91820007
8017892346,91820008
8017892335,91820009
801789347B,91820010
802-KEIOline,91936755
8071543,92058291
807669,92198119
8012751,92207256
8042642,92342941
809happy,92376458
8022265,92421365
800983,92502586
802748,92510073
809296Isaiah,92564695
802921xander,92580563
8017903798,92605745
8016574487,92605746
801790414Y,92605747
80179066BA,92605748
80166146A5,92605749
8017905644,92605750
8017901976,92605751
8017903855,92605752
8017904441,92605753
8017906195,92605754
801789267C,92605755
801790802Z,92605756
8017907422,92605757
801790610W,92605758
801725151U,92605759
8017903585,92605760
8017905273,92605761
801790588A,92605762
8017905240,92605763
8017905521,92605764
801790800X,92605765
8017903822,92605766
8017904913,92605767
801790252Y,92605768
8017903877,92605769
8017903383,92605770
8017906296,92605771
8017904924,92605772
8017903721,92605774
8017883155,92605775
803CedricA2122,92641478
80smelodyy,92677552
803755-EC,92867123
80_HD_Music,92873945
80HDbababoy,92927039
8012101-JJ,92941129
8013079,93274018
8056646,93309481
80111MADS,93439266
80s_Rhino_Man,93546365
80sV,93722633
8017919133,93819935
8017920876,93819936
801791949C,93819937
8017932813,93819938
8017918918,93819939
8017912899,93819940
801791009Z,93819941
8017909299,93819942
80179095A9,93819944
8017933375,93819945
801793304Z,93819946
801791889F,93819947
801791141W,93819948
8017933566,93819949
8017909143,93819950
8017909929,93819952
801791779D,93819953
801793302X,93819954
8017932071,93819955
801790894A,93819956
8016619083,93819958
8017892188,93819959
8017932486,93819960
8017918255,93819961
8017904610,93819962
801792000R,93819963
801665521Y,93819964
801791025X,93819965
801792115Y,93819966
801791768B,93819967
8017920562,93819968
801790036Y,93819969
8017919278,93819970
801791032V,93819971
8017909244,93819972
8017912394,93819973
8017911731,93819974
801792026Z,93819975
801792052Y,93819976
801791011S,93819977
801660139Y,93819978
801791015W,93819979
8017921091,93819980
801792112V,93819981
80r52,93872067
80sN70s,93875040
8034944,94037115
8035029,94037136
8035801,94037155
8037452,94037166
8034947p,94037176
8034940,94037181
8035036,94037235
8034878m,94037264
8034892,94037271
80358015,94037520
8041471,94037948
8034195,94038103
801892-,94106532
8070835,94142789
804amethyst,94233737
8017937166,94326966
80gl2029,94502103
8032943,94568819
8026072,94568904
8027038,94570871
8027038whocandice,94570942
80335871,94700248
8037220,94935965
803722,95123891
803IsiahG2122,95395875
801795088A,95562598
8056646_Harmony_,95707287
80755blue,95896739
8047843,96125732
801795484A,96165650
8017952725,96165651
801795488E,96165652
8017217954,96165653
8017952657,96165654
80885kl,96432050
803IsiahGrant2122,96479721
80sGuy1985,96997153
80sQueen,97152091
80053858len,97174617
8015098223,97247504
8017970613,97282579
801796807A,97282581
801797790C,97282586
807649,97326157
808_Cloudy,97345562
808Hacker,97400732
80027211,97512965
8017932486_2,97537404
8017996329,98138622
801799496H,98138628
80yuu,98207179
80ata,98256664
800KEI,98303580
80sfan,98828876
8018252910,98890737
8018229600,98890739
8018250783,98890746
801822860Z,98890747
80427448,99159576
8001256,99209438
80166,99331081
8018261460,99375897
8018261550,99375898
8018261381,99375899
8018261493,99375900
801826118Z,99375901
801826121T,99375902
8021057,99406923
8021423,99460189
80151cs2022,99530875
80451cs2022,99530890
80060cs2022,99530891
808Team,99619489
80053858ben,99649700
801617SM,99661268
80x5_Amir,99711927
8029226,99717105
8028907,99717123
8030483a,99717348
8032256,99717677
8029342,99717789
8027115,99717921
8029635,99717992
8029276,99718052
8029062h,99718623
8029227,99718663
8029744,99718693
8032289,99719153
8030023,99719230
8029319,99719281
8030918,99719369
8035138,99719462
8035130,99719499
8035133,99719585
8027294,99719618
8035101,99719836
8035174,99719861
8035263,99719921
804629,99720163
802031hg,99720227
803949LH,99720257
807173MC,99720260
802810LG,99720311
804801BL,99720499
8027435,99759567
8029435,99759595
80533mn_,99760165
80714MB_,99760360
8029345,99760371
80736rp_,99760402
80796cs_,99760506
80956jh_,99760553
80510Lz_,99760634
80888cs_,99760646
802148,99988415
8080-,100016903
8018266A37,100022634
8018271843,100022635
80076795,100274182
808461s,100325896
80152bvasd,100396687
80sThinqs,100420480
809263,100509842
802yellowmonke64,100772536
802ryan123,100773291
808461sn,100777232
801891,100803990
8018279605,100815111
8018279728,100815112
801795489F,100815113
8018279032,100815114
8018277276,100815115
8018279122,100815116
803019Auggie,100882878
80075089,101018864
8012sd,101087636
803056,101311904
8039369,101311907
8028282mv,101311941
8042444,101311976
80657Tarik,101348810
80Friend,101431944
803514ZC,101653838
800653,101723239
8018283183,101904067
8018281899,101904068
8018283194,101904069
801828220V,101904070
801828402X,101904071
801828330X,101904072
8018280450,101904073
8018283835,101904074
8017967147,101904075
8018280494,101904076
801576799G,101904077
802JC25,101914715
801enes,101943495
80tr,102013335
8063AM,102064819
80051367,102383324
80sMelodyy-,102411715
8010-37,102427159
801470WV,102537261
8017951296,102583084
803779Galactic,102643974
800otiuy,102679688
80sAllStarTeamUps,102877582
808Monkeyman808,103107065
808296ME,103445330
807349Cs,103445340
804915ts,103445597
806140js,103445658
805996Ls,103445736
808107,103445757
806414ar,103445788
8014652WE,103592010
8014471AVBJ,103592024
80802929,103706827
808491ha,104023950
800001706,104109831
80spalad1n,104130133
808202lu,104304130
808159LU,104304196
808170,104304232
808165lu,104304725
8002ereHsIkooB,104308119
801197JB,104465168
802788jm,104465206
802927GG,104465279
803491nj,104465308
8052539Shaun,104480706
80428959,104561687
803491nate,104616578
808201nu,105223377
808168nu,105223420
808242nu,105223502
808178nu,105223671
808020nu,105223694
808223nu,105223823
800020SR,105223840
808242nul,105224043
808045nu,105224052
808033nu,105224280
800panther,105228928
808ThXman,105328555
80400banana,105351189
80071555,105387669
8018316797,105576809
801831082V,105576810
801831145V,105576811
801831218W,105576812
801831051R,105576815
801831194Z,105576816
801831610S,105576817
801799719F,105576818
800pp5,105761609
809botroblox,105764065
808dolpphin,105940948
807dolphin,105941023
806dolphin,105941055
803dolphin,105941260
809dolph,105941849
800219,106132824
806161,106133754
80soso,106136319
80TDeDu,106154159
8073710-sub,106351268
808060lu,106711887
8042960,106920893
805Potato,106921601
8003461,106945059
803516BC,107012682
808Quacked,107022841
80s_music_4_life,107180665
8018328789,107384627
8017891705,107384628
801832841Z,107384629
8018328082,107384630
801832789A,107384631
8018327575,107384632
801833044V,107384633
8018329241,107384634
8016616170,107384635
8018328598,107384636
8018327913,107384638
804390_NRS,107680459
804390_NRS1,107751775
803182,107787037
801233,107787051
801601-,107859763
803295,107859775
802394,107859793
803249,107931697
8051---,107945615
80974321,108301794
80184356A8,108666429
8017911641,108666430
8018436600,108666431
8018293533,108666432
8018437544,108666433
8018434350,108666434
8018439333,108666435
8018436A58,108666436
8018437173,108666437
8018439243,108666438
8017950745,108666439
8018437397,108666440
8018435283,108666441
8018282777,108666444
801843797B,108666445
8018438589,108666446
8018439254,108666447
8018439197,108666448
8018439221,108666449
801843641Z,108666450
801843920Z,108666451
8003894,108717064
80Lies,108726409
80HDdotnet,108750951
8038373,109046731
8058805,109237691
8021939nickname,109294026
8064903,109496176
809Sav098,109638945
808706Maddox,109920791
80danceloud,110037707
807515,110220547
801ruppes,110466795
802ruppees,110466818
803ruppees,110467040
8036460,110489087
801844750Z,110489285
801845369Z,110489293
801845572Z,110489296
801844924Z,110489299
8042296,110630011
803788,110668962
80spopstar,110735320
801732673,110882260
80ag,110893131
808toutorials,111082803
80Soft,111324125
8036459,111419636
8001645,111428872
8005194,111440858
8012737,111441215
8006680,111441486
8069055,111523615
807JUASECAMO,111783346
804009sh,111985943
803845nq,111986524
801389cr,111986576
802897ks,111986618
8055087,112002021
8017-sab,112017917
8014598,112061583
808-999,112476301
801789586G,112535762
801846895D,112535773
8051---Sub,112595085
801125LJ,112628870
804431af,112628943
804888aw,112628973
802203Jc,112628994
800047AW,112629007
804888AbbyW,112629038
802690crf,112629044
804195London,112629155
801334_isamitdinova,112629172
802203JulianaC,112629310
801125LukeJ,112630232
8064505,112632143
805brooke,112754666
804630,112771623
804630tcsd,112771680
80sguy1986,112896498
8077331,112898864
801848584A,113029826
8052539ShaunAlt,113113684
8065511,113524873
8065870,113577593
808_Error,113657918
80344557,114239730
80bunny,114249411
8034292,114264198
800574ch,114355325
800416ch,114355483
800385ch,114355500
800363ch,114355589
800407ch,114355608
800351ch,114355653
800318ch,114355763
800572ch,114355814
809901az,114725642
808395at,114725930
805892st,114725976
806307az,114726197
80901618,115064635
804i,115303653
80oKwORm,115431055
8000ktetu,116585523
80Soft_com,117028569
80s_Songs_On_Scratch,117033428
8000KEI8181F,117347395
8022LSnow,117651794
80Soft_sub,117680073
80liris,117772136
80_sub,118017707
80HDcHildD,118251950
80SoftInc,118450273
802299ssr,118741818
80sFriend,118865327
80144500,118928942
8014755EASD,118928949
8020625,118928957
8014805aAH,118929004
8024529,118929198
8014089AH12,118929464
80144hc,118929613
8014550Yippee,118929724
801443hc,118929995
8020507tyu,118943053
80-baboons,119105210
80_tutor,119136354
80s_4ever,119301227
8000BRIGHT,119312119
8014870DBB1,119354678
8016284j,119370125
80Make,119475713
80sheetswide,119494550
80Le,119942893
80191,119999909
80091,119999910
802626RU,120130131
80000123,120318468
8000YUHI,120343140
805rc243227,120369389
8017sub,120424414
80HD_Z,121072982
803YUSoleilR2324,121354438
803YLEmmanuelR2324,121354469
803YUCarlosC2324,121355239
803YUIsaiahU2324,121355929
8028267,121497218
803YUAbtesaamE2324,121551980
8009510,121629795
80Soft_Tools,122074272
80Avrey23,122186248
8029739,122399583
80033008,122747673
805208Elliott,123135341
803469Anden,123148475
8020745,123172045
808921,123179462
80268026,123445222
807009,123459209
806384,123459425
809JustinMcCola776,123489677
8048thecreator,123853950
801350JG,124691277
805039AW,124691544
805944,124700823
804045KM,124767522
80875,125396546
800Cent1,125830401
80097,125833814
80Scratcher,125862968
803299greengreatdane,125891121
800yellowlions2023,125925920
808_808_808,126216434
805417k,126436898
808v,126545353
8050659,126648234
8034626,126707519
80sRockRules,126992790
80sROCK2013,127224505
802157,127329304
8066641,127343764
801665340Y,127533438
800012482,127757119
80s_Rock,127982573
80s_Abril_Melody,128288279
80___,128534944
808515,128762691
808514,128832469
807209,128861550
8050659---WhEE579,129067726
800000380,129358663
80smusicontop,129731180
8067511-bro-no,129950189
803876tf,130270531
804444jr,130442333
805268ms,130442440
800913ww,130442508
802745lw,130442544
808_man,130715665
805379CA,130822234
805709Cobain,131543627
805231Elliot,131552061
80433649,132157334
802DC1,132965992
8034118,132993080
804169Madz,133101681
80sStudios,133917879
80-HD2024,134065882
8014598m,134179449
80387477,134210780
8042315,134239791
8045585,134631390
808iscoolya,135622806
800665ia,136386808
803887mf,136386851
803128sl,136387292
801239tm,136387356
805223vo,136387548
80sgurlll,137002983
80HD7,138413946
8007f_3005f,138954780
800lenny,139159618
807041nomekop,140291008
8017_archived,141144902
8035309the2nd,141850780
