81MarkS,18545
811,40778
813,168728
812,344938
817,360787
813331,379382
8121,397882
812DONNIEOWENS,409394
81283331,411256
81237,448508
814,474384
81a,530882
8118,539426
811452,541660
810119,602690
8177818,621312
818818,697918
815,720692
810,721300
817503,724242
819,733845
81132618,774291
81772,958682
81397,989136
81875422,1064880
81005,1091417
81046,1091419
81006,1091423
81008,1102862
810324169,1113354
81282,1125439
81269xyz,1136718
812854155,1204323
819816745,1321572
810639171,1805516
812613504,1865026
819801445,1984241
8169,2041825
815686800,2158775
810313823,2178610
81supernova,2235051
810565505,2243550
811043,2449857
810681,2449864
81876,2513100
81002einstein,2598130
8142,2598384
81724,2617254
81104,2708864
81700,2796554
813eli,2843815
81BALLER,2947936
8111,2963251
81laura,2996598
81megatron81,3152214
8181818818181,3200172
813376,3214502
8147687931,3283722
8149372199,3321803
81424,3341490
81413,3341492
81433,3341504
81305,3341729
81322,3341731
81377,3343038
81826,3351158
81825,3351165
81810,3351212
81805A,3351248
81835,3351257
81605,3351927
8103az,3355511
81116,3370249
8102bc,3380941
814259,3492982
814189,3492987
81828k,3546109
816685,3676086
8125_FreshMonkey,3781372
8191,3927479
81129,4112150
8196hanson22,4129528
819705,4175078
817449me,4186193
8102639,4192621
81303,4568503
819809,4692621
8118900302,5185456
81355,5394462
81jskaria,5485120
81353,5568676
8190295,5758280
817236,6236854
814144,6536404
81011136,6545704
817362,6635670
818,8592768
816,8608190
81011112,8820874
8110bmr,8909888
815chris,10560316
8128,10830272
8140472,11284856
813309,11368798
817rangers3,11425200
818088,11975104
812633,12337694
816297,12429364
81604,12535124
8157851912,13188796
8190146,13544980
812148,13734947
813394,13734954
81112097,14162047
81644,14201322
813705,14229478
811370,14253418
81112042,14272004
81011,14309210
81314081,14371638
81112063,14531028
819932,14541739
818221,14672820
8159wembly,14875311
81871,14877494
8190296,14931718
810114514,15570498
817083,15667208
817manato,15681446
81404,15731079
8190741,15775436
81101,15866386
81519,15988574
816889,16113335
814469,16126956
811732,16143419
813624,16143429
817341,16531342
811697,16753141
8161055,16993955
8161056,17016275
8161055a,17090236
8161055b,17094380
817beatles,17926156
812Lime,18083366
8190444,18204941
810217,18229619
815815,18357725
81518151,18444813
81scampygrumy,18804862
818187,18928552
8198724524,18942021
817654,18942053
818710,18942064
8198134123,18946783
817097,18949962
817661,18950018
812626,18985822
815161,18985823
815726,18985846
815161jc,18985952
819031,18989868
813926,19002164
8111316,19024424
81294,19024446
81Lion026,19046097
81Lion027,19046098
81Lion024,19046099
81Lion003,19046100
81Lion022,19046101
81Lion023,19046103
81Lion020,19046104
81Lion021,19046105
81Lion036,19046106
81Lion039,19046107
81Lion037,19046108
81Lion028,19046109
81Lion029,19046110
81Lion004,19046111
81Lion025,19046112
81Lion040,19046114
81Lion005,19046115
81Lion031,19046116
81Lion033,19046117
81Lion006,19046118
81Lion030,19046119
81Lion034,19046120
81Lion010,19046121
81Lion002,19046122
81Lion035,19046123
81Lion032,19046124
81Lion038,19046125
81Lion001,19046126
81Lion019,19046127
81Lion018,19046128
81Lion008,19046129
81Lion009,19046130
81Lion013,19046131
81Lion012,19046132
81Lion011,19046133
81Lion007,19046134
81Lion017,19046135
81Lion016,19046136
81Lion015,19046137
81Lion014,19046138
8119657357,19149677
8162683267,19202753
81420,19285887
81194,19285889
81840,19285890
81909pc,19285916
81436,19285928
81425,19285930
81167,19285967
81913,19429023
81286,19519360
811621,19567704
8173474257,19617145
8158,19648730
8193317742,19714563
811hazina,19832039
810Create,19881519
8109999,19905045
811999,19905238
818859Ss,20044309
8178009,20252504
81811,20441475
8161056follows,20519747
8161055follows,20520980
81hannah18,20535299
816129,20858511
81kl,20967163
815999,21024090
813ter,21194741
810895,21195719
815678,21298131
81415085,21351318
8190371,21525650
81_cam_tobon,21577514
8161056-test,21672417
812345,21824978
811746s,21875444
8190453,21878819
816731,21968128
81513,22307810
817872,22322474
817872eli,22322540
81s_dglenn2,22409414
81skirstenraina,22409439
81sggrams,22409460
81kproctor,22409475
81sfboyce,22409481
81sngray,22409505
813077,22415399
813077rm,22415521
81stnguyen,22422476
81smgreen2,22422599
81sdking3,22422615
81hunter,22422698
81srhoskins,22422909
811167,22445665
81saphan,22530963
812021,22553857
815982,22554136
815997,22554150
816198,22554233
817659,22554251
812042,22554288
816734,22554313
811634,22554330
8189999,22584779
81BZ601,22608794
8112345,22630735
811027P,22663884
812478,22708911
811635,22708938
811460,22708945
81D,22735865
812393,22745726
811994,22745738
812479,22745857
818354,22745872
810674,22745885
812652,22746125
810861,22746134
819358,22749577
817819,22749689
819377,22749699
813939,22764608
812088,22764623
8158cvusd,22831016
817380,22844358
816635,22844363
814565,22844396
814512,22844513
813706,22844521
812341,22844665
8135415543,23215067
811563,23223302
817hajvaza,23444504
817948,23459570
81r,23942701
8101919,23990394
811263,24035430
813712,24058088
811210,24058708
810353,24064197
81601229,24256200
816Endbolt,24356527
8128yolo,24388637
810047,24479295
81956,25001697
8179999s,25121613
8119999s,25121624
8149999s,25121628
8199999s,25121639
8169999s,25121640
8159999s,25121641
8109999s,25121644
8189999s,25121645
8129999s,25121650
8154224151,25177239
810753,25232363
810195,25321413
81791,25397233
818023k,25426994
8136419132,25454993
8198724524H,25530858
8154293773t,25531048
8188166987g,25532549
8119657357m,25532635
816MD,25536644
81QUA,25594202
812179,25763883
811058,25763893
814785,25854768
81lly8082008,25967636
811B811B,26064989
8102418,26162930
815920,26408514
8136419132kevin,26434864
8193158482,26477412
8176188638,26477413
814464,26495171
819611036,26517016
810199,26539252
81742,26736634
8179607,26803554
8151475,26803560
8190552,26803566
814aayshar,26830264
81014,26943005
81070,26983486
81750pc,27149790
81236pc,27149795
81811pc,27149821
81512pc,27149830
81836pc,27149832
8172878,27171295
812741,27370152
814334,27370241
81274,27370315
81272,27370816
811258,27559925
813852,27598082
812496,27598159
817916L,27643094
819423,27646032
81PixelGamer,27647663
814853,27742797
812765,27786622
818319,27786641
814778,27786663
810683,27802876
818816,27826710
818136,27826716
817267,27826737
819681,27827018
819929,27839872
819666,27839891
816007611,27872331
8188022290,27967143
81sanguyen,28068283
81879,28190738
81sfdepauw,28477188
81svfrayre,28478237
8121777,28520848
8181emre,28523245
812857,28524783
819295,28524837
815665,28525007
814cutiepie421,28541786
8104YUSUKE,28628386
8131328198,28688905
812492,28699577
816078mb,28699584
811628,28699596
815121an,28699613
815188,28699715
819820,28742895
81shquinones,28828470
817174sophia,28832278
81szlimas,28865447
81smlogan,29126559
81saldivar,29141011
81srkirk,29544416
81sjfortune,29544417
81sxjimenezdehuelbe,29544418
81sxdavis,29544419
81scsimpson,29544422
81stdehuebes,29544423
81sibelton,29544425
81smmcclain,29544426
81sjglasscoe,29544428
81smkates,29544429
81scterry,29544430
81ssmccullem,29544432
81snjohnston,29544433
81swdavis,29544434
81skprattwilson,29544435
81szfields,29544436
81sigarcia,29544437
811qa,29551039
81sdepauw,29552794
810069M,29666661
81svvue,29673552
81smjohnson,29674690
81sclucas,29675036
81sddunn,29675074
81safletcher,29675115
81sdunn,29675135
81skproctor,29675191
81sjmuscott,29675235
8114821,29692381
8135598378,29708613
81shquinonesjr,29710219
81atest,29714145
81057,29758274
81spnguyen,29900885
814831,29933339
81273407,30021330
81skhill,30068259
817893,30096954
811242,30097051
811033,30137119
817563ToastyTurtle,30137150
81JH,30137635
810609,30145211
819598,30168809
817054,30253343
819598-Joseph,30256212
818BA,30275243
810609_memaw,30355744
812681,30424709
81stglasscoe,30431541
81sobenavides,30432351
81sapearson,30466399
818393,30626657
817013,30626692
81827,30697799
810259,30832170
811250,30832299
817655,30832318
81286sha,30837617
816952,31851446
81hanbin,31996761
8112616,32060531
81866,32178376
81458fms,32219071
8182-,32220512
816MLM,32423215
81876pc,32752798
81728pc,32786977
81561pc,32786984
81169pc,32786986
81235pc,32855631
813621,32861097
81ocaiM,32881591
8123456790,32931353
81777060,33387562
816334,33615454
814801,33615681
8188741825,33619905
81DigiKid,34032051
81Purple81,34075274
81248439yemi,34175318
810vunnda,34302603
81z,34464687
81632641282565121024,34481435
81205mku,34583332
81999mku,34584218
8168phs,34630099
81887,34656306
81875,34657455
812348,34692591
81balooscl,34739665
81886,34762574
81886Isaacschools,34786303
81757,34855277
819988,34905481
81226kim,35015867
816909,35036152
818aizquierdo,35084253
8119861,35113798
8188166987s,35135239
817348,35152417
815b,35223606
8166394626,35250768
81slesmanatees,35270236
811497,35290538
811534,35296649
810501,35467000
815802,35467553
81776,35470136
81731,35562698
81imagine,35567095
813777r18,35605236
81039,35605243
81014r18,35605316
81035r18,35605373
81865r13,35608331
81994r13,35608344
810191,35684463
818Magnolia,35765867
817Magnolia,35765882
81_1,35873318
81_2,35873328
81_3,35873337
81_4,35873344
81_5,35873355
81_6,35873368
81_7,35873389
81_8,35873398
81_10,35873408
8119987187,35916674
8115422959,35958575
816171pdsb,36000769
811703,36138202
81718jm,36144935
81819jm,36173591
8104045,37188534
81433r13,37453167
81407r13,37453216
813bwl813,37710069
814328pennie,38269762
81856per,38324715
816Luc-,38394117
813Nic-,38394121
817Rae-,38394130
818Nel-,38394133
812Lin-,38394134
819Dia-,38394144
811dav-,38394165
81534sim,38432919
812996,38493573
815039,38502683
811820,38502729
813903,38587413
818312,38680243
810608,38712317
81358152,38732869
8116606,38744647
814n64,38835402
819639,39109976
813387,39265452
817037,39410806
81bookcase,39454588
8117leo,39546077
8133s,39559774
814wasssup,39728220
8134Aron,39754587
818451,39761459
8125495452,39768480
818033,39888582
811772,39893507
81828384,40090501
8161eysa,40101087
810831,40170440
81KING,40194159
817cute,40257058
817908743,40305726
81552MKUms,40437636
81999mkums,40437657
81982mkums,40437756
8142527162,40519578
819211,40521359
811661,40558220
812847,40581967
815868,40581989
810_waddle,40617197
8173475474,40677548
812581,40678385
814309,40926881
81086MAL,40962497
814503s,41048108
8189756971,41083574
816557,41176917
818279,41279101
814852,41309833
813124,41312741
814991,41393044
812750,41393053
816625,41432963
81030,41508012
813822,41519680
813756,41519800
818_Studios,41525084
815zehra,41574490
817297,41693557
813817,41695697
816717,41734393
81782378,41734700
811881a,41749880
813-31,41890730
8127222AR,42003730
811204,42093196
815five,42211996
817fox,42367937
81186LK,42437056
8115hayleybailey,42587396
814176,42592034
810416le,43015260
818mustafa818,44145331
81jjjao,44257540
8165718568,44457928
812137al,44524228
81w,44748985
8142672,44916717
8103464,44917082
810688,45800735
8162_01,45886820
8182838485,46284902
815Jayden,46910893
8101416,48779026
810-625-7723,49062139
810124243,49958273
81789684688re,50134809
81Gillyweed,50304769
815153,50607003
81S,50628640
815633,50680269
818_MG,50691151
812pop,51010538
810senpai_114514,51705475
817903,51730458
81904micah,51894370
8140475,51951408
8115548227,52032657
8181335,52057872
8118532739,52146464
810005001,52281521
812674,52408448
812604,52408510
812606,52408576
813074,52408591
812432,52408616
819776m,52543440
818904,53070619
818229me,53472067
81023,53778382
815773jp,54095030
811721,54200899
812418,54370107
8165438,54445809
818904_testing,54480602
81blueunicorn,55654452
814833,55841388
818802jack,55944957
818243,55945227
81755LOR,56733873
81714TRA,56733940
8137154485,56964239
8192111,57046673
815-zehra,57078518
8112007,57182236
81293050545123,57679439
81700741ICS,58027314
814215,58029195
8107910G17,58517403
81704lexie,58815555
81etaN,58858855
818Youpi,58995474
81418,59091673
81858,59125204
81G_80Y,59340204
8171320,59517461
81012c,59581524
811248,59630945
813598,59670770
816907,59682447
81168,59763620
812557pdsbnet,59778592
8137V1Rin,59943074
81t,60165456
816697,60400806
81p,60560126
811kei,60734444
8183971008,61899450
81etaN_test,62023742
81Onyxwing18,62242456
81529SC,62321395
8106795,62420092
810094,62575580
8101903,62819377
8115995,62824388
818Hayden,62825358
818Gustavo,62856785
81646,62934982
8169735,63183993
8181815,63250579
81PES2025,63301977
81PES2026,63302124
81666andy,63448806
81v,63682638
8183Munasar,63718687
8103Salman,63718689
8136Suneyra,63718847
8135Musab,63718851
816233,63746493
8199849,63904719
8105392,63913223
81-17-tu,64193349
810EYES,64374908
810036001,64591820
81382537,64653928
81923Y,64690463
81234s,64700703
8119396499,64993662
8117626,65017567
8179513416,65060907
819315,65069096
81b6511,65448641
814529,65593285
8129test,66068267
81234567891,66820956
8192928,66892354
81Q,67069546
812149163,67763904
812_Cookie14,67951234
811324,68153872
812411Keirra,68172803
810109_myschoolemail,68227257
811883_sj,68249297
81l,68290720
8140MK,68332167
810908,68460426
8181639863,68557065
817Daddy,68585014
811900,68723406
813636,68724181
811883sj,68747356
812749Pdsb,68993472
81k,69324754
810-dog_,69415285
8196440,69555694
81123847560,69605446
81mustangs2021,69843971
8114536,69875257
813006ZT,69943827
8119019,70234719
811909-aacps,70647872
8126932,70707884
815841,70857078
810100081,70861693
812johnson,71250637
81bandet81,71330503
81OMER81,71505282
8187972,71594954
81078HAR,71751885
81417SAD,71751949
814073,72002109
814076_GA,72002435
814073_RA,72002438
814140HS,72002515
81491,72222208
81-gaming,72325346
8134805,72582270
81E,73097283
8162484,73566663
8171487548,73727481
81wasfun,74089517
81b,74128544
811942219463194,74542797
812SuperFast2,74664626
811015t,74815199
8193729,74901167
81892739857,74935333
812osman,75108025
81car34,75324189
8135768192,75643740
81lecce34,75763308
816Polarbear,75796394
8180912,76343554
8165718568TEST,76782818
818411,77022995
8115151,77959234
8181809,78435620
817363jg,78524371
81m,78579497
816700,78629371
816709js,78629453
816709jsjsjsjs,78717478
816748,78827353
812zea,80021409
81-,80084287
81_,80084290
8186718427,80113119
810s1stem,80313848
819s1stem,80313853
81tonkoon,80461198
812zeaUwUunu,80485786
813PH,80621423
815342,80621578
81230tonygood,80889649
810scr22,81088240
8177Y,81656435
8100913onscratch,81942144
810542,82045198
8101081019,82134731
816igamir0,82285358
813331apps,82705170
819og,82725460
810kakeru810,82827496
8142211b,83015628
81buse,83161642
818997,83295913
819orr2,83322554
817482,83762835
810-tp13,84118442
817kei,84142075
81c,84230431
8136333,84466966
8127187238289372,85173674
813619,85230671
819538,85427612
818579EM,85427716
818546omg,85434018
818858hjgkjg,85438777
811415,85448939
815958BDS,85448948
817480,85448961
816492,85449054
813038,85501505
817307MP,85501511
811366jgw,85502129
819010HH,85513520
815149,85514793
813985,85514798
817392RH,85514808
819456ZAK,85514824
819456ZK,85514889
818024FN,85521205
819204,85521209
818305,85521299
818576,85665704
813027,85668908
818568,85668953
817616LW,85668961
818568CR,85668995
815027Zoe,85669824
812zeaUwUone,85713418
819233KD,85732355
813027dw,85738368
81y,86230541
8191353,86634086
816021777,86898099
81101555,87312606
81J,87588773
81H,87588788
81I,87588789
81N,87588794
81O,87588795
81F,87588796
81G,87588797
81X,87588798
81U,87588803
8117f,87882549
810JW592,88069367
815470N,88593391
81crab,88642267
811968,88647093
8171-8171,88853397
813huma,88939706
818kazuman,89087616
810375s,89187691
810224z,89187751
819or2,89210691
8123456787654321,89217248
8153915,89282657
812Teacher,89314703
817manato-,89530122
816236,89780709
8120889,89888538
8192013,89921983
814238,89931594
810018a,89931597
811926,90025896
8171-8171-2,90071260
81shyenergy,90134255
819or3,90338861
8112010,90979105
8171-8171-3,91000159
818668970,91066675
812ZeroNautics,91228207
818454,91280007
81415103,91514925
8188a,91687379
8184113382,93081320
8119542185,93081346
8171-8171--2,93133799
81595210,93736687
810Y,94068107
8128_PF4940,94074224
812519,94105461
816533-,94106586
818300-,94107761
819354-,94107880
8171-8171-5,94176332
811166-,94373467
81gl2029,94502106
819238736,94505719
81934GustavoMenezes,94988624
8192dev1m,95861966
818563-,96156090
8150679,96510037
812538jackson,96686735
81DominatingDom81,97151013
81924,97191313
811248alt,97455020
812995862086,97551990
810sakana114514,97881519
815shim22,98066000
8190blue,98073414
8150_saikou,98123350
814ing,98195544
819362881638,98253633
81jdiw,98294368
818904_School-,98323402
819ol2,98401537
81TheError,98514010
81622253,98587974
8192mikankun,98847680
810KAWAUSO,98936053
810ik,98960250
8110M,98962521
81195,99107349
817aj,99108945
8192022,99117605
812KAD,99328115
818julian,99413360
81697cs2022,99530862
81939cs2022,99530863
81477JH123,99661511
81477JH12,99662035
811red2023cs,99694503
810white2023cs,99694509
818250PL,99720212
818585BJ,99720237
817445LA,99720263
818586CJ,99720267
818500FD,99720269
819SP,99720361
814465AH,99720374
81wapt,99742684
817941,99783002
818503S,99783838
811821,99988329
812925s,99989106
812kyro,100101974
816624,100132395
819153,100132484
813300JP,100207006
819471,100408401
816265,100509550
8181monnsuta-,100565579
814876,100581464
813571a,100586873
81000dtc2223-dieuan,100730679
81008dtc2223-tduong,100731120
81005dtc2223-haichau,100731170
81014dtc2223-quochuy,100731190
81029dtc2223-quan,100731231
81040dtc2223-yen,100731237
81034dtc2223-phutoan,100731242
81016dtc2223-kimkhoi,100731248
81022dtc2223-nghi,100731252
81009dtc2223-dinhhai,100731263
81038dtc2223-thaovy,100731272
81023dtc2223_nguyen,100731277
81024dtc2223_nhu,100731280
81010dtc2223-giahan,100731320
81003dtc2223-phnganh,100731325
81002dtc2223-tramanh,100731337
81011dtc2223-baohan,100731342
81012dtc2223-minhoan,100731343
81028dtc2223-anhquan,100731344
81026dtc2223-giaphuc,100731347
81017dtc2223-hailam,100731348
81021dtc2223-ngan,100731363
81001dtc2223-ngocan,100731380
81004dtc2223-bao,100731401
81033dtc2223-minhthu,100731445
81018dtc2223-khlinh,100731458
81035dtc2223-tuan,100731463
81015dtc2223-khoi,100731485
81036dtc2223vinh,100731490
81025dtc2223-giaphat,100731513
81028dtc2223-quan,100731517
81006dtc2223-cuong,100731522
81032dtc2223-anhthu,100731541
81027dtc2223-phuong,100731574
81017dtc2223-lam,100731579
81031dtc2223-lethinh,100731588
81017dtc2223-hlam,100731616
81030dtc2223-nquynh,100731622
81013dtc2223-huysiuu,100731625
81037dtc2223-khanhvy,100731708
81019dtc2223-danlinh,100731894
81039dtc2223-NNNhuY,100731977
81020dtc2223-cminh,100732128
818997_Alt,100879363
81035dtc2223-tuann,101153196
81017dtc2223-kimlam,101154319
81029dtc2223-hquan,101155902
819gappa,101169490
818infinity181,101326412
81511Yekta,101348818
81259Luca,101348829
81035dtc2223-tuan315,101559201
81pawelgawel,101585245
81007dtc2223-duy,101594057
8163SM,101952554
810_114514,101999910
811313,102153570
810-_-114514,102163184
812orlando_florida,102360125
81_FoxWolfDog,102390871
810thank,102627630
8178296331,102658859
81AstroBear,102886907
811709,103098899
817815,103214340
810993,103264067
811btf15,103275159
812j,103409344
812124nr,103445408
812882pv,103445470
812171ds,103614161
81SWALCTAC,103664887
812257936,103992391
8172009,104046897
810113,104229380
813_ki__,104349788
812tree,104473809
815099,105478700
810Y-sab,105727745
81dolphin,105863629
8129_PF5373,105909210
815dophin,105940272
818dolphim,105941108
812dolphin,105941119
811dolphin,105941161
819dolphin,105941251
810dolphin,105941328
814dolphin,105941331
817dolphin,105941449
814dophin,105941485
817657,105996495
81488JJ,106023162
81488joanna,106023281
81488jo,106024694
8160973,106127185
816278,106132910
811lion,106549165
81980Y,106624227
817815-2,106629000
81592,106641202
81281n,106835488
812_kaito,107310818
813750pdsbnet,107508080
818181stem,107509935
813666,107787006
811524,107787021
817632,107859756
818326,107859770
814898c,107865435
814898a,107867498
815Anthony,108332475
810-king,109355955
813-200,109820687
810mil-projects,109858151
81junglecat,109926584
81condor,109926600
81bearfrog,110109962
819878,110226744
819878z,110227035
812396,110227173
819toiha,110399854
812892,112169864
8106721s,113246819
81vault,113510036
81alexm,113627168
81GM4N,113753319
8189_10710,113913680
818_413x,114063273
810_1919,114179814
811579xr,114724731
813169rw,114724789
812687ts,114724878
812792ro,114725531
810119kn,114726238
8108310,114859793
811815379,114900147
81151512,115051605
81B11,115360170
810024473,115439217
817keiV104,115500227
81002447mt,115592579
817tapnoa,116119681
8121809,116232008
812919,116645149
8112321,117107842
812ZeauwuUnUU,117315987
814915blah,118093953
81hi,118469997
81075s,118614149
816028do,118688003
81HarryPotterKid81,118934826
81610591,119201421
810_sennpai,119210754
81_the_labdog,119397948
81Make,119475728
81bot,119683487
81010cyhs,120168755
812345677,122021781
817590,123459264
8138aftermathpart3,123476796
8183sheep,124452758
819709tmgs,124700800
819709ts,124700963
812288,124700989
812288a,124701031
817620,124775474
816542,124775753
813314greenlion,125891713
8175900,126439874
819344greenpanther,126607162
81-bit,126749432
81ERUAQSORTSA,126863552
81sparrow,127072972
81507df7,128114093
819702ow,128422484
819702owen,128422529
816448,128546938
818619,129149322
81AD,130024080
81PA,130024235
81TN,130024417
81WE,130221976
81RMM,130222181
81JB,130222359
81LM,130222477
81AJ,130222557
81HW,130222655
8155783,130562254
8189330,130572657
81KF,130871294
81swoopssss,133477112
816-yairo,135340032
816axolotl,135401661
81MF,135562214
81rmei,135634912
8198764,135732739
816743,136385692
815924,137914738
817812718,138532145
817brownie,140537154
810_yazyuu,140875152
815shim2,141989870
810_dairi,142124242
