400pockets,17255
405L,110357
404,118620
40000124,127792
402-chick,169189
400,233215
407,238754
4001p,240377
405,308711
40109,326229
40328,336352
40727833,354365
40002795,410865
40015381,410872
40011768,410876
40010014,410877
40015589,411055
40017741,411061
40017773,411062
40020971,411065
40josh,450971
404yoez,459537
40133,471888
40933,473757
40th,537242
4015125,548656
406406406,563542
406,563547
400730,615143
40714007,645285
40Cooly,661190
404-1,691507
404-2,691509
402-2,691514
404206,691999
401-1,699964
401-2,699967
409,701836
40804,740675
40807,742770
408,745175
402-5-695-5,746384
40782612,775397
40049978,797185
402090,839287
40-,917782
4005,934712
40305123,946883
40wunk,987006
400591,988006
402,990504
4030916046,1097564
402912265,1195453
40701,1291204
40603,1389331
40815853,1454150
40call,1478359
40200213,1482103
4001809,1793840
4002032,1796396
4001954,1796658
405125007,1800158
4002490,1826705
404abdulrahman,1892584
40661,1906464
40403,1906465
40649,1906467
40411,1906469
40875,1906472
40820,1906476
40841,1906478
40654,1906480
40029,1906486
40331,1906491
40821,1912645
40699,1912646
40480,1912647
40829,1912648
40150,1912649
40139,1912652
40784,1912653
40551,1912657
40435,1912660
40406,1912680
40849,1918978
40047,1981852
40843,1990775
400823823,2021728
40204,2043065
404Error,2045174
407021,2084783
40522,2226583
40459,2226584
40554,2226586
40471,2226591
40363,2226592
40384,2226596
40751,2226598
40380,2226599
40397,2226607
40182,2230355
40665,2230359
40578,2230360
40226,2230363
40720,2230364
40645,2230365
40433,2230368
40297,2230375
40668,2230377
40441,2230382
40dperist,2249983
40472,2266932
4008000000,2435942
404-Not-found,2438398
405899,2442241
402332,2449020
400737101,2480532
40thzombie1,2516410
4023isgrapes,2525159
4002tsa,2545121
40702,2545724
40704,2545727
407pasos,2550860
404_error,2584448
4000,2596821
40156,2611877
404Lucky,2623242
405060,2649946
400527,2653745
401k,2666122
409517,2704929
403674577,2717395
408jessied408,2721810
405-awesome,2784851
40354,2797360
402779,2802216
40024406,2838362
4026,2848781
4001997,2864919
4068,2867036
4012,2874860
4002178,2881064
404erore,2902402
406logan,2908079
406yoyo,2925560
406darlene,2925589
406jimmy,2925606
406adeline,2925614
406violet,2925616
406emily,2925618
406daschel,2925622
406javier,2925629
406henry,2925656
406natalie,2925663
406cooper,2925665
404-11,2934678
409whit,2954537
401050165,2991990
402730674,2992301
402731136,2992307
402730716,2992308
402730914,2992311
402730971,2992319
402730831,2992331
404boyz,2997018
402731003,2998580
402731029,2998596
401011712,3032631
407297,3046843
400500,3051381
40lo,3082770
4081837385,3141833
407nathan,3201433
404747245,3217186
400876,3231006
40526,3237102
40054910160,3259044
4044,3303049
400636,3310109
4024,3327306
405301405301,3341534
40118s0123,3351119
4000NC,3355510
40319,3369746
40136,3383954
404notfound,3388060
404errorctrlaltdel,3392830
40022020,3393981
4000599,3440374
40drag,3472601
40709,3532058
404-ERROR,3534395
408908,3589289
40921,3591444
400Tom,3764354
40dogs,3806311
400000,3895960
4040,3928692
4021,3986337
402108takebear,3991477
4002,3999414
402108girl,4025193
4096,4050503
40420zoe,4218628
4009Scratch,4242809
40823,4420925
4008,4429353
40scratch2014,4465970
400537,4892142
402943,4952894
403736035,4962594
407403,5044564
408219,5116548
408794,5241892
40273,5242130
4097scratch,5304530
4080scratch,5304864
404216,5307968
408388,5326294
408435,5348192
4071346,5374286
403287,5516986
401469,5684816
40024,5689282
4001416,5901942
4000381,5937022
4008208820,5941284
40043--,5998650
4000676,6027330
403470031,6083312
40glocc,6647288
40433972,6763280
404pagenotfound,6771952
405069,6819542
4099o,6909160
4001415,6966246
403dub,7015078
40009909,7016716
404UsernameNotFound,7043662
402473,7150612
40T10FB12,7184152
406mtechdigger,7297374
40149,7385154
408040,7447010
405355,7449446
400674,7530226
408487,7530334
402474,7537178
404676,7670324
405587,7673908
40doggiy,7701504
400841,7989830
407057,8045928
40105,8099692
401,8297712
404418,8337040
403,8371586
408302,8496256
404_,8560690
404685,8835034
4005217,8960282
404558,9347244
403157,9453388
404554,9500294
404x,9504124
40kmaker,9623102
40124,9637428
4040940409,9639338
405307,10001884
408300,10129014
406116,10129018
4002065,10150734
404-4-ever,10159304
404_Errore,10415118
4000528,10424648
405472,10524382
404-Name-Not-Found,10913288
404868Mendez,10917818
4000R082,11018262
40467,11062224
404Roberts,11413306
402032,11511294
40388,11551844
40471_40471,11554198
4001549,11554748
4048145,11555842
4089108,11555884
4080850,11555954
4034590,11602888
4089991,11628914
40291,11648504
4077732,11829190
40056340,11906272
4046,12064664
4007895,12124950
404UserNotFound,12187796
4000222,12304800
4075728,12418232
4020123,12574194
405stewbrod,12603110
405SuthJayd,12603168
405simmloch,12603456
405andrelec,12604860
4007991,12731390
4001462,12790856
405earldani,12882876
4088Codes,13529593
4088888,13539161
4051,13544714
400430,13579030
4002sacuL,13591882
4009193,13646054
4053crozier,13708274
4049Corbett,13711402
4087hallows,13744289
404PagesNotFound,13805050
409162,13978579
40keks,14030965
403675,14046476
402006,14158526
40802brianhsu,14198756
40033022474533,14342368
403892,14364939
4007985,14364968
40606jc,14472835
40515,14586909
40DynamicBarton40,14636872
406174,14700057
407979,14732934
4032023,14753782
40k,14803897
4013319,14915497
4048,14964849
40815,15002971
40morse,15066699
404errornamenotfound,15708585
401598,15723221
404253,15742852
40thllama,15818504
404357,15958517
404Bacon,16089274
4001605,16132924
40chippy04,16185743
40p,16205875
403855,16223399
407465,16243778
402394,16310028
403657,16315020
404200930,16321681
40175,16375497
40kvv3jtmdo_account,16447757
4001282romeo,16487690
4000995Romeo,16487701
409b24,16489125
400785,16565208
405camilo,16585434
4010343,16642422
4075mgsd,16687596
407kevin,16861614
407natalia,16861691
407kayla,16861846
40kiki,17283111
4034,17353543
4029333,17377900
40th-follower,17397058
4013,17539363
401kingcart,17556545
401uinimarc,17556547
401mcbrsien,17557053
40817Clair,17936897
40450crowleyisdtx,18094203
40011307cory,18257439
40100a,18259639
40101,18259659
401289527,18270645
4041211,18273468
4018715,18273473
4038623,18273479
4035510,18273494
4004578,18273497
4043067,18273507
40371aoz,18338215
402lab,18377067
403DUSSAUB,18387426
403_gueunim,18387471
405MONSERT,18391146
40549,18434616
4013783,18444662
4015039,18444668
4013495,18444683
4023427,18444690
4003689,18444723
4023414,18444763
4002113,18444879
4013541,18444908
4011883,18446266
4024CVUSD,18568804
4015827,18614501
407Barton1,18617288
4047154,18617641
404UserNatFoundd3,18660378
4060461,18804960
402669,18892074
4007814,18902822
4017838,18919437
404Springtrap404,18967361
407Barton2,19029302
407Barton3,19029354
407Barton4,19029394
407Barton5,19029408
407Barton6,19029419
407Barton7,19029466
407Barton8,19029485
407Barton9,19029521
407Barton10,19029538
407Barton11,19029552
407Barton13,19029590
407Barton14,19029607
407Barton15,19029626
407Barton16,19029637
407Barton17,19029656
407Barton18,19029706
407Barton19,19029747
40falcons,19030861
404616_K_M,19031150
40ah,19034171
4010S01,19084821
4010S02,19084847
4010S04,19084929
408151,19087319
405457,19107574
406071,19107598
403stepmaya,19136753
403hilllinc,19136755
402Blazer,19214078
4000994,19291045
40blue2017,19291339
405_lexi,19312303
40234,19413549
406162,19462246
4021dsmit21,19464393
4010333333,19470512
405809,19675079
40399,19908842
404999,19909049
40Dragonchanger12,19973160
40009719,20223415
407Barton12,20335927
407Barton20,20335950
407Barton21,20336069
407Barton22,20336108
407Barton23,20336140
407Barton24,20336186
407Barton25,20336235
4001583,20358224
405mia,20567762
40064135,20600241
40199,20645738
40599,20645741
402999,20645782
403999,20645786
4000568,20829796
4000297,20829859
4011539,20829898
4012672,20953413
4017596,20953422
4012284,20953481
4008375,20953493
40002971,21056073
401333471,21111509
40083751,21111595
40045021,21111620
40010081,21111633
406347,21112169
40aharris3,21122671
400227,21190751
4017999,21198177
4000403,21198193
4018116,21198207
4060942Aranda,21255484
40779,21276021
40676,21276614
403578,21369345
403843emma,21374014
40kg,21431317
409223,21436638
40089972,21519802
4023397,21582487
4013769,21582493
4005047,21582936
4013983,21583402
4003546,21583590
4004123,21583618
4014881,21583670
407simge,21614660
402nese,21614705
4098j,21643045
4060s,21643047
4049y,21643049
4042h,21643052
4044d,21643055
4054b,21643057
4099ol,21643060
4048e,21643061
4034i,21643065
4038s,21643066
4032e,21643069
4041a,21643074
4033i,21643076
40134470,21683220
4001008,21683352
4018493,21720274
40CV,21771368
40197942,21775070
4038si,21795792
4099oli,21795794
4042he,21795795
4041al,21795797
4098ja,21795801
4016050,21808047
4019186,21808048
4013881,21808050
4007220,21808066
40t,21831001
403delatejeraf,21892209
4032638,21936782
40100761,21985711
40TinyBagels,21986725
40045020,22010627
40115390,22108282
40078544,22156772
4021563,22161587
4015373,22212714
400361,22229050
40412,22236941
40alijfunk,22284035
403052,22308718
405788,22334190
405511,22334203
4015ajc,22387190
4060971,22458192
401EW,22501929
401DK,22501939
402SM,22501946
403JB,22501952
403AE,22501956
4022776,22623475
40C,22645097
4009346,22829448
4017511,22829468
4012057,22829536
4009589,22829849
4009007,22829869
405405,22934915
4065_G_S_A,23140774
404sans,23167281
40004967,23207298
40004966,23207300
40011841,23207303
40005679,23207305
40007285,23207307
40005204,23207308
40004969,23207310
40012996,23207313
40005365,23207314
40003143,23207316
40011576,23207317
40005399,23207320
40005552,23207323
40005007,23207325
401404,23222000
404ScratchNotFound,23303249
408297896,23371127
4001789,23446603
4003722_Ryenne,23447077
40500122e,23527112
407672,23906136
4009322,23937192
40878,24014070
40385,24014077
40627j,24014466
40869,24039931
40lockdown,24132661
405174,24135336
40416Einnie,24271947
404games,24401438
40290004,24404699
404yyy,24451495
402-srss,24460020
404lifenotfound,24544439
408643s,24575283
403684,24575413
409981,24716947
4000jingting,24925227
409949-Mendez,25066280
400458-mendez,25066327
406546Mo,25094045
409276-Mendez,25094804
401841--Mendez,25095132
402401-mendez,25096553
4061058,25114235
4019999s,25121326
4079999s,25121332
4049999s,25121333
4089999s,25121338
4059999s,25121339
4029999s,25121341
4069999s,25121342
4099999s,25121347
4039999s,25121352
4000Aiden,25128161
400089-Mendez,25139243
401171-mezdez,25179146
400014448,25203893
4040s,25213572
40426,25289783
40809,25289799
40504,25317749
400895,25328132
400683,25328194
400963,25328219
400689,25328222
400694,25328223
400688,25328237
400920,25328242
408641,25380097
40999,25433379
4010361,25494882
405ZAMANIM,25594471
40829rid,25644877
4000370,25644903
4000387,25644946
4000404,25646635
4000394,25646638
4000368,25646692
4001349,25706042
403LINONE,25730128
4000862,25736262
400732,25740615
400693,25740696
400904,25740794
400685,25740799
400710,25740807
401000,25740812
400916,25740823
40070,25740893
400735,25740915
400790tk,25779563
400000296,25821412
400000331,25823465
4022011,25855584
4072011,25855594
40365827,25921931
4017564,25955576
4021381,25955579
4010367,25955590
4010259,25955593
4021303,25955601
401brimora,25982859
40200429,26058791
4040003932,26103912
4040002599,26103913
4040001762,26103914
4040004046,26103915
4040002591,26103916
4040002126,26103917
4040000797,26103918
4040002137,26103919
4040002745,26103920
4040001955,26103921
4040001581,26103922
4040002222,26103923
4040002548,26103924
4040001600,26103925
4040002131,26103926
4040002133,26103927
4040002527,26103928
4040002123,26103929
4040002692,26103930
4040002257,26103931
4040002733,26103932
4040002387,26103933
4040000883,26103934
4040002019,26103935
4040003071,26103936
401020zh,26132754
401frascase,26135734
4051015,26139579
4048509,26139602
4010269,26142336
4010309,26142423
4011344,26144622
405a,26157757
4013a,26157929
401ilovedog,26223449
4073g05,26263109
40017YLF,26352266
406AM,26355837
4001895,26383645
4040001531,26413916
4040001612,26413931
4040002175,26413937
4027407,26420870
40Bison,26425746
4091,26431214
405436,26434295
408568x,26434340
406438,26434439
40W,26464651
4019423,26503031
4032331,26514960
4009861,26551616
4027746,26577704
4050325,26597989
40165939,26623663
4081supafstsanic4081,26642929
4026565,26645700
4008939,26707241
400Followers4Mcnosie,26753842
409858,26755970
404040404040,26834714
406590157,26855332
407ps130,26863031
401s1,26892408
401s24,26892957
401s25,26892958
401s26,26892959
401s27,26892960
401s20,26892961
401s21,26892962
401s22,26892963
401s23,26892964
401s28,26892965
401s29,26892966
401s19,26892967
401s18,26892968
401s11,26892969
401s10,26892972
401s13,26892973
401s12,26892974
401s15,26892975
401s14,26892976
401s17,26892977
401s16,26892978
401s3,26892979
401s2,26892980
401s5,26892981
401s4,26892982
401s7,26892983
401s6,26892984
401s9,26892985
401s8,26892986
40628_D,26904112
4000806,26915392
404Tech,26963210
40n,27094293
4009129,27126005
4009035,27129816
4000530,27156840
4052july,27191932
404-TV,27225650
40006785,27230119
404265,27279463
401261,27279475
405566,27279488
4000948,27293238
4000550,27293250
4000414,27293257
4000384,27293263
4000395,27293283
401555DiegoC,27297753
40PM,27328335
406563Mendez,27337800
408088mendez,27337804
401295mendez,27337808
405624Mendez,27337816
407210Mendez,27337817
408868Mendez,27337832
406397Mendez,27337835
406845Mendez,27337838
406656Mendez,27337841
405669Mendez,27337848
403140Mendez,27337853
406287Mendez,27337856
409908mendez,27337863
401676Mendez,27337880
401371,27337883
403703mendez,27337895
401524Mendez,27337903
401435Mendez,27337939
403372Mendez,27337963
407989Mendez,27337974
407419Mendez,27337977
402AZhang,27345649
402Szhou,27345672
402CWang,27345684
402SChen,27345717
402JFu,27345737
402CChen,27345753
402Clu,27345759
4028195,27360235
407899mendez,27368884
403521,27369068
400077,27386411
405441,27416536
407685,27418432
408877IK,27422711
409100,27422738
401283,27422756
40090577,27456030
402509,27457956
408736,27459700
406881,27465514
4009110,27469218
407Alexa01,27501676
407Leila02,27501678
407Angel03,27501689
407Angela04,27501696
407Kahtier21,27501806
407Max19,27501807
407Amanda14,27501808
407Maggie05,27501809
407Raine07,27501810
407Nathaniel15,27501811
407Mattheus17,27501812
407Kenny10,27501814
407Tristan22,27501815
407Tiansheng18,27501816
407Jaylen09,27501817
407Billy12,27501818
407Bianca16,27501819
407Derek11,27501820
407Ella08,27501821
407Serena06,27501822
407QianYou20,27501823
407Felix23,27501824
407Evelyn24,27501825
407Jason13,27501826
407JLi,27501842
407Mtse,27501874
4008073,27523357
40lions,27526769
402530,27558917
404error404error,27568166
4002_miT,27579003
40000076,27647306
40503,27678148
4033386,27695128
40011947,27709749
402420ecsdme,27741972
40g,27778531
403259s,27826153
402509s,27826333
407_scratch,27838192
4003835,27943458
4004022,27943469
4003996,27943470
4003634,27943471
4003738,27943474
4003729,27943488
4003653,27943504
4003529,27943518
4003278,27943523
40004027,27943525
4004036,27943526
4003926,27943528
4004058,27943533
4003933,27943536
4004040,27943544
4008650,27943569
4003342,27943576
4004035,27943672
4009066bl,27943744
40tonkawa,27962407
4088emily,28063166
408616sp,28100189
40008750,28136262
405Blue,28172803
408_monse,28176687
403489,28179300
40622029L,28208584
4000611,28277081
40Louis,28284367
404213josephmendez,28311239
401e,28320052
401034Mendez,28322869
4034257,28348186
4062142,28348242
4054626,28348246
4082465,28348252
4033869,28348280
4033715,28348384
4035825,28348398
40641108s,28372109
4003971,28385122
4003860,28385129
4003770,28385133
4003755,28385145
4003692,28385151
4006236,28385179
4010534,28385188
4003735,28385235
40447031S,28425679
4056605,28496646
40s,28522132
40301benson,28585862
408269,28598910
402114,28644049
406361,28644077
408717,28644078
401805,28644093
408159b,28650874
403653,28655750
400190,28655756
403569,28655891
408lanni,28693603
40040,28773048
4090685,28982989
400677king,29197417
401261pollard,29197995
400227Wiley,29198041
400183delahoussaye,29198063
400191harris,29198115
401582isidro,29198173
400588Robertson,29198240
400757Newsom,29198255
401599house,29198300
400372kitts,29198368
400700Kronewitter,29198510
400855vandenbergh,29198758
400226rich,29198769
400470Jared,29199481
401171yamashiro,29208770
4012229,29502809
409567,29526728
402817,29526729
409065,29526738
409552,29526745
4032573,29555002
4032413,29555014
4035258,29555037
4035247,29555046
4035232,29555178
4032458,29555193
4032129,29555208
4028710,29555235
40_leallions,29556971
402maya,29577129
402yasmine,29577142
402ariane,29577160
402felix,29577168
402emajade,29577176
402mahelie,29577185
402marianne,29577190
402vincent,29577199
402jefferson,29577209
402audreyanne,29577221
402florenceE,29577238
402isabelle,29577252
402justin,29577256
402coralie,29577262
402cleewoods,29577271
402hallie,29577281
402edgar,29577289
402adele,29577298
402florenceR,29577309
402zach,29577321
402chloe,29577333
402sarasofia,29577345
402ludovic,29577352
402valerie,29577592
4085286,29676793
407214sausdlearns,29737403
401376sausdlearns,29737404
406241sausdlearns,29737405
407824sausdlearns,29737406
405636sausdlearns,29737407
406474sausdlearns,29737408
408164sausdlearns,29737410
405133sausdlearns,29737412
408306sausdlearns,29737415
408308sausdlearns,29737418
407706sausdlearns,29737419
405042sausdlearns,29737421
403760sausdlearns,29737422
406357sausdlearns,29737423
405509sausdlearns,29737425
409005sausdlearns,29737426
407136sausdlearns,29737428
409035sausdlearns,29737430
403637sausdlearns,29737431
404Not-Found,29799167
403247,29826966
40311233,29875075
401852,29900341
402731CH,29900372
40371228H,29925578
4031427,29939951
4031987,29940239
4032702,29940545
4023480,30009701
4000369,30027784
4000451,30027810
40539630slgshtj,30034815
40011326,30071893
4021eadam23,30075253
4015793,30104073
4022230336,30132464
40431mat,30135241
40sds2024,30257087
401289077,30280635
404360,30293217
405752,30345507
408824,30486518
40things,30524675
4032737373,30586955
400335jo,30597495
407Henry25,30622245
40327373731,30666160
400student,30666796
40efecan,30715526
4032982,30730176
4049276,30730229
4012770_italiy,30730233
403982,30730778
40keys,30793099
4019WeatherfieldCt,30804060
4032982latrina,30827516
4032982latrina1,30828787
4012770_italiyrico,30828800
4014fan,30914253
401020609,30977534
401030228,30977880
401050228,30977881
406680230,30993354
406680024emilyhuang,30993357
406680412,30993368
40ounce,31008934
4010261,31010952
40pRyan,31043844
40890s,31097304
402010,31166230
402659,31197753
402756,31199979
40pGaming,31215524
40-LTEC,31229435
4060826DT,31278763
408056,31341952
4073ms,31347240
4045lc,31347245
4077TD,31347248
4061jm,31347261
4067EO,31347263
4066vo,31347266
4064ln,31347284
4070ts,31347286
4054bh,31348019
4050kd,31348042
4043kb,31348049
4049jd,31348099
4046ac,31348111
4063Rm,31348114
4054bwjh,31348122
4058zg,31348849
4010132,31387673
40basketball,31460478
4005910,31513646
4002DieselShunter,31520571
4060620WW,31623165
4006333,31825118
4000tag,31989386
404172,31999159
405066,32011056
4000675,32066030
4001457,32074537
4009604,32074557
4032473,32074664
4031628,32074741
4003031,32133852
4022884,32133910
4013636,32133931
4001919,32133934
4012158,32133953
4003679,32133965
40021781,32134156
4008waz,32144289
401w,32153622
402w,32153626
403w,32153632
404w,32153644
405w,32153647
406w,32153650
407w,32153658
408w,32153663
409w,32153667
4022504,32171479
4004059,32171535
4008788,32171555
4000472S,32171616
4024953,32171689
4028600,32171698
4019034-_-1,32171702
4004535,32171729
4000472C,32171735
4007380,32173505
4021934,32173537
4008789,32173595
4012521L,32173596
4027667,32173599
4026912,32173697
4018175,32173705
4031275,32173719
4023527,32173736
4026867,32173767
4027561,32173781
4026868,32173806
4007521,32173811
4008273,32173910
4004234,32173913
4019142,32174135
4000366,32179410
4000378,32179425
400_tree_top,32181902
4000393,32215867
4000577,32215983
4000398,32216632
4000398lm,32216658
4007997,32246313
4041jb,32265115
4048ec,32265312
400112211400,32292310
4020596,32299973
40U123,32454095
4004059J,32556217
4025734,32631039
4023331,32631076
40steststudent,32652238
4035258opsbinfo,32798236
4035123,32798281
40191542,32950184
403350639,32975969
400irie,32993373
4061661,33461876
40Ethan04,33464811
400eso21,33504333
400eso22,33504351
400eso20,33504362
400eso23,33504374
400eso24,33504383
400eso25,33504394
400eso26,33504399
400eso27,33504409
400eso28,33504418
400eso29,33504425
400eso30,33504442
400eso31,33504454
402923,33520125
40342031S,33603017
40390232M,33653948
40343213s,33654190
40573042H,33654373
40643209s,33684273
40547006S,33684280
40642207S,33684283
40643232S,33684298
40473008H,33684299
40342026S,33684300
404aw,33745685
407LAT,33843022
407L01A02T22,33843071
407B16Q20,33843091
407T18E24,33843102
40DigiKid,33910917
407J09T22,33911206
407A01L02,33911218
407K10J13,33943347
4000327,33950921
402196l,33951090
40westie,34095161
40Akarapong,34255766
40928,34263856
40495,34263894
40590,34268014
40_stem,34311358
404_404,34474065
404_404_,34474355
404ScratcherNotFound,34511552
404_File_Not_Found,34563618
409019j,34707320
409019JV,34707542
40baloohca,34739493
401065_1,34744854
401065_2,34768147
401065_5,34790783
400Sunshine,34807554
4014231,34821446
404ymymaa,35085043
407ymymaa,35085066
409ymymaa,35085092
404ar4076,35103421
404sd3535,35103422
404ah4803,35103423
404ab4911,35103424
404mm4570,35103425
404sc3629,35103426
404pr3172,35103427
404ew3462,35103428
404ct3574,35103429
404wd3115,35103430
404jd3716,35103431
404da3267,35103432
404nn3147,35103433
404ja3726,35103434
404wg3100,35103435
404mk3772,35103436
404nm3419,35103437
404ld3309,35103438
404jm4621,35103439
404jn3467,35103440
404dw3788,35103441
404nc3288,35103442
404pm3264,35103443
404gp3107,35103444
404as5472,35103445
404ml3812,35103446
404js5058,35103447
404ca3555,35103448
4047m,35104567
40ball,35110371
401cs1234,35111594
402Rr3561,35112387
402Lr3336,35112388
402Sf3594,35112389
402Jd3900,35112390
402Dj3385,35112391
402Sr3643,35112392
402Et3246,35112393
402Ah4806,35112394
402Sg3591,35112395
402Ak4236,35112396
402Hs3519,35112397
402Sr3791,35112398
402Rm3446,35112399
402Ms4702,35112400
402Si3082,35112401
402Jb4719,35112402
402Ns3565,35112403
402Kk4029,35112404
402So3228,35112405
402Ru3026,35112406
402Mk3789,35112407
402Al4032,35112408
402En3172,35112409
402Nk3263,35112410
402Ah4732,35112411
402Jo3319,35112412
402St3471,35112413
402Ak4061,35112414
402Mj3573,35112415
402Lf3199,35112416
403kb4229,35113156
403sr3640,35113157
403jo3386,35113158
403ct3572,35113159
403gv3078,35113160
403gh3528,35113161
403jw4306,35113162
403ae3763,35113163
403nt3274,35113164
403mt3571,35113165
403mp3817,35113166
403ba3296,35113167
403am4720,35113168
403js4983,35113169
403ds4065,35113170
403tz3102,35113171
403js5330,35113172
403cc3983,35113173
403cc3986,35113174
403sa3438,35113175
403mf3621,35113176
403di3052,35113178
403ag3998,35113179
403oo3033,35113180
403tb3934,35113181
403js5056,35113182
403df3340,35113183
403jn3570,35113184
402EastonG,35135841
402KianL,35135842
402JorgeV,35135843
402SyrusB,35135844
402MsengaU,35135846
402JessiahY,35135847
402LeonaT,35135848
402ChrisR,35135850
402BowenW,35135851
402CameronL,35135852
402NathanL,35135853
402EmilyL,35135854
402DerrickM,35135855
402KatherineB,35135856
402LaylaK,35135857
402SytahV,35135858
402JesusG,35135859
402StevenL,35135860
402EvangelineF,35135861
402PriscaA,35135862
402CarterU,35135863
402AndyE,35135864
402JosiahF,35135865
402EmmaT,35135866
402ElijahH,35135868
402SophiaW,35135869
402SitraO,35135870
402AudrenaM,35135872
402SageT,35135873
404ab325855,35136307
4000896Maeve,35159914
40691JRS,35185745
40899JRS,35185762
402dv3225,35192466
402ws3275,35192467
402rh3621,35192468
402lf3257,35192469
402mj3446,35192470
402as4739,35192471
402lv3163,35192472
402jw4314,35192473
402ec3419,35192474
402ec3421,35192475
402dw3694,35192476
402la3282,35192477
402ns3568,35192478
402ec3325,35192479
402kt3538,35192480
402js5061,35192481
402lb4105,35192482
402io3057,35192483
402md3774,35192484
402sf3401,35192485
402kl3727,35192486
402lc3494,35192487
402az3224,35192488
403scratch,35226133
4000479,35230090
4000551,35230106
4000552,35230145
40007781,35230356
40004799,35230405
40slesmanatees,35270191
40254dhu,35292901
40294360,35304693
40057551,35355003
402922,35419535
408011,35419562
403652,35435242
4000734,35487491
40837JRS,35551348
40imagine,35566900
4090845,35598993
4076885,35598998
407328PE,35607677
4079378-tj,35608950
404rd3390,35635062
4025913,35650140
4075107,35651223
4073382,35651308
4077174,35654019
4001602,35657710
400596,35682425
407712,35682457
407564,35682479
407889,35682535
403278,35682592
403211,35682669
4044688,35684587
402hp3282,35686226
4000526,35690503
4000547,35690519
4000512,35690585
4000526at,35727130
401013,35735199
40oScDa56T,35780382
4000526ta,35791914
40679JRS,35798192
40536JRS,35798194
40977JRS,35798196
40957JRS,35798198
408-625-0983,35799853
4000526aidan,35831193
40061161,35879817
402IH3296,35913629
402ellie3419,35913951
4000526eee,35914378
4000526rrt,35915005
40OMGTech,35940743
4000526ewewew,35950152
4000584,35950352
402jo3467,35953915
40813JRS,35989355
4000526q,36008980
4016010,36009507
401555medez,36012272
405133mendezL,36012282
401555Medezz,36012447
40royal2018,36013834
40royal2017,36019283
401266,36047980
402912,36048012
401254,36048025
403556Mendez,36048030
407751Mendez,36048037
407940Mendez,36048049
402954Mendez,36048063
406558Mendez,36048074
406224Mendez,36048092
406677Mendez,36048122
401376mendez,36048146
406241Mendez,36052794
407919Mendez,36052807
406826Mendez,36052860
404643,36052862
405272mendez,36052870
402952mendez,36052871
405409mendez,36052872
406464mendez,36052874
405839MENDEZ,36052876
401520Mendez,36052886
405557mendez,36052899
409280,36052948
407187mendez,36053094
409701,36082223
402OdrineS,36084825
408-,36087589
404IsFound,36087875
4007644,36134949
4008622,36134951
4022646,36134952
4011706,36134954
4059502,36134956
4022930-1,36134957
4007965,36134958
4058488,36134959
4013310,36134960
4043301,36134961
4048090,36134962
4041188,36134963
4046779,36134964
4011758,36134965
4011852,36134967
4041098,36134968
40227111,36160568
405437,36193341
4020412,36235219
4043787,36235293
4044585,36260275
4008867,36275862
405889,36297830
401471aa,36297865
408Daniel,36310696
408Luna,36310701
408Jaslene,36310708
408Gabriel,36310712
408Chelsea,36310719
408Corey,36310726
408Yaritza,36310728
408Alex,36310737
408Lexy,36310742
408Sebastian,36310754
408Rakin,36310764
408Carlos,36310773
408Marco,36310784
408Christian,36310789
408Ethan,36310800
408Williams,36310806
408Jhossan,36310810
408Denisse,36310841
408Rihanna,36310850
408Angel,36310865
408Mia,36310906
4000526jgj,36535773
40507wh666,36926211
404233,37400083
40WaterMelons,37416762
40ZERRUDO,37422324
40ZERRUD0,37422584
408student,37481993
40TIRADOR,37532128
4020303-becton,37561128
4046222-solis,37561142
4094787-zuniga,37561221
4044202-hernandez,37561247
4009313-Juarez,37561261
4022698-Turrubiartes,37561263
4049168-Srader,37561359
4008886-hernandez,37561414
4009451salinas,37561416
4008474-Castillo,37561434
4044386-guerrero,37561454
4009313-NJuarez,37561712
4045023-mettlen,37562123
4014352-perez,37562739
405133sausdlearnsL,37572046
4008300sanchez,37574995
4023431Gonzalez,37575022
4046841Villarreal,37575044
4008732millan,37575194
4009932-Degollado,37575196
4053992-Delapaz,37575199
4048427falcon,37575310
4044263aguirre,37575483
4008660ML,37575486
4008660lopez,37575737
4041856,37575838
4095240-diaz,37576539
400096660,37584342
40smedenelev,37592082
4048052-Vazquez,37666540
4044614md,37666987
406bbj406,37669833
40TINSAY,37685136
40TENORIO,37690851
406527mendez,37751016
409915Mendez,37751059
40PENUELA,37806588
40086609ML,37894394
40086609lopez,37894661
403-15,37929464
405-01,37931935
405-02,37931938
405-03,37931940
405-04,37931941
405-05,37931952
405-06,37931955
405-07,37931957
405-08,37931958
405-09,37931963
405-010,37931971
405-011,37931976
405-0010,37931988
405-012,37932074
405-013,37932079
405-014,37932082
405-016,37932089
405-017,37932095
405-018,37932099
405-019,37932103
405-020,37932109
405-021,37932115
405-023,37932119
405-024,37932123
405-025,37932129
401_2343,37954153
400_3588,37954160
400-3410,37954179
4003321k,37954217
4001595kb,37955419
402762WES,37963896
405-015,37969958
405-022,37970108
4010566,37997663
4003427s,37997676
4003481,37997685
4001811s,37997700
4012839,37997714
409Dia-,37998552
408Nis-,37998553
406Leo-,37998558
401Erl-,37998559
402Fab-,37998561
404Bes-,37998568
405Phi-,37998569
403Adr-,37998570
407Eri-,37998573
4000771,37998909
4003315,37998911
4012546,37998921
4001881,37998926
4001256,37998937
4010412,37998939
4004412,37998944
4006386,37998945
4011305,37998948
4003815,37998951
4000771g,37999740
40086609M,38002237
402cob,38013005
408John,38034491
408Sara,38034496
407484,38035006
4004170,38040286
4051348-srader,38044012
4008833,38050658
4012586,38050678
4001650,38103153
4008660,38296164
4006140,38369762
4006519,38369769
4006156,38369787
4015008,38369796
4014274,38369799
4005884,38369801
4006506,38369805
4006159,38369806
4006113,38369810
4006109,38369812
4005961,38369813
4008540,38369814
4006161,38369819
4006115,38369824
4008678,38369825
4006125,38369833
4010715,38369840
4004947,38369841
4002800,38369846
4007298,38369847
4005682,38369854
4010601,38369862
4010900,38369865
4006489,38369869
4011053,38369892
4012625,38369911
404SavageBoi,38370655
40362JRS,38381671
40578JRS,38381672
40357JRS,38381674
40786JRS,38381676
40567JRS,38381677
40348JRS,38381678
40413JRS,38381680
40580JRS,38381681
40604JRS,38381683
40605JRS,38381684
40838JRS,38381686
40779JRS,38381687
40372JRS,38381688
40742JRS,38381689
40414JRS,38382149
4000532,38403655
4000558,38403656
4000478,38403708
4000543kmp,38403773
4001167,38405738
4001145od,38406042
404155,38407161
40398JRS,38417710
40796JRS,38417711
40373JRS,38417714
40396JRS,38417715
40582JRS,38417716
40649JRS,38417718
40411JRS,38417722
40397JRS,38417723
40389JRS,38417725
40358JRS,38417729
40374JRS,38417730
40381JRS,38417733
40Paraguay2018,38435879
404_NAME_NOT_FOUND_,38457310
4010084,38468616
4000513RP,38497250
408415,38501096
40032543,38503613
401JoshE,38575759
406505,38576867
40SORONGON,38595839
401SLA,38817981
402SLA,38817990
403SLA,38817992
404SLA,38817996
405SLA,38818007
406SLA,38818015
407SLA,38818016
408SLA,38818019
409SLA,38818021
408MC,38830770
404626,38855801
40SORONG0N,38862179
400trix,38907580
40SOMOLLO,38922350
406830,38994883
408688,39006423
405883,39006427
404156,39006476
407524,39006499
406243,39006509
401692,39006510
405883Akg,39006523
405519BS,39006607
4003517,39035255
401carlos1,39036687
4020351,39115277
406145,39161628
402868,39161631
406795,39161718
402189,39169254
406351emg,39169300
4012488,39176050
40_ROCEL,39187018
401_carlos1,39207492
400keyrock,39273923
4015035,39297233
4014904,39297299
4013211,39298448
402118,39331704
405519,39338118
405-026,39352304
40447013S,39384786
404_namenotfound,39403086
40473041H,39432306
40447037S,39432329
40701021E,39434272
4003727,39480232
40668034T,39481915
40547010S,39486913
40bang_gunnaM14,39548696
40ROBLES,39571465
408casey,39589046
406795m,39599700
406177,39697741
407950,39697769
40al,39717441
40cs,39717499
40jw,39717511
406249,39735019
401_brdaen_401,39760413
40701029E,39866319
40S0R0NG0N,39868537
40008VT,39912338
4017799,39923334
40276737,39923353
4006747,39923356
4007385,39923394
4004954,39923400
4005489,39923422
4012829,39923430
4006111,39923434
4006568,39923439
4006087,39923446
4008356,39923450
4016557,39923451
4006532,39923456
4006111s,39923491
4006285b,39923505
4017799p,39923506
4040367,39923516
4006747j,39923585
4005464c,39923590
4007029,39924010
4006747jw,39924177
408900s,39948920
4016906,39954027
40441114S,39959957
40009659,39964621
404_File_Not_Found_,40010496
402s6,40056340
402s7,40056341
402s4,40056342
402s5,40056343
402s2,40056344
402s3,40056345
402s30,40056346
402s1,40056347
402s22,40056348
402s8,40056349
402s9,40056350
402s23,40056351
402s21,40056352
402s25,40056353
402s24,40056354
402s27,40056355
402s10,40056356
402s11,40056357
402s12,40056358
402s13,40056359
402s14,40056360
402s15,40056361
402s16,40056362
402s17,40056363
402s18,40056364
402s19,40056365
402s26,40056366
402s29,40056367
402s28,40056368
402s20,40056369
409s11,40056394
409s10,40056395
409s13,40056396
409s12,40056397
409s15,40056398
409s14,40056399
409s17,40056400
409s16,40056401
409s19,40056402
409s18,40056403
409s24,40056404
409s27,40056405
409s20,40056406
409s21,40056407
409s22,40056408
409s23,40056409
409s28,40056410
409s29,40056411
409s9,40056412
409s8,40056413
409s26,40056414
409s30,40056415
409s25,40056416
409s1,40056417
409s3,40056418
409s2,40056419
409s5,40056420
409s4,40056421
409s7,40056422
409s6,40056423
408952,40080048
407844,40080050
4031388,40080063
405147,40080111
406230,40081717
409573,40081734
407838,40081767
407651j,40086616
408028m,40086716
4006059,40090915
4012216,40090980
4005904,40090989
4006078,40090993
4007485,40090995
4018685,40091017
4004995,40091018
4005422,40091032
4007476,40091041
4005366,40091044
4004765,40091048
4004747,40091053
4006817,40091066
4017110,40091077
4001861,40091107
4007741,40091113
4012216l,40091218
400607,40112956
405302,40114648
403is24,40141329
400094,40166872
4094091,40192658
4093517,40192715
4096457,40192812
4093861,40192900
4092241,40192926
4094873,40192951
4077552,40192974
4095045,40193001
4092825,40193030
40016818,40205583
40008816,40205584
40009206,40205586
40008956,40205587
40016683,40205588
40004754,40205589
40008861,40205590
40009069,40205591
40008992,40205592
40008880,40205593
40008796,40205596
40008783,40205599
40010832,40205606
40014483,40205607
40013271,40205610
40009231,40205611
40008896,40205614
40008781,40205616
40010870,40205617
40009017,40205625
40008922,40205631
40008883,40205634
40007287,40205641
40009264,40205701
40011074,40205757
40017053,40209648
40008806,40209650
40010605,40209651
40015258,40209652
40016191,40209655
40010350,40209656
40010428,40209660
40015504,40209661
40010393,40209663
40010697,40209696
40014489,40209707
40011447,40209709
40016210,40209744
40010079,40209748
40016196,40209760
40009391,40209762
40010632,40209763
40016782,40209772
40011220,40209780
40013259,40209806
40005508,40209813
40013043,40209820
40005478,40209837
40010380,40209969
4000337,40215433
4029205,40215468
4028179a,40215516
4010821,40215526
4038628,40215531
404_Input,40218672
40009101,40255053
40008860,40255054
40009926,40255055
40008952,40255058
40012944,40255059
400014332,40255060
40010222,40255062
40015129,40255063
40016365,40255064
40008878,40255065
40008832,40255072
40009000,40255073
40004593,40255078
40009018,40255082
40008838,40255084
40015345,40255087
40010604,40255088
40008953,40255089
40010008,40255105
40016218,40255106
40011512,40255111
40016990,40255126
40008813,40255138
40008875,40255139
400008836,40255171
40008771,40255194
40011165,40255336
4020140,40264333
4022367,40268119
4036598,40268203
4030549,40268433
40006270Andrew,40297881
40012635,40297976
40009086,40297978
40009064,40297983
40008891,40297984
40006204,40297986
40008780,40297987
40009134,40297989
40009503,40297991
40014486,40297992
40008830,40297993
40008890,40298001
40009020,40298005
40008998,40298008
40012951,40298016
40008837,40298019
40008901,40298025
40005998,40298047
40008960,40298052
40016320,40298061
40010165,40298077
40004510,40298105
40013618,40298127
40009454,40298138
40010839,40298733
40008850,40298790
40009lid,40300399
40x,40339872
40009222,40342401
40016202,40342542
40009048,40342563
40011282,40342594
40004844,40342597
40013052,40342616
40016213,40342627
40016871,40342628
40011100,40342629
40016217,40342630
40016712,40342632
40008874,40342633
40015219,40342634
40010861,40342637
40013343,40342638
40016745,40342640
40011958,40342647
40008779,40342659
40012740,40342664
40008898,40342673
40008635,40342678
40009912,40342705
40012636,40342711
40006115,40342754
4000888888888,40344456
40012657,40345617
40010405,40345622
40009299,40345627
40014601,40345633
40010647,40345634
40010420,40345636
40010462,40345637
40010659,40345639
40015758,40345641
40011272,40345642
40010460,40345643
40010502,40345644
40010957,40345645
40007685,40345646
40010416,40345647
40004957,40345648
40010486,40345649
40014599,40345650
40015276,40345654
40009313,40345661
40009556,40345668
40010507,40345677
40011262,40345689
40010439,40345710
4026390,40345783
4037263,40350483
4019433,40350547
405522,40357496
40009066,40420108
40013153,40420120
40006385,40420141
40012845,40420228
409607,40422344
409131,40422379
406310,40422407
40016193,40423067
40011200,40423075
40011212,40423076
40015186,40423077
4001591,40423078
40016182,40423079
40010802,40423080
40010413,40423082
40010766,40423083
40011832,40423086
40010450,40423087
40010456,40423088
40012516,40423093
40011657,40423098
40010453,40423100
40010419,40423108
40010759,40423115
40011389,40423168
40012763,40423202
4032418,40470025
4018732,40470047
4004535TH,40470081
4017796,40470098
4016868,40470099
4008953,40470101
4027643,40470102
4040406,40470118
4037397,40470149
404472,40472980
406251,40472986
406727,40473006
409967,40473014
4004535T,40477512
404890,40508277
405140kh,40511180
401383zp,40511198
406411,40577630
40016205,40579681
4009134,40579713
40017008,40579887
409002810,40638361
40o,40654600
40008876,40663780
4001001,40671931
40015951,40705500
406one,40716253
4008405,40742012
4002752,40777844
40042626,40911973
40050wil,40913094
409571jt,40948754
4064602,40949217
402892,40950743
4055ae,40982228
4086,40982242
402665,41040432
408952_mcpsmd_net,41054859
402219CCD,41062741
401ymym,41064990
403ymym,41064993
402892N,41076955
40007347,41099889
400400400400,41100945
404890_,41126975
409238,41128711
406230_406230,41207616
4000485AM,41207919
401A1,41230393
400260EL,41259605
409449,41259698
402795,41259721
409573SPT,41270429
40012953,41280756
40011470,41306266
4000472_TTV_BTW,41313633
4009584,41448176
40Umut,41465801
405lal,41468525
400olga,41503635
407-enes,41533535
40yangzheng,41569844
409933,41655404
403s7,41679994
401202,41743414
408christiano,41855905
408edwin,41855938
408marlene,41856361
40209CHRIS,41876683
4051402093,41914772
4051401102,41914851
4091501488,41914942
409sabriyabokther,41945836
409aleksandra,41945863
409ryan,41945866
409Arianna,41945880
409muntasir,41945890
409Billy1,41945892
409Danelis1,41945930
409maryori,41945935
409Ashley,41945937
409Mishell1,41945943
409Joseph1,41945944
409Emily1,41946001
409Eriksson21,41946016
409crystal,41946037
409Annabelle1,41946045
409Yassmin1,41946048
409ba1,41946260
4036595,41958356
400104242,41982045
40365,42045516
4092678,42075694
4094171,42075731
4096545,42076108
4071106,42076169
4094664,42076691
4071173,42076695
401damaria,42397158
401ermias,42398619
401yimara,42419489
40leaf,42534475
40Pizzahut1234567,42548477
4078094,42577268
408ariana,42580870
401Serenity,42587544
402YAGIZ,43702422
401252612,43818804
4000510,44119865
401289199,44243125
401289084,44243136
401289317,44243145
403underscore,44322762
404a,44433278
404-elsa-1209,44473360
40arranz,44516749
40010040001004,44675264
40066558,44693101
406_VJ,44758329
406_VA23,44758330
406_VAB,44758334
403_AS,44758338
403_DJ,44758340
403_DP,44758348
403_BE2,44758358
403Jules,44812963
403Andreane,44812964
403Rosalie,44812966
403Jeremy,44812967
403Elie,44812982
403Nicolas,44812990
403Robin,44812992
403Marie-Soleil,44812997
403Marianne,44813003
403Aurelie,44813016
409_TH,44870846
409_HI,44871075
40hometown,44922997
406_AVW,44996970
4000000000000,45029739
408yv,45063655
400Chr,45090285
404_Error_404_Glitch,45158123
40b,45409286
401113east,45410285
40M,45601282
40ox,45612997
400apples,45624205
40012343,45688708
40758579834,45807430
4009521,45901749
40wolfs,45944410
40e,45947863
40440410,46037371
4032_1,46398718
4005439j,46524061
4008061,46524183
404Alex,47074755
404unknown404,49797779
401252612-2,49921792
400287,50324911
4000000776,50357784
4011400059NPT,50364955
4021500198MM,50364978
4051402225QP,50364997
4000716val6,50416535
4000905val4,50419404
40x58,50598797
4082512,50602043
40812,50665799
404299,50778404
40073986,50809012
4046889,50818385
404_3RROR,50831733
401135,50918354
4012276,50983748
4023394AW,51328856
403923,51330369
4002612,51382558
4030267,51508681
4059832,51670884
4061252,51671356
4072814,51671359
4040338,51671439
4059862,51671496
4062387b,51671878
4061250,51671990
4061248,51672042
4050902,51672045
40josma,51722366
404_Not-found_,51858490
40680sd,51906806
4096bits,52085510
401g,52141579
406175,52278169
4014920,52311183
4087086826,52337120
40i,52494433
4096squared,52618605
4018344,52647807
4018339,52657278
4009501,52673531
400864,52947623
409LP,53058121
409ER,53058169
409KP,53058272
409AL,53058327
40JDeab567,53124352
40MGrub456,53124353
40IBerr456,53124354
40HJack234,53124355
40ASmit789,53124358
40CWinc890,53124359
40AAlex123,53124368
40HSche456,53124374
40TCart012,53124375
40RWads678,53124376
40JJone012,53124391
404gacha,53138941
4031012,53168349
402593,53261458
4016638,53329793
4051638,53350287
40516381,53350318
401MD12,53408742
401MD13,53408743
401MD10,53408744
401MD11,53408745
401MD16,53408746
401MD17,53408747
401MD14,53408748
401MD15,53408749
401MD18,53408751
401MD19,53408752
401MD23,53408754
401MD22,53408755
401MD21,53408756
401MD20,53408758
401MD26,53408759
401MD25,53408760
401MD24,53408762
401MD3,53408766
401MD4,53408767
401MD5,53408768
401MD6,53408769
4025744,53483523
40Scratcher,53530005
404_Page_Not_known,53556383
404400,53653368
402945J,53664736
4090292,53708041
404martin,53832834
40728lef,53956313
405350,54144483
407950652,54176856
4047628,54205240
405450,54374962
4017349,54417057
408087,55181724
4000340ghes,55190189
4021rpoll20,55213976
4033isabel,55299840
404studiosstarmoon,55581105
4008778,55588214
4004637,55687712
4020KrSh19,55969940
4064250,55981740
409KC,55985369
4015448,56227538
4045979,56227785
4000752DCL,56290706
4022270gw,56290789
40degreeseofnothing,56363104
4046662,56664300
404_err_404,56677315
402812,56728953
4092319,56910922
4046130,56910957
4059940,56910964
4085231,56910985
4072200,56910989
4039236,56911002
4035106,56911011
4039930,56911022
4039933,56911026
4079642,56911032
4046164,56911040
4039937,56911043
4039920,56911046
4092285,56911060
40pangolin,57100716
4015724,57226058
404ImNotFound,57270162
401212,57372701
4014049,57431932
402045ah,57473742
402797zs,57474059
4041603,57496321
40r,57602669
403574as,57658451
400569am,57658467
401529ag,57658497
401347av,57658518
401249cam,57658590
401008cg,57658660
402216cs,57658699
401349er,57658721
403446eb,57658735
401017gm,57658752
402899il,57658813
401242jm,57658840
402203jf,57658860
400608jp,57658892
402918jk,57658914
402114jn,57658926
401012mf,57659005
403590pc,57659034
401218ra,57659046
400532si,57659055
401274tb,57659075
400779vk,57659086
401035yt,57659100
4023845793,57733119
4002502f,57776310
4004291,57777123
401ebpmg20_15,57881719
401ebpmg20_13,57881720
401ebpmg20_12,57881721
401ebpmg20_11,57881722
401ebpmg20_10,57881723
401ebpmg20_17,57881724
401ebpmg20_16,57881726
401ebpmg20_20,57881727
401ebpmg20_21,57881728
404PlayerNotFound,57949195
404EvanNotFound,57998911
4020133,58112955
4050mw,58155476
405310,58204480
40000X,58311866
406one_test,58765687
4017077,58983614
403583tzl,59111816
4005282,59203119
400uj,59316616
403ttt,59426548
4050686,59456579
4061F,59489192
404-giga,59579808
4035842,59623941
4049060,59930872
407087,60223953
408808,60250562
405356787654,60576745
404Sora,60769247
4059739jt,60816075
404TerrinNotFound,60932572
40aluScratch_CPR,61113497
4000Coder,61327847
400th,61383501
404neely,61503050
400nosnhoj,61622755
4022122,61629398
406464551,61665378
4089BL,61712000
404Yeeter,61896312
404forbiden,61939726
404glitch,62244944
4015411,62271055
40888055,62346967
4088805,62395309
404NoNameFound,62493567
404NameFound,62498602
4088880555,62573708
404334,62608285
40305060,62894292
4040404040404040404,62932696
4000Iloveuni_Lol,63302545
400Hunna,63497483
4040093,63506228
404---FR_isK---404,63625101
406604100,63776108
4063664,64006659
4066903,64006660
4072887,64006662
4067584,64006664
4060792,64006669
4034562,64006671
4065116,64006672
4076227,64006673
4034406,64006674
4065186,64006675
4060190,64006677
4065098,64006679
4083012,64006682
4064849,64006684
4044268,64006685
4039608,64006686
4095748,64027980
402637,64038965
40jornar,64098386
40pizzas,64237204
4063653,64242551
40nini,64249981
4045994,64339266
40Tio,64504121
4096299,64528034
4017105MMM,64571759
405046MMM,64571903
40100018,64627569
404z,64637084
404917kh,64640213
40360,64640291
401466,64640292
401527,64640638
4034353,64721720
403423,64778403
4031281,64814749
402924,64924819
402570,64924868
403277,64924918
400340,64925024
404905,64925194
403600jc,64925418
407309,64925568
400454sm,64927299
4016387,64934955
4009705,65044583
4031841,65044588
4021223,65044858
4049355,65049399
4009800,65061411
4014019,65149312
404-My_Sanity,65237981
40d,65304756
4058163,65310154
4001895_test,65431552
4006r,65467211
40389856,65506013
4000Cookies,65768879
4031018,65795469
4096bits_Archive,65804322
4029183,65821038
4027265,65821566
40emre,65883636
400--,65964039
409205HP,65970162
401776GM,65970165
4038802AW,65976371
407173,65998951
404dillan,66137479
408efe,66160237
4039422,66169051
4014390,66192999
40elif40,66194107
403_Forbidden,66221509
404-ERRORSANS-404,66231893
406uwl,66268831
40kStarzz,66282141
401078,66295730
401312greenie,66295758
401456greenie,66295760
401218greenie,66295761
401064greenie,66295765
401945greenie,66295766
401743greenie,66295796
401327greenie,66295811
401328greenie,66295823
401964greenies,66295838
401724greenie,66295857
401630greenies,66295868
401492,66295957
401123svonte,66296008
401123,66296029
401492GREENIE,66296039
401851,66296066
401078greenie,66296247
40000615,66375792
4025665,66379350
40-hedgehog,66380481
4048206,66387985
40superweird,66412119
4005694narwhale,66429089
405939537,66437489
4000Iloveanime_Lol,66513337
406436,66516624
40Two,66524946
402abdadi,66544183
405greeni397,66577138
400000413,66643708
402Alia02,66663959
402kiashefjc,66664583
4076170,66727447
40birch470,66776395
40greentiger,66789685
40kSky,66821315
404501,66825754
40koala40,66837731
4003544,66894207
40147414014741,66904933
401123greenie,66964343
401117,66964388
401802greenie,66964543
401981greenie,66965845
406Emb,66969986
4021317,66978029
4014train,67024768
4044470,67039851
402angelarocket,67049530
40637a,67054301
40753a,67054306
40654a,67054310
40658a,67054318
40711a,67054326
40739a,67054435
40824a,67055414
401335greenine,67082270
4044225,67125683
40u4,67155175
404hadia,67526171
4025999,67635222
40-GALM,67708791
4000765,67755459
400jimbo,67809501
40tmoody,67870809
40kos,67965308
4083605,68120698
4005113,68174050
402935,68174605
407470,68214753
40470,68254722
4015754,68314434
4025286,68363177
402ABT,68393587
401970greeniejayden,68454877
401970greenie,68455214
401XXXGREENIE,68455666
406tf,68460859
406jp,68461063
406jdh,68461294
40is50,68467451
40KLUN4R,68472451
404-FileNotFound,68508899
40IsSus,68595351
405srh,68660495
405JLJD,68660499
405JTN,68660576
405AAJ,68660629
405KR,68660729
404834,68660764
405ZG,68660828
405MH,68660834
405SDG,68661030
406ZG,68661076
405JBM,68661132
405JB,68661138
405AAR,68661365
405rd,68661427
406KR,68661581
405jrd,68661695
404rion,68688194
404Dxvin,68688197
406793greenie,68812592
401jdg,68818533
403cdj,68887427
403tt,68887559
403gdt,68887663
403qbm,68887916
403lmr,68888697
403mmb,68888878
403mb,68888989
4031920,68943406
40vdevils,69009257
402936,69076339
409_834,69085219
403464,69211385
400ksubs,69334733
40z,69357672
40-6tf,69429769
40GrandGummyBear,69551294
4032728,69647618
4036732_,69647873
4034458,69651374
4029983,69652150
403403403403,69655090
40y,69676346
40mustangs2021,69842452
4053762,70023818
400623,70095726
40X801,70097885
403084,70111211
40hours-,70122991
40KJalin,70223631
403front31,70235302
403623,70243225
40199SIL,70561707
40181SIR,70561720
40371WHE,70561764
40MOCK,70567592
4042005,70588615
40Chickennuggets,70618054
404463,70931623
4034132,70964576
4000Cookies_test,70987943
4018320,71000249
404idk,71051290
4014866,71157833
40xkvibes,71175725
4005056,71329642
402KEREM402,71505255
400ALPER400,71505276
404DURUMAVI404,71505297
4015362,71571643
4086162,71578375
4031334,71594909
40xBruhx07,71974734
405295,71997141
404BlueNotFound,72063459
40kNeah,72324002
40065623,72336628
4088359325nn,72503695
40kLenz,72569790
4062184,72666533
4031733,72764171
403308,72831191
4045261,72843630
405_greenboy,72864134
404040404,73080629
404DeanNotFound,73141496
404926,73274110
403147,73532153
40k_crimes,73590595
402abhsah,73623059
4032721,73660325
4048TM,73710191
407702,73719406
4022276,73818306
4055141,73894099
4059460,73901769
4009581,73951355
4016582,73973525
40l,74151792
400302679,74415317
400302782,74415326
400302301,74415336
400302707,74415372
407087test,74482779
40_,74493137
401347,74764013
401839,74764094
406NURSENA,74806072
400z,74884522
404cansu,75043675
408ilhan,75095366
40gabschK,75105163
406101jpj,75120038
4051redfoxavenue,75223225
403mer-pol,75302707
405nur-tem,75302719
401meh-ayk,75302721
40kaa-erd,75302739
4051redfoxavenue10,75347723
40KBeastLIMEZ,75735442
405-20Sophia,75830994
403Error,75891882
404_GP,75970189
4045768,75999964
4024508,75999990
4036834,76000019
4035509,76000034
4035648,76000064
4024802,76000172
4020795,76000356
4019764,76000413
4052279,76000473
4035284,76000487
407theking,76046221
4053918,76075684
4051redfoxavenue29,76084713
401muharrem,76130488
404fnf,76148237
40feet,76156731
4005765,76377931
404GamesNotFound,76439995
4007564,76594533
405Jasper405,76886979
400863B,76938026
408901,77023440
4015709,77161379
4047045,77161474
4035467,77161510
4015213,77161619
4016691,77236913
4026301,77402560
407tbsm7222s5,77422687
401ogch5438s5,77422690
409ohrc7061s5,77422691
406ytmi8482s5,77422694
402amac8592s5,77422708
404aisi8988s5,77422710
403inzw5958s5,77422711
408ngyc2260s5,77422713
40k_CJ,77471388
403576839211,77628898
4007550,77829362
404_Error165,78032666
404_Error_1,78052917
404-forbidden,78145315
40-Peachy-40,78386244
40kakeru40,78438193
40884lehwcdsbca,78459309
4002879,78481744
4096_,78825236
40PMCool,78841577
4040404040404040,78927860
404BAN,79059713
4062004763,79124772
4062095890,79124793
406200476,79124803
40vc,79150590
4000bruhlalachicken,79155853
4089764,79305456
404117,79334936
403071,79365353
404-err0r,79500331
403mcp18,79736095
406289NE,80013011
403va,80052267
403ea,80052293
403sa,80052317
403mwb,80052470
403jld,80052526
403rf,80052548
403dg,80052574
403ch,80052599
403mj,80052617
403jal,80052656
403nam,80052684
403zm,80052702
403ap,80052718
403ir,80052733
403mr,80052763
403sr,80052777
403as,80052796
403bs,80052814
403ars,80052833
403pt,80052849
403vv,80052867
403av,80052888
400394gon,80113750
4000IceCream,80145682
4061328,80169496
400kakeru400,80199287
404Error__,80303238
40-Hour3,80310617
40-Hour4,80310670
40-Hour6,80310793
4000004886,80346102
4000004926,80346300
403bbt,80404921
401132,80601237
4034405,80709045
4035024,80709200
40kCJ,80742158
40kNiya,80864151
40earth40,80954790
40529Katharine,81081903
402087,81096446
404_games,81114039
4025892,81170053
408630,81179615
400000492,81188947
4051ddrak,81291490
40j,81325430
40mCJ,81326303
4049387,81381023
4016966169,81381831
4066046,81395313
4014466,81454324
4033108,81480917
4013750,81601748
4030465,81726106
4014201,81756854
4051sjack17,81872135
402532,81961409
4026179,81961652
4009438,81965254
4034139,82031995
4010234,82034952
4016013,82035015
4037363,82035535
40470taunt,82038084
4011048,82107107
4016007,82154124
404idontknow,82155716
4021ibane18,82160381
4009959,82171484
4049388,82242506
40356481,82242664
4019786,82245482
404Destiny404,82266304
4008391,82324683
40mNikki,82367597
408efehan,82585943
405hamza,82585957
406zumra,82585959
4009541,82695690
404_matrix,82718217
4050ki,82756255
401Esco16,82795625
404BedeleNotFound,82819367
403674_VF,82859901
40crab,82928680
40ant,82928691
40hen,82928705
40dog,82928715
40spider,82928739
40goat,82928761
40tiger,82928779
40zebra,82928795
40mouse,82928806
40snake,82928816
40rat,82928823
40dolphin,82928846
40shark,82928857
40worm,82928871
40frog,82928888
40lizard,82928898
40giraffe,82928926
40elephant,82928939
40sheep,82928947
40otter,82928964
40crocodile,82928982
40rabbit,82929004
40donkey,82929015
40owl,82929039
40hyena,82929053
40snail,82929075
40hippo,82929091
40rhino,82929104
40monkey,82929116
40parrot,82929459
408969065,83099975
400308,83237466
402777,83270858
4016386,83281082
40362011-Rod,83385187
4034761,83453459
401105,83475233
40277,83654839
40numbers,83744151
404Erreur404,83801612
401VIkRanT,84013330
405077,84137994
403uedioi,84388285
404--error,84408913
404ah,84512014
406ij,84512022
403ee,84512028
407em,84512032
401tc,84512035
405gj,84512040
402dc,84512042
409lo,84512045
408im,84512050
4000681,84561860
401AW,84758516
405CK,84766931
40morty,84775972
40PMCool_AltAccount,84874237
404YouAreGone,84916151
4027292,85109210
40567j,85124381
404banban,85156904
404272,85456078
4040Evanallstar,85516214
40phoenix40,85583553
40_3R,85606262
4034618,85649623
4026188,85650056
4008061_alt,85650652
4038426,85712565
40Ce,85792486
40n5jg,85885544
407744,85915006
406762JG,85975829
406765lh,85975865
406033LC,85975896
406033,85976350
4016327,86016268
402ying,86016488
4000956,86084399
4000949,86094043
406DAISUKE,86188886
4008061_3rd,86244504
403-13-pawin,86402979
4042133,86435353
4040709,86436380
4050042,86456906
404-IRW,86526180
404-AH,86526213
404-SCO,86526238
4001822,86597513
403-23-Nisha,86732356
4036470,86895016
4002603coder,87029494
4002544coder,87029521
4048739,87037885
409605,87114333
405731,87118477
4025181,87122184
409389,87225178
4066410,87440129
40F4,87514600
402abelabin,87558361
40F,87573552
40A,87573554
40H,87573555
40V,87573556
40U,87573557
40Q,87573558
404error-404error,87830337
401anna20,87872702
40sBabe,88068599
40470alb,88124602
40987695,88145045
40scratch,88179225
4004178,88306407
4066126,88311194
4003619,88314786
4091865,88321870
4024805,88393580
404-ADH,88406185
404nt,88406801
4005636,88407718
403_Error_,88547067
40walkingfish,88642269
4009969,88837350
400please,88947529
4035716,88998583
4005894,89085723
4089zomies,89267941
404errors_,89431747
4034786566,89438287
4060213,89499656
4050102,89499730
4038629,89500459
4037702,89508774
40BurgundyCoder,89636374
404Hours,89734362
4090shiFgniylF,89850480
4008193,89859394
405242,89946881
404user_not_found404,90327454
40py,90337820
40TMSGolt,90759633
404_notfound100,90762086
405pm,91010374
406_07,91235849
406_21,91239444
406_25,91239495
401_life_not_found_,91414301
404_0,91428835
4000CAT,91429192
4014_airmen,91554701
4008061_ed,91561116
404ERROR-,91640607
4028a,91687311
4025a,91687315
4004a,91687316
4016a,91687320
4019a,91687333
4010ab,91687350
4005a,91687371
4007a,91687374
4006a,91687386
4003a,91687399
4020a,91687403
4018a,91687427
4005635,91746216
40107101214,91908395
4058657,92050048
40at40,92073325
404Georgewasfounf404,92154086
40NguyenPhuongVy,92169502
40PVy,92170372
40824elisha,92236699
40829catt0303,92237372
40829cattleya,92237723
404-Mistake-KingM,92423449
40389ZW,92499214
401s30,92604760
401s31,92604767
40SarahVy,92620662
400385andrew,92659162
40-LETICIAM,92691570
40506571234,92791498
4014_xbox,93043342
40phuongvy,93045454
4015346,93087448
407429,93106717
40gamer4,93108870
4043621,93233398
404fire,93386581
4051swall26,93450365
404-NotFound_,93463557
4051ayoun04,93514317
4050970,93516953
4051swall,93524847
40hockeynoah40,94026678
40mdelrosario,94033178
4040-AS,94122906
404th,94168216
401ruya,94463991
40TPHadicha-tanaka,94642985
4004tentyupc,94735135
4006tentyupc,94735137
4007tentyupc,94735140
4002tentyupc,94735141
4003tentyupc,94735143
4005tentyupc,94735145
4001tentyupc,94735146
40-ISADORA-CESF,94913149
401666,94916690
4051apete22,94938170
40107Ryan,95036859
408howard,95036871
40McflyYT,95068907
4021340213,95105280
404errorzenitsubut,95194288
40716nkes,95287356
40809cheng,95358155
40524Fifi,95364603
401snowy210,95565456
404pagenotfound_,95598437
40thames40,95873952
4093a,95930941
405_ERROR,95977573
4036a,96013186
4036ab,96013359
4008tentyupc,96019871
40at40at40,96279997
403cs23,96341378
403cs29,96341380
402cs20,96341382
402cs27,96341387
402cs26,96341388
402cs29,96341389
402cs28,96341390
403cs32,96341391
403cs31,96341392
403cs33,96341393
402cs18,96341394
403cs30,96341395
402cs33,96341396
403cs11,96341397
403cs10,96341398
403cs13,96341399
403cs12,96341400
403cs15,96341401
403cs14,96341402
403cs17,96341403
403cs16,96341404
403cs19,96341405
403cs18,96341406
403cs5,96341408
403cs4,96341409
403cs7,96341410
402cs17,96341411
403cs1,96341412
403cs3,96341413
403cs2,96341414
402cs32,96341415
403cs8,96341416
402cs30,96341417
402cs31,96341418
403cs6,96341419
402cs19,96341420
403cs9,96341421
40hoursaday__,96418963
404_NOT_FOUND_,96539315
404Googlecantfind,96611155
4005079,96617043
404ProfileNotFound,96713422
404-ErrorCode-,96908929
40yes,97095838
4096__,97228318
40404040404040404040,97235956
404notfind,97371993
404user,97468387
401owl16,97510151
400masneerg,97562849
40thsoul,97601572
40402626,97617354
4009kks,97621341
4004kks,97621342
4014kks,97621343
4005kks,97621344
4013kks,97621346
4006kks,97621347
4011kks,97621348
4007kks,97621349
4002kks,97621350
4008kks,97621352
4015kks,97621354
4016kks,97621355
4012kks,97621356
4001kks,97621357
4003kks,97621358
4010kks,97621359
4083710,97940687
40298,97944089
408969065sab,98172070
40code,98352450
404ErR0r__,98373224
4008061_testing,98558237
40404404,98664759
40-gabriel,98762980
4000-mega,98846660
400thecrator,99192747
403-forbidden,99532587
40575_Madisoned_org,99603395
40yr0Id_magician,99619610
40617Justin,99804531
40rolf,100117876
401scratch,100262738
40405068,100281391
405579,100316693
404error_good,100384574
404error404e,100480406
402214022140221,100482158
40112Dexter,100525451
409addE,100642116
409ethO,100642117
409emiM,100642119
409katI,100642120
409liaL,100642122
409dylR,100642124
409abeZ,100642125
409walQ,100642126
409jayL,100642127
409airE,100642128
409junC,100642129
409oliW,100642130
409raiL,100642131
409briN,100642132
409jesL,100642133
409mohA,100642134
409bryA,100642135
409gabS,100642136
409masS,100642139
409andP,100642141
409argZ,100642143
409ronT,100642144
409ricO,100642145
409easZ,100642148
405242desu,100709511
404____,100727147
40522-JeremyHsu,100844105
409_Alyiaha,100955747
4090336,100986032
4078648,101038904
40thieves,101040516
4051481,101095147
404-404-404-404-404,101115968
409351,101117515
4011832,101220798
4012591KR,101220805
4021638,101220847
4016387dp,101220936
4011569,101223110
4012167,101223175
4011975,101223279
4011458,101223312
4011919,101223440
4096a,101303399
405-06-parin,101422143
407_TreKel,101567304
4019_hajara,101599783
4044judith,101603812
404errorLoggipogie,101671905
407hsu,101752979
407wu,101752984
40daniel,101803419
404814,101822227
4021smill11,101859577
402-01,101934111
402_02,101934386
402_03,101934415
402_004,101934478
402_05,101934494
402_06,101934503
402_07,101934521
402_08,101934536
402_09,101934558
402_10,101934570
402_11,101934582
402_12,101934594
402_13,101934609
402_14,101934621
402_15,101934632
402_16,101934646
402_17,101934655
402_18,101934663
402_19,101934674
402_20,101934684
402_21,101934698
402_22,101934717
402_23,101934729
402_24,101934747
402_25,101934763
404356894,101947931
4040736,101948231
40destroyer43,102005997
40n_Dev,102030826
40edits_daily,102253546
404Yigit,102291159
404262,102456568
4068616,102650190
4025aa,102858099
4043482,103110433
4001121,103224857
40rod40,103284078
40104York,103638862
4033carcar,103663434
4000_,103706612
404net,103843718
409music,103868393
4064331,103893539
406227atECSDdotME,103953353
405926ha,104023972
404411ha,104023986
40334amy,104085617
402redtiger,104117142
405redtiger,104117210
403redtiger,104117298
4025888,104177463
404Mate,104191828
406enes1601,104217937
4025800,104252994
405461lu,104304286
4055a,104417127
404dude,104484563
40der2223,104605599
4077887,104629097
4059a,104643426
4078182,104654823
406202jpj,104663095
406213jpj,104663096
406209jpj,104663097
406220jpj,104663098
406207jpj,104663099
406211jpj,104663100
406216jpj,104663101
406208jpj,104663102
406206jpj,104663103
406219jpj,104663104
406210jpj,104663105
406212jpj,104663106
406200jpj,104663107
406205jpj,104663108
406203jpj,104663109
406222jpj,104663110
406204jpj,104663111
406223jpj,104663112
406218jpj,104663113
406221jpj,104663114
406214jpj,104663115
406201jpj,104663116
406199jpj,104663117
406217jpj,104663118
406197jpj,104663120
406215jpj,104663121
406198jpj,104663122
407demonstrationQAQ,104708631
408747org,104828060
40_Benadryls,104910154
405229nu,105223679
406758nu,105223685
40-kaueeduardo,105322627
40-kaue,105322640
406055BR,105363133
405601br,105363511
404BOMB,105380430
40mp,105416148
404Unavalible404,105433811
4093284,105670439
4043rr0r,105703993
407788712,105705987
404i,105725708
406224jpj,105866276
404-14-emma,106176277
4010857,106421192
404giga,106428232
40laGeorge,106444988
402peiruiz,106597235
402arielat4,106597236
402luisc6712,106597237
402fabricios3,106597238
402haileym173,106597239
402adams21,106597241
402gebela,106597242
402darlynr7,106597243
402hanyij,106597244
402henryh8877,106597245
402eliasc2802,106597246
402ceciliaq,106597247
402isaacd127,106597249
402jamesr291,106597250
402andyl312,106597251
402ivyy20,106597252
402imerr,106597254
402tuban3,106597256
402carolm25,106597257
402anniew50,106597258
402helinah,106597259
402katiec80,106597260
402emmay22,106597261
404albertw30,106656744
404chriskeylorc,106656747
404abigaile46,106656750
404chelseaq9,106656751
404masonk33,106656757
404biancal87,106656758
404analip3,106656759
404yousufg4,106656760
404shirleyl96,106656764
404oliviaz85,106656765
4038440384,106703532
40138,106703718
4035940359,106703771
406vf2031,106711322
408VF2031,106711362
403VF2031,106711422
401VF2031,106711430
407VF2031,106711445
404ICT,106795674
401auraa7,106922102
4013re,107043044
4019re,107043045
4018re,107043046
4015re,107043047
4016re,107043048
4014re,107043049
4011re,107043050
4012re,107043051
4017re,107043052
4020re,107043053
404Nightmare404,107243251
40334-,107365060
404Trinket,107365739
401cs34,107386770
402cs35,107386784
401cs35,107386849
402cs34,107386938
401-unauthorized,107441395
4011897,107519342
4003795,107519356
4013520,107519367
4010086ZH,107521325
4012393,107521361
404USER404,107562810
404-S4ns,107606935
40000143,107685894
40241Watkins,107722204
40kaymanwho,107790322
403Evelync,107838667
403Stellay,107838668
403Alinah,107838669
403Isabellal,107838670
403Jessiek,107838671
403Josselinec,107838672
403Emilya,107838674
403Jaydenc,107838675
403Elizabethj,107838677
403Nicholasq,107838678
403JIayueo,107838679
403Rezwana,107838680
403Alexandrosk,107838681
403Anthonyt,107838682
403Easong,107838684
403Noahh,107838685
403YOhelf,107838686
403Derrickg,107838687
407is2223,107932643
404is2223,107932646
401is2223,107932656
403is2223,107932661
409is2223,107932662
402is2223,107932663
408is2223,107932664
406is2223,107932669
405is2223,107932681
4043836,107937280
404User-Not-Found,108256057
4000dragonking,108571065
40271Isobel,108608472
4083100,108652329
400thrust,108658063
404--------404,108933342
40DRSACLC,109084606
404_Gamer,109136779
4018672,109198810
400302845,109212900
40scratch-Test,109229466
4023549,109369600
400fox,109506634
402130729,109578314
40-JW,109636008
4011m,109731353
40teozin,109770337
40orca,109788946
4066170gamer,109809434
40alunojw,109868470
40brownworm,109926588
40speedracer,110017151
40sharpland,110032802
40342_,110149393
4025739,110258000
4034823,110315881
4033388,110354923
4038306,110456624
4033534,110456629
4067892,110541728
4007888s,110558678
4007719,110558951
4010086-,110558968
40here,110570729
4025878,110634810
4034091,110634832
4024361,110634845
4024404,110634859
4024595,110634961
4025417,110634971
4007888_,110634996
4025538,110635033
4023547,110635116
4023638,110635223
4044931,110635228
4025747,110635252
4066257,110635253
40151979ik,110697782
40followerofAshdog23,110738030
40662575,110770251
404664he,111302581
4040yoshiii,111349286
4021Lseef14,111409169
404-FileWasntFound,111627041
403-FileForbbiden,111627120
404YamataNotFound,111824391
4053892,111834296
403is2223athome,111834519
404star,111882533
403ekams,112076122
409adam904,112442326
4002246,112627974
4046578,112911582
4057529,112911790
40-TANJIRO_24,112935106
4006827_5stars,113014395
4050789,113086930
404zeal404,113109360
400498,113198303
404-Error_000,113563988
4043438,113749218
40RandomBlackBeans,113752650
4042798Bluedog1,113966823
406is2223athome,113987374
4042778,114247648
40411_,114318660
40066_,114318932
40308_,114319241
40230_,114319756
402847ch,114355110
405522ch,114355725
4076WC,114901918
4077WC,114901999
4078881,115315100
400-Adrian,115373933
40sarah,116366755
404-Coder,116401047
400thecreator,116441251
406_R,116486337
402frisk,116597806
40ph,116671502
40fph,116673757
40nathaly,116779557
400error,116863928
400voltliftfan,117028808
40pigeon,117143289
4062625,117212194
40o02,117341062
404-404-405,117580465
404_usacc_not_found,117689226
40681Jeremy,117709430
40524Rose,117709441
404system,117785815
40819ScarlettH,117844956
40question,117874850
40BTP6,118238338
40spacecamp,118383173
403rb,118408725
403eb,118408734
403jg,118408741
403bm,118408755
403acr,118408768
403ag,118408780
403rh,118408798
403elp,118408821
403aj,118408832
403cd,118408840
403es,118408845
403bl,118408850
403vp,118408863
403az,118408868
403tk,118408875
403kz,118408884
403ar,118408895
403nc,118408921
403js,118408934
403ee1,118408939
403oh,118408947
403eo,118408951
403vr,118408954
403es1,118409008
404_Alt,118757456
406599,119051721
401444726,119059712
404565,119238031
404470austin,119238043
40PurplePenguins,119279644
404gang,119289035
40SvGd,119677228
402lit,119942290
40vinipruen,119943462
404_Somebody,119997594
40nathaly9d,120457529
404342032,120609223
4045478,120609365
404342033,120609501
4080482,120609511
404_Futurama,120702308
4052MrBeast,120711997
4024thecreator,120957359
40alurastart,121095197
404NF404,121383660
4053902,121577760
405343,121601579
402squad,121812823
404_user-not-found,122055799
404boyz40421,122136193
4045451puh1,122175052
40soinc81,122186368
40FtBoxcar,122262724
404sans4040,122318847
4021058,122790528
404-3RROR,122902344
40310aaa,122967520
407725am,123037089
407technology,123045795
401technology,123045837
408technology,123045973
403technology,123046021
404technology,123046052
405technology,123046093
4060106,123072956
401Coding3,123405711
401Coding2,123405712
401Coding1,123405713
401Coding7,123405714
401Coding6,123405716
401Coding5,123405717
401Coding4,123405718
401Coding9,123405719
401Coding8,123405720
401Coding28,123405721
401Coding29,123405722
401Coding22,123405723
401Coding23,123405724
401Coding20,123405725
401Coding21,123405726
401Coding26,123405727
401Coding27,123405728
401Coding24,123405729
401Coding25,123405730
401Coding13,123405732
401Coding12,123405733
401Coding11,123405734
401Coding10,123405735
401Coding17,123405736
401Coding16,123405737
401Coding15,123405738
401Coding14,123405739
401Coding19,123405740
401Coding18,123405741
404CAT826,123973182
4021Rosieposie2011,124007591
404error31,124192574
400thLetsGo,124303171
408_Banana,124911109
401Poppy,124919265
401cartoon,124919527
4060056,125355350
404664n,125451279
4061832Amxlia,125737318
4079302,125906940
4079306,125906959
404_Gamer-Fan,126207717
40_roku_06,126226824
4021amamay-__-,126238962
40_5ff,126279497
40ninjaguy,126290893
4044mud,126466833
401fhg,127083541
401fjn,127083558
401fgra,127083620
401fmc,127083630
401fas,127083670
401fzo,127083683
401fnw,127083694
401fdw,127083708
401fjm,127083745
40rotanemA,127092373
4001club,127482198
40204020justin,127692098
40239-112,127792522
40206-112,127792523
40226-112,127792524
40208-112,127792525
40211-112,127792526
40243-112,127792527
40219-112,127792528
40235-112,127792529
40214-112,127792530
40234-112,127792531
40212-112,127792532
40242-112,127792533
40229-112,127792534
40201-112,127792535
40215-112,127792536
40241-112,127792537
40231-112,127792538
40207-112,127792539
40216-112,127792540
40232-112,127792541
40213-112,127792542
40210-112,127792543
40245-112,127792544
40203-112,127792545
40299-112,127792546
40236-112,127792547
40217-112,127792548
40237-112,127792549
40202-112,127792550
40209-112,127792551
40230-112,127792552
40233-112,127792553
40238-112,127792555
40218-112,127792556
40228-112,127792557
40227-112,127792558
40827tanya,128051910
40Gman,128285540
4044288,128352465
406plants20,128758419
406plants28,128758460
406plants1,128758523
406plants12,128758618
406plants27,128758734
406plants23,128758901
40489735,128773604
4029830GL,128984211
406plants,129576870
4031362FT,129655235
40220-112,129799623
40-7c-2024,129923987
4047619,130258489
4030752,130289467
40-DaoQuangVinhDTC,130724314
404-Entertainment,130823369
404BugX,131006220
40525736,131408883
405736,131790881
4032Plane,131892868
405789,131968238
4032132,132488945
40K_,132550277
40COPOK,133285414
4001037,133433945
4001022,133554558
4001131,133554835
4000900K,133565260
40005664,133891252
404085,133991634
4034381KT,134631246
40252007,134641843
40117Linda,135097854
40fm7b,135868725
40RA,136262348
40ignacios,136397509
40julietae,136397510
40estebana,136397513
404-----,138023916
40DAHIL40,138379244
403F0rbidden,138777147
404ENIGMA,139586107
404KD404,139805184
40carolana,139897349
4078182s_lil_sister,139981421
401vik,140605192
408late_,140721135
404_L0AD1NG-3RR0R,141816552
4096_-calli,141947923
