840,133066
849,154128
8449,195901
84bayne,225810
846,276604
847mhmm,324678
84mckenzie,422819
841010,453276
84zimtstern,453531
84msleipzig,455344
84ms,455363
848,488883
8448,542193
845754,612874
841,615960
8410,626333
840340,628839
842,639085
8404jamie,664699
84265fire,699140
847647952,699943
840240297,752479
843456229,972360
8401288,1058963
847043298,1070420
843123456,1137434
846773855,1214358
84341912,1216699
8409207,1244535
84236517,1409949
845440925,1418663
84QQ,1721452
849083082,1884410
846806577,1890337
84265000,1920001
844,1931967
84dara84,1953331
849471796,2015506
848774189,2045353
842968989,2052138
846848364,2178945
844468690,2200484
84egraha,2274841
847006130,2286772
8486486486484,2391273
841241,2476409
84083,2485586
84154,2489618
840836,2493441
845198,2496164
843johnboy,2545772
84pokedude,2602188
8459,2661678
844726931,2693242
8405101,2792573
8474644,2824404
8402,2973258
841992050,3069415
8433304,3077566
8455callie,3137119
847522,3169445
84ray,3201497
8477566,3242746
8442675,3247192
847783Km,3294593
844909CP,3331268
842695713,3460183
840286,3499286
84821,3521957
8492,3524174
845874820,3865783
8477,4098387
8400,4807487
84Dragonmaster,5138040
8413454,5812150
8408326,5812230
84160,5814868
8433,5825316
8451,6043080
84027,6980348
849983,7331048
845raven,8900280
84679,11896310
8407601,12262068
8411348,12330492
847,12766306
84Donkeyman,12806782
8489,13181703
8464802,13662261
8465494,13662271
8444390,13662275
8470296,13770738
8489924,13770793
845,13831150
84833588,13991671
8489452,14018010
8447,14175075
840405,14250167
843008,14266683
843,14720327
84734,15784105
84628462,15905378
848253,16089446
84q,16136898
8423cvusd,16505870
847501,16992222
843817921,17414497
847452,17733836
84Lion01,18006493
84278,18035724
843aksdhal,18116396
842279,18158436
8461,18173764
848109,18174192
8479c-vusd,18351873
844056179,18362046
8444cyp,18463575
8444cvusd,18464451
84322,18516902
84308,18516908
84056,18516913
84318,18516914
84325,18516917
84330,18516925
84312,18516932
84306,18516934
84709,18516938
84317,18516939
84314,18516940
84305,18516949
84667,18516952
84008,18516954
84672,18516955
84008l,18516965
84324d,18516979
8487CVUSD,18568800
8485CVUSD,18624566
845VicHwan,18668832
84677,18748221
84731,18748246
842mg,18748286
84584,18748302
84082,18748342
84227,18748373
84634,18748391
84298,18748403
84662,18748417
84583,18748423
84783jr,18748450
84590,18748476
84114,18748492
841087,18792311
8469CVUSD,18823552
84295,18863717
84374va,18863797
8408476,18931454
841647,18942057
843318,18942070
8441718857,18942240
842221,18949907
843541,18949979
840635,18950003
840029,18985861
84steelers84,19016641
84steelers847,19016773
84644,19029757
84632,19029758
8408416,19029759
84087,19029760
84557,19029763
8408316,19029765
84687,19029766
84781,19029767
84081,19029771
84544,19029773
84165,19029775
84492,19029777
84348,19029779
840454,19079424
8444cy,19085606
8497573269,19149724
845607,19177263
8415345313,19179712
8435,19186546
8485719913,19201668
8435857379,19202809
848kaan,19218575
84431,19285923
84431pc,19285958
84604,19285965
8441849066,19301972
8435152,19430917
840081,19483538
843100,19490999
844500,19858417
84099,19905017
84199,19905018
84425,19942421
84671,19942422
84693,19942432
844892,19958377
8471532417,20013876
846508865,20065803
84385,20222903
84gnatsum,20644869
8433217722,20737820
84M,21207388
8420319,21254538
84N,21444566
8483625,21609298
8422,21711658
84385test,21752384
8472448371,21924269
8417,22051439
841207,22060891
8415715692,22248164
841128,22282768
841645,22322543
841897,22322547
840292,22326742
844ebrar,22401447
842011,22423501
840959,22423571
841632,22493340
847582,22493367
84630mk,22499599
841256,22560356
844771,22650708
847366,22663689
847287,22663693
844728,22663702
844726,22663748
844656,22663753
844685,22663770
846926,22663791
846726,22663823
847126,22663834
84948,22670104
843630,22720147
841253,22745819
841512,22745838
840710,22745921
844188,22746050
845695,22913504
845811,22937038
84504,23099855
846861,23181090
843904,23282273
8477501,23449847
8475678465,23454093
847144,23625985
841620,23899192
847Student,23932311
847731,24504685
84B,24535345
84coco,24567390
841018,24595840
8460356,24910645
84093,25093557
84788pena,25093566
84208,25093588
84759,25093604
84210mobley,25093605
84067,25093657
84697bowen,25093691
84079,25093695
84200,25093740
84270,25093776
8449999s,25121621
8409999s,25121622
8419999s,25121626
8439999s,25121632
8459999s,25121648
8469999s,25158407
842891,25195355
84238,25243629
8471271753,25250132
843098,25257968
84673,25267268
845662,25321482
845634,25394217
84923,25397245
84603,25397246
84924D,25397334
84670M,25397337
84707L,25397355
84941A,25397356
844705,25410974
848937,25410994
848471,25412096
8465826129,25421126
84670,25462264
8447663175B,25530857
8441718857t,25531049
8426sam,25594410
84488448,25605251
847070,25660627
8479559527,25674142
846508,25688191
849007,25763880
848655,25763886
84554,26068793
84637,26068888
8496766,26163030
8496767,26163176
847lildong,26224835
849niktamv,26225163
841860,26436280
84r,26436428
841075,26498373
840614sj,26503585
844146,26530548
84b2017,26646286
8491407,26803557
8429585,26803561
844katkhon,26830181
84274wie,26834820
84282sil,26834857
847282,26848790
8417768,27075113
84584pc,27149826
8484995,27342070
841019,27402761
849296,27786575
845763,27786610
843707soccerislife,27826805
847657,27835428
844343264,27872114
843707,27946223
848025,28001390
847058,28059214
842350,28134748
8455701488,28264122
8435604,28344332
8414574,28436068
848978,28524835
848089,28524903
848404,28524947
84297,28571142
842594,28698482
843174,28698496
843843,28698515
843666,28699606
843877,28699727
8454798692,28824742
84992,29773504
84steel,29927128
846031,30021108
843491,30021250
84884,30096851
8423500,30096990
8425590,30319137
848834,30423778
847898,30424521
845267,30424567
842963,30490711
84647786,30561401
847836,30585199
847428778,30754307
84O,30852608
84pe,30961939
840105,31229455
8414149,31234169
84710,31315706
844565,31851441
8431035,32038467
847618,32452439
845632,32455080
84475pc,32752737
84493pc,32821746
840tm,32979718
848488488,33244275
849950,33363142
84747Joe,33591656
8495663,33613265
84a,33679548
84MONO,33828587
84756362495,33847237
847788,34063972
84DigiKid,34126916
84955,34352928
84645S,34376067
84762,34583318
84784,34655521
84627,34656327
84739isaac,34657464
84836,34658423
84846,34675609
845lek22,34736664
849hjt18,34736715
84balooszj,34739494
8478millie,34793219
843279,34905515
841605,34909130
8484715,34911839
845769,34992788
841535,35025064
849578,35034151
84s,35066275
844705s,35095969
848937s,35107473
84slesmanatees,35270262
84470,35343494
84347,35343498
84605,35343637
84500,35343663
84722,35343743
84470q,35344069
84382g,35344231
84333ac,35436120
84306bp,35436123
84308cc,35436124
84313oa,35436125
84325el,35436126
84323jr,35436127
84479mc,35436128
84331bd,35436133
84058tc,35436134
84055kc,35436135
84667iw,35436136
84798jc,35436137
84315jt,35436142
84330TM,35436658
84319wz,35492934
84imagine,35567116
84738r18,35605335
84626r13,35608317
84450r13,35608980
84741r2,35613188
84366253672r2,35613200
84422r2,35613214
84371r2,35613251
84465r2,35613259
84363r2,35613260
84362r2,35613271
84399r2,35613272
84805,35613330
84011,35617416
845908,35684432
84p,35690028
84hib,35690808
847Magnolia,35765860
84martwein,35782382
8412813715s,35785193
84465,35803941
841111,35894723
8454587217,35901907
8469481924,35901958
84058,35924812
84709as,35925132
84008lz,35925210
84987r13,35925510
84olivbrit,35941529
844570K,35946343
846306,36037196
841980,36088416
842536,36109846
84584878549,36166605
841980841980,36276465
84366r2,36313653
8434245329,37891796
842216,37962139
848483,38359722
843dolphin,38429399
8432364479s,38501642
847833,38712831
84221,38809560
844218,38841238
846752,38843759
849714,38854382
841853,39174038
840920,39265038
84bears,39272711
841407jl,39423215
841407Js,39423552
845741cool,39458555
84723,39569129
84364567437,39612982
8460143,39645214
8472473,39645219
8494706,39645225
8471493,39645245
8487395,39645253
8472499,39645270
8452956,39645274
8471558,39645298
842446,39692622
842785,39692707
848488484,40090431
84838281,40090910
846007,40170196
8411726,40276928
84375,40278048
84141,40355583
84762mkums,40435777
840128,40581965
84_Martinez,40646084
84731mkums,40669875
84663mkums,40670646
8478832971,40677242
845022,40717630
8418641,40755990
849555222,40871323
841338sa,40885102
841914ah,40885107
842784km,40890764
842450,40890866
842050,40993257
8441718857M,41054137
8416673,41174359
842251,41208564
842990,41213637
846651,41269228
840751,41271761
843073pp,41319975
842176eric,41347925
8473543460,41388897
843072,41395543
84261786,41434694
84BRonald1819,41545318
8482915,41580065
841139thallemus,41768145
842875lee,41847973
843_abbigail,42383299
840953,42411163
8470112,44047720
8482631128,44569373
8481682,44916718
8485767,44916798
84crFort,44936705
84Jason,45233604
84j,45378453
8469428896,50298087
84Gillyweed,50304777
8490083,50422133
844633,50606890
845501,50621319
844617,50621349
84c,50624437
849270,50722109
846699,50778441
84700ac,50940660
84548bn,50940664
8419727318,50983675
84h,51377349
849mln16,52243275
8420440,52249633
8420426,52349882
845658rrf,52543495
84657,53102392
8402lego,53416169
848028,53432347
84619Markus,53851039
842675ab,54093056
845658rrff,54201180
846341,55643668
845676AH,55775273
8434415631,55928396
8442152989,55944982
845632nassim,55975487
848484dew,56197219
84best,56659026
8436866097,57333913
8444CB,57417061
8461AC,57417550
8470JPC,57417633
8498ie,57417661
8427MrWong,57461707
8429MrWong,57461724
8484842,57495634
84ChickenNuggets84,58165480
843202,58807218
840064,58986608
8400699,58986649
843568,59154112
8440Vallivue,59243720
841953,59431335
84GamiSmashFan,59472660
844393,59585361
8487346757,59990362
8489438993,60015273
84rjh8,60150755
848iti,60536136
84-X22,61222352
84-o53,61487088
84-o53546283,61527047
848e3,62214129
84Gami,62328782
846512,62410943
84Orangutan,63184886
843298,63258791
84203jg,63287516
84279CHMA,63288288
84PES2025,63302013
84PES2026,63302138
841134lcps2026,63512740
845734,63775556
84444f,63815692
844676LCPS2026A,63937147
840306LCPS2026,63943607
8456836783,63977883
840098AG,64099151
84Driscoll,64306679
841064,64311055
843MalakaiIngram264,64345647
849ozlemb,64409859
847altayg,64410199
84Heathen2,64654306
8456789874,64738120
84WPM,65425641
845fr,65523767
8456kid,65529377
8420356,65702440
84375-test,65757143
849dolphins,65994156
84F,66384638
8478928749,66523898
847153,67464148
844088LS,67520496
8475843,67819171
84564876,67819775
8454664,68064745
842216z,68148855
8434567876543569,68214460
843537,68244924
8424536398,68439879
840019,68462258
840020,68671452
8432901004,68909921
849316,68953898
842898_,69087282
84R014,69384122
8457369,69556881
8491sally,69630446
8447652345,69846219
843509pdsbnet,70235976
84948780,70426471
84xPsycho,70488849
84L,70619292
84W,70619550
8469725,70647530
84_,70994767
8436097,71251059
841172,71368217
847EYMENKAYRA847,71505270
8449789,71745433
843-cat,71900974
84747338438448378758,72197556
847810AA,72325811
8432342423,72333197
84y5q3ify,72638809
84948484847,73373649
8430BK,73710104
8466718,73822165
84137s,73978512
8410755,74111551
8472uni,74326353
846127pdsbnet-Adam,74527585
842cube,74764765
84-o52,75610483
84k,76022306
848482,76057051
847386,76538667
84_Extras,77066814
847-2021,77391315
84-16,77435004
8406249,77520571
844001pdsbnet,77924424
8438u3u2rrgt,78232460
84kakeru84,78280710
84719725691,78426223
847quk,78618763
845620,78879733
84945-45,79158998
848338383838383,79267398
84924894,79393091
84MaD,79461730
8451653865,79541091
84e,79559429
8420876,79621956
8454838780,79654664
84X,79846699
84-,80084295
8485558438383,80156494
847859,80526029
841EH,80621864
844242,80653302
848191,80653315
849366,80653341
849246,80653432
845260,80653929
846pink923,81460016
841438S,81524536
845583,81559906
847224,81613377
8484747,81629855
8452341717,82174730
846583,82397471
8439hatashusaku,82507630
844109Andy,82882564
8489023hdhxj,82936127
843960,83189478
845-meryemsu,83320748
841-kutay,83320761
842394y3289,83619623
848848374,83701423
846421,84175782
84159805e74,84484211
841213,84807203
84z,85331534
844190IR,85448971
841703,85521232
845858,85746786
848dog,86048556
846917,86172442
846181,86233729
84629713,86448960
8477850505109102,86638650
847196,86940599
84398,87045624
841494,87130354
84426,87185975
84g,87204471
845826,87556293
84Y,87588774
84T,87588776
84V,87588777
84I,87588780
84U,87588787
84D,87588810
847y78,87699343
8473837908,88432443
8430984,88432474
842112,88593381
842112d,88593450
848653,88593531
844258809664125,88616662
847010,88645813
8434raven,88773580
84RR7,88922387
8431642sc,89167878
84RRY,89257034
84691SU,89408708
845951,89867379
84850261,90071258
844M,90584670
84578rowzoymy,90870227
8420tigerstar,90959858
840087,91283317
846kenr,91446303
849360,91642699
84026,91738389
848317,92031160
84X48,92101561
845855,92502731
841875,92870467
84019618,93809501
840183-,93874594
847486-,94107573
844848-,94107868
848499549849898989,94281600
843819039,95426650
84U3EJ8W,96161348
84ispro,98389107
84185151,98675247
84101082,99216668
84imgoodatfootball,99237314
848tj94,99402232
84453BA_,99581362
849441,99660788
845023AP,99661225
846blue2023cs,99694505
8411red2023cs,99694508
842orange2023cs,99694512
848brown2023cs,99694514
843yellow2023cs,99694519
84orange2023cs,99694522
844orange2023cs,99694525
8410white2023cs,99694526
845green2023cs,99694529
847purple2023cs,99694532
849black2023cs,99694534
843239DR,99720252
843239,99720437
844533,99783427
84head,99988969
840799,100068152
843226,100132475
843613,100206152
848454at196,100509735
846Moises108,100581551
844478,100652615
849018spes,100743211
840927,101219562
848iti_Alt,101389226
843457,102143237
849732Avery,102274517
841047ZK,102540605
84761,102938658
84gl2029,103033615
8402JM,103444460
840356,103451566
841551,103842292
842kei,104166962
841837,105242017
84821_sv,106023211
84808,106023826
84ok,106085237
84821sv,106618354
844157,106918085
843661stem,106922554
847121stem,106926600
841253kp,107003237
841166mr,107003285
848640,107026533
848640kh,107026558
840020stem,107173675
8466283,107385350
848218cl,107440412
842056stem,107509998
841666stem,107510000
844367,107693465
844367FB,107693512
844564stem,107697097
849849k9n53n5s7,107734570
840001GC,107787114
840003,107787138
848752slj,107787542
843164,107860218
849958_CSIM_SN,107872646
84laws,108053881
8409271,108131167
8437291,108340902
848587stem,108346202
84289637,108347087
849157,108431867
8484848the848heihei,108439085
844student5,108962443
845student19,108962599
845student21,108962600
845student15,108962601
845student14,108962602
845student17,108962603
845student16,108962604
845student11,108962605
845student10,108962606
845student13,108962607
845student12,108962608
845student24,108962609
845student25,108962610
845student26,108962611
845student27,108962612
845student20,108962613
845student18,108962614
845student22,108962615
845student23,108962617
845student9,108962618
845student8,108962619
845student1,108962620
845student3,108962621
845student2,108962622
845student5,108962623
845student4,108962625
845student7,108962626
845student6,108962628
84992Ej,109206796
84038919,109822326
840Mario,110763285
84DU,112433549
84kelly,112917355
845946,113013564
843765,113097927
841663,113487466
84goal,113510031
849Tiop,114035425
8473helpes,115351040
8451074,115938108
845marco,117041593
8464o364,117179604
846kenr_sub,117357937
8450F-urbanparkline-,117625104
848573_yayyyyy,118136357
84727,118136766
84728,118136772
84726,118136795
84720,118136805
84724,118136813
84254as,118306987
840907st,118380417
840782st,118380418
840992st,118380419
840847st,118380420
840824st,118380421
840808st,118380422
840820st,118380423
840945st,118380424
840834st,118380425
840860st,118380426
840874st,118380427
840836st,118380428
840851st,118380429
840840st,118380430
840988st,118380432
842030st,118380434
840797st,118380435
840799st,118380437
840921st,118380439
840887st,118380440
840934st,118380441
840928st,118380442
840794st,118380443
840894st,118380444
840958st,118380446
840818st,118380860
840852st,118381125
845299,118484554
844660a,118560517
840810em,118687997
8497gmann90,118697310
84-9sportsboys,119059621
84Make,119475783
84632sd,119701771
8497gmsnn90,119853041
84kittydaisy2,120051365
84GRD,121332230
84owl,121332814
846238,121617669
84r79te,121797279
84KNGIHT,122120972
841895,123182108
840994LB,123185495
8461123,123553683
843162693,123676591
84thecoolcreator,123963271
84u-,123988846
847237,124095601
8450327,124701138
843160hses,124707737
84rwscratcher101,124931529
847750,125573632
842287greenpanther,125891805
843485bluepuppies,126373596
848SCREAMINGCAT,126566042
84i44i84,126965028
84573576,127251740
84ii,127820968
844827IP,128422429
840875,128422446
842113KD,128422558
840875GT,128625400
84683WJ,128714272
84808GK,128714273
84033AC,128716069
84hddb,128777163
848melon,129292800
842DayMewingStreak,130446499
84001danny,133457935
84_Vj,135068180
84thecoolestcreator,136108960
843535abcde,136826433
84UWUEKITTEN84,139497540
84miniMessi,140652373
84mon_,141393966
84mon_F4F,141536207
