573PH3NH17CHC0CK,43822
574,64422
579,140187
576,207868
573,264911
578,309849
571,341204
57benny,351249
575,357803
577,412441
57vf6a,429012
572,442013
5741K3R,453098
57527,473698
57853,473707
57279,473740
5711801,474417
5789,589369
57329991,621491
5725,725465
5722,725468
5723,725474
5721,725476
5726,725482
5705skes,738120
5712,738122
5708asd,744656
5725skes,744657
577992,747230
57814mk,855025
574hero,993023
572200353,1050245
572277167ab,1053635
57625317,1087376
5753577533,1185129
5733,1198304
57981,1837482
57107,1912638
577019442,1914353
57162078,1989582
5768,1993739
57691843,2021726
57128096,2033924
577019443,2034501
57748504,2043276
572134019,2059498
57555585251,2169870
572491554,2200135
5799244,2210730
57458,2392897
573574324,2473041
57aheinz,2550010
57greg,2691065
574165,2724585
575271,2795639
57827779,2951538
579089,3031946
57144,3060851
57626637,3064649
577725979,3069010
574863,3103609
57865,3122878
574393,3124432
5722478190,3148276
5784315,3241258
57698,3248225
57151,3337007
5701hs,3357764
5707JT,3372621
5753951,3409040
576052,3482786
574758,3575565
572385,3629789
5753,3910374
5755,3922597
5784658,3982242
57931,4089224
57quackyfrog,4212042
57954161,4248912
573586,4288577
572442,4290011
575116,4303097
578439,4694479
5785,4755705
57chev8,4772417
576284bear,4891984
57909,5065558
5783,5113674
57spyro,5145466
57913,5226772
5793,5597076
57729,5684662
5747444,5898158
5704,5909708
576228423,5998564
571608,6497714
570927,6516904
573779,6516910
573923,6516920
574078,6516964
572435kc,6520354
57367j,6820210
5706032650,7058186
57hot,7302110
57gold,7465064
57H,7835222
57stars,8666474
57111,9285286
57419,9301172
571200,10414702
5736375875error,10605314
57489012375,10725312
570,10906116
57thatsme,12256134
576637,12526072
57057,12948822
5714746,13544069
57tap,13739879
572731,13924572
57904,14012666
571200alder,14115450
576234,14115483
573557,14369781
5711gms,14404472
5713067512,14471919
576329,14669301
573045AL,14853489
577963,14888899
572641,14896061
57695,16272254
57crafter,17121423
57sunshine,17146896
574305,17230017
57santabot,17267649
57u,17467659
57sbrun,17542030
57BRYBCT,17844612
5711047,18005470
571813,18021626
57085crowleyisdtx,18094217
57707CrowleyISDTx,18117608
57337crowleyisdtx,18117660
57531crowleyisdtx,18117668
57336crowleyisdtx,18117673
57569crowleyisdtx,18128932
57810crowleyisdtx,18128982
578ep7,18253610
5767cvusd,18351596
5766c-vusd,18351662
5786cvusd,18351813
5778cvusd,18351915
57949,18395518
5764cvusd,18439017
5772cvusd,18439026
57Matthew,18493147
578Victi,18635267
5788158427,18924876
576832375,18940895
5726468341,19179522
572174,19184015
57604,19249883
5745537639,19347399
5733409266,19348767
573227,19419375
574243,19483925
5709047513,19503501
5710050994,19503812
57A,19503967
5716083608,19521772
5734945,19565428
573048,19626278
57199,19918518
5784428144,20013794
577914,20292995
57975,20298428
579524,20462033
576328,20737486
570113140004,20817365
570113140003,20817368
570113140022,20817372
570113140027,20817376
570113140017,20817377
570113140033,20817379
570113140005,20817380
570113140008,20817381
570113140030,20817382
570113140002,20817383
570113140044,20817386
570113140036,20817389
570113140029,20817390
570113140028,20817392
570113140021,20817393
570113140041,20817396
570113140010,20817397
570113140012,20817400
570113140011,20817401
570113140032,20817403
570113140018,20817425
570113140013,20817526
570113140042,20856216
5713r,20892349
570113140019,21017208
5714UNICORN2017,21025806
571805,21053905
571817,21092208
570113140037,21100237
5728alice,21496429
5705brian,21496446
574745,21570486
57375nga,21620726
575w8,21626246
5729yan,21630340
5706victor,21630355
5725tara,21630398
577487,21730669
5714876458,21891386
5758522449,21891407
5711070,21961335
577468,22165566
579411,22172890
57Goofball,22248542
5768LE,22387030
5785gm,22387105
5779vn,22387108
5794ss,22387109
5760kk,22387118
5762eb,22387121
5788RS,22387134
5786AR,22387141
5756rt,22387189
5745im,22387207
5763mb,22387213
57755,22389475
577ayse,22401456
5707568,22441041
5776746,22441053
5712766,22566188
575937,22632757
57575757575757,23070556
572001,23338609
57345737,23453144
5711052,23485213
57-,23504648
5760kgk,23627935
5768486554,24062345
57689Jack,24069794
5711059,24162346
575TJIXC,24221392
5781670,24697569
5789314627,24821096
5734165662,24821142
57Chloe,24984390
5794144,25121143
57023s,25248774
57025s,25248775
570196,25276487
572319,25325642
570440,25385328
570720,25385331
572300,25385336
572220,25385337
572780,25385342
5769700,25391522
5726900,25392441
5720900,25392448
5721400,25393911
5757964952,25418601
5721000,25422455
5756900,25422756
5769600,25423235
5770400,25423244
5748100,25423245
5757100,25423250
5728500,25423253
5731500,25423257
57_dav_gallego,25437441
5746568295,25450791
5768323759H,25530874
5761256894t,25531052
5707300,25532456
5706400,25532458
5724400,25532459
5756400,25532460
5757655119w,25532577
5726468341w,25532587
57531Gebhart,25541769
57322002,25545440
5742,25546529
57173002tf,25580485
57162501ak,25580494
57760,25612426
574422,25616015
5725924327,25731843
5774890-2-,25737271
5711335,25765951
57a37,25786438
57re57,25883152
576113,25886233
578256,25901300
57xscratch,25926362
5744900,25941029
5733500,25941613
57164cvusd3,25945042
57250cvusd3,25945049
57072cvusd3,25945058
57208cvusd3,25945064
576663,25957072
5795800,26066457
5749300,26066461
5749400,26066469
5789964826,26164639
57993ghi,26214933
5714992,26216039
5719300,26233362
5701800,26233363
5719500,26233367
5723300,26233370
57806,26405634
5723800,26409187
579basmah,26480063
57341,26509951
57gamer,26674494
576432,26732193
5701ELS,26980950
572441,27087558
57062j,27321983
57283j,27321991
57249j,27321996
57139j,27321998
57558j,27322928
57605j,27323068
573352181,27872082
575553,27879232
575552,27879368
57033501,27952397
57fatma,27976671
575526,27998107
575517,27998108
578972,27998112
576510,27998113
574216,27998114
575571,27998115
576584,27998117
575507,27998121
577771,27998122
577035,27998124
578990,27998126
576611,27998127
576628,27998128
577761,27998129
576482,27998132
576317,27998142
576463,27998190
576886,27998198
579811,27998200
577708,27998219
576782,28012455
575024,28058217
57dog,28107690
57307002,28136215
577528,28168356
579079,28168357
575528,28168358
5792510,28168359
576471,28168360
577644,28168361
577480,28168363
577452,28168364
576494,28168365
576505,28168366
576506,28168367
577917,28168368
577466,28168370
579080,28168371
577402,28168373
576496,28168374
579521,28168375
579448,28168376
577411,28168379
577589,28168381
576360,28171504
575515,28171505
576624,28171506
578864,28171508
576641,28171510
576843,28171511
577732,28171512
576413,28171513
5764770,28171514
575476,28171517
576669,28171518
576729,28171519
576511,28171522
5739450,28171523
574051,28171524
578004,28171525
577933,28171528
576593,28171535
579287,28171544
576068,28171546
576115,28232328
577069,28270032
57AndrewS,28284669
57greencrayons,28348240
57L,28366197
570s,28434237
579192,28454533
5713066879,28468109
57thesoccerbosscf,28476064
578212,28655869
57577nekokun,28664342
5724288311,28688904
5715teach,28812133
571705LD,28815385
5742364253,29609386
577Dragon_nogarD775,29663044
572153l,29857061
578adam,29958000
577938,29959981
5751343,30016615
5791455,30023193
5771341,30025001
5761367262,30093234
5717237,30097485
57464COO,30173011
57183,30345280
57753frhs,30424136
573363,30520789
5713066879sr,30874294
57555,30926679
576455,31006069
5765837514,31049194
5790ahmedz,31053817
577706,31085327
57-LTEC,31229419
5714074678,31546862
579m,31809655
57028501,31813979
571824,31814987
57kala,31921411
57253B,32002668
57253R,32002737
5784252933,32127505
578458749,32204741
578115,32249082
57slam,32318541
578145,32414823
579ncs,32570043
573ncs,32570057
5716ncs,32570059
571ncs,32570061
572ncs,32570550
577628,32679088
574541,32947388
5723892535,32962548
5719919966,33320679
57G20_,33373776
5715100KKR,33443505
571258,33614427
57Dad,33697581
57POO,33730215
57Shill,33769051
57scratchy57,33809271
57DigiKid,33911002
57Godzilla,34050164
57878435679q2345637,34312241
57baloomrm,34739607
5784428144m,34991193
574428144,34991433
57salih5757,35215586
57slesmanatees,35270222
578768658987,35302672
57911228,35370975
5794TNIS,35441919
5757577k,35495354
57imagine,35566882
57494156860,35651097
57M,35745939
5789583253,35784835
5789583253s,35785012
57469,35905259
571401,35905493
573193,35905513
572895,35905595
574610,35905612
579536,35905760
578426,35907434
574083,35907436
572868,35919441
572227,35919506
57OMGTech,35940729
5736351765,35958637
57ALI,35982868
57346786,36140671
57128,36226831
571649,36237160
574739,36270141
570anusing,36331136
573272,37431982
573738,37575229
57559wsd,37599496
573jmb573,37669934
577jeb577,37711529
5751988,37886482
57unicorn,37979198
571021cjuhsd,38588378
57873Cag,38694096
576256,38747717
57730012,38752247
5726468341b,38766322
57273Cag,38882227
5726501,39070489
57zhi,39188217
57467,39584066
571mauricio,39584965
574211,39682258
5768unicorn,39696089
57101,39846648
5704FCA,39879503
5743Chloe13,39962735
574357,40012586
579889,40288884
5722534838,40343277
57caylee75,40478977
5745232692,40519568
5774562913,40561443
574950234,40638368
57284501,40642169
576224,40777867
5776ccb,40850035
5776ccbc,40894764
57900_NC,40928096
5782ccb,40945058
57050,40964567
5768323759M,41054124
572002kd,41091672
579296sk,41091676
571838rk,41091688
571810mb,41091689
571692ZW,41091690
574743is,41091691
573521ld,41091692
571895nf,41091693
570645as,41091694
573458rf,41091695
579540ll,41091698
575786jo,41091703
573412pp,41091825
571764dp,41117512
571912jl,41117515
571872,41117517
578883jv,41117518
573909ag,41117523
571836ar,41117524
571741dd,41117533
573328tl,41117535
579103jn,41117536
571701mp,41117537
571121GP,41117538
572455lw,41117554
573104,41118100
572251aa,41120189
573499sv,41120190
579061as,41120197
573159KE,41120198
573117Js,41120203
573227RO,41120206
579417,41160246
571768,41160811
57SFS,41176409
575764rb,41195577
573216,41196918
575018,41209974
577900,41209979
57m9,41229350
574750,41300341
570gdt,41301255
572256,41342411
571649kds,41358697
571649LEEg,41359838
573232450,41471019
572-MunirSedat,41574485
578310,41577085
5782AN,41655533
5743fflores,41684275
57575309,41931072
57675309,41931278
57801,42295969
57847BC,42428268
57618MH,42437049
57666spytype,42583963
57893DT,43095536
57012,43909220
57356502,44017890
57aomur57,44144936
57k,44164928
571220,44277681
571220WC,44277728
5774jwilliams,44491136
57sadik57,44996405
57050Extreme,45344420
57BEYZA57,45624814
57C,45760189
572219AT,45763519
573365kl,45763540
572851ag,45763544
572205md,45763551
579144ST,45763552
578974MA,45763559
573209nc,45763569
572998MZ,45763571
576125zt,45763577
579189ed,45763580
573267JM,45763607
572220GG,45768399
573381bh,45768403
573708ds,45768404
574555MF,45768407
572930AH,45768410
572933HG,45768420
572253CR,45768428
573078kf,45770145
573246sz,45770159
578-_n,45774590
573260sb,45798462
5783789495,45807560
5758763542,45870323
572214ec,45899063
5737hhuh,45964298
576337,46543152
5763355,46583410
577GameBoy,50123931
57214,50154629
573imagine,50214379
579632,50275989
5733k,50414752
57423Gamer,50494198
571260val1,50580186
571040val1,50584903
575962,50632119
577112,50649041
574032,50649134
579711,50649145
572450,50649817
571994,50649821
574597,50649828
571763,50653822
5733654589,50782608
572606,51197157
572841M,51197477
577945,51294274
577340,51805397
57732farah,52158308
571390,52610174
577882,53067652
5796611,53224813
5738274,53227796
572TS,53236913
57ScratchClub11,53362621
57271416,53710720
5720725784C,53805647
576671,54099733
57tree,55742926
572009,55879524
5727933765,55928309
5722469858,55928369
57185luk,55940332
571000,55950738
57z,56057433
579123de,56488364
574260,56528068
570327,56638495
578085mn,56660693
577285ES,56660696
574222JB,56660750
573002ms,56930567
573002mis,56931078
574193zm,56948870
572MunirSedat,57078525
5762878,57326163
574836,57483247
5745674,57780348
572983,58039652
5755LS08,58331857
5763575579,59040851
572841MAH,59052848
572konatsu,59228551
5751575,59536592
571312,59986487
572_6,60189787
57f,60312258
5713957,60913139
57Delocovo8910,61040736
57aluScratch_CPR,61113480
575759,61278259
57tda2020,61300401
5755Norvin85768,61342793
57rydtcgf,61746919
57089435,61806400
570712,61973215
579456,62014272
570713,62040426
573187,62383759
574611mq,63123926
57318mandude,63286616
57PES2025,63301989
57PES2026,63302146
570212020,63445877
57show,63453429
579137S,63679203
577857,63778529
570157910,63788703
575741,63822151
574341,63825391
573926,63825621
577956,63826075
575856MH,63826294
575307,63827115
575278,63827154
579064BM,64099155
573910,64350113
575638,64648566
570957,64801113
57867854764928,64855167
57101313,65030026
573105,65216710
57467776,65462690
57369122,65549233
57Dolphin,66009498
572390,66190054
576325,66218188
5775645,66255615
579Phoenix975,66565706
570Happy,66736018
57v,66844852
576847,66897226
576072,67702526
57453,67703330
571-ERB5F,67727288
574-ERB5D,67728233
576ydlog,67812779
5748648,68043593
57373566,68322622
57SC_ECHO,68410752
571696SVE,68452239
571861SVE,68452747
576ODP,68823098
571847,68896775
57puppy31,69152749
572luke,69160397
579Scout,69197716
57483,69211484
578883B5,69253883
574084B5,69254125
579357B5,69254504
578449B5,69254534
578KOROGLU,69398610
57gfyuerih,69417634
5756897,69514108
574pokemon,69659335
57mustangs2021,69843969
57767547457,69850677
57456007,69969885
57e,70097030
57Noob,70251264
570645,70717035
57Pixels_,71166793
57uw46utwutw,71244031
576971,71431803
57893257034829,71600860
5722emi,71691953
573593270,71957384
57yuri,71980554
570-cat,72110608
574402,72762948
57117,72789226
57639762106,72861301
57s,72919863
570-6F,73056267
579999,73060046
57D,73368195
5734875834574,73753560
577Dolphin,73889646
57353AT,73948565
57038G-S,73948860
57329,73948884
575737kd,74153701
57gl2029,74708712
5731mandude,74773140
5731151,75059553
578309,75112805
578390,75412732
57x,75989158
57CODEMASTER57,76086316
57g,76272621
57r,76485042
579820,76638993
5731510,76754488
57317846,77848607
57t,78013917
57oguz57,78024893
5786TASKMASTER,78087549
57564765,78095577
57b,78121327
579333,78361735
57kakeru57,78518314
579ASURUMira,79107793
57768789,79159001
5731151damo,79173535
57737,79357334
573897150238764509,79456308
575164DM,79984563
575775KJ,80013067
5753y37373774844848,80057167
574662APC,80080202
574691DR,80080386
57_,80084270
571s1stem,80312682
57s1stem,80313411
57s1gene,80314130
575874,80516367
573150,80516455
574775,80516483
574IP,80654188
5756343474,80711073
57392793,80741212
5758575372,80772218
57y,80863630
572izz,80977049
5732504,80991467
5754277679,81399560
57275,81672907
5749091,82045739
5757757577557577,82504024
571baran,82585929
57992,82675835
57774,82676494
574924,82713626
575134,82713674
573418D,82886004
574905,82891719
5749067,82948506
5700644,83011870
572644,83203269
571-gizem,83245597
57983176,83372044
5738583,84109689
5792859,84267904
57829,84610690
571328,84668472
572rainbowroom,84759673
570KB,84766075
573SJ,84766901
57george57,85583563
576676585,86455991
57bluedog57,86619585
576543576e,86674857
5721004551,87494629
57120-t,87495966
571srkiho,87532426
57I,87573964
57Q,87573982
57P,87573983
57W,87573984
57J,87573985
57O,87573988
57N,87573989
57435,87651559
575858,88630530
57bj5488b8823b0w,88827505
5730002,90130108
57_466,90449126
57tt,90630239
577malcom313,90668264
5730420dmi,90917319
579848597689543758,90993839
57Mistyflower925,91423989
57emmas,91582104
57627PK,92325132
57627pkom,92325327
57780JK,92499124
57847773-1,92889853
5757575757557757,92924184
576fr,93091109
57516nv,93653283
574968I,93869018
573995S,93869064
572865,93869117
578961,93869156
573637,94038909
5782-5782,94138334
573375,94303229
573627876578,94370330
57Lili57,95063001
5757575757557756,95606187
575757575755775757,95606279
57992kqmd,95626317
57594jrf,95626319
57348jrf,95626335
57922deo,95626385
57529psv,95626399
57466bjg,95626406
57343jrk,95626413
578567568,95707751
5742254,96078873
57sussybakas,96637591
574y,97602731
57889scratchfan,97619929
5731mandude2,97833829
575872,97878243
5785675686575,97914337
574olckjghs95jfunrdu,97996990
571speed,98038291
57289487,98984135
571067891078391068,99328060
5764345434543,99368294
571156,99463654
57cookie,99956782
57milk,99957017
57cake,99957389
574264,99979349
57coder,99984429
579162_JP,100050009
57bread,100112211
570835EVE,100207178
57noalod,100487406
57475747,101137685
578efe,101250936
57xy89,101634040
5720eehra,102739578
576483,102997406
57BURGERS,103652158
57409_Elite_MEMBER54,103715353
575872Games,103874768
57calu887,104019082
57greenberry57,104343114
57033,104428144
57084Danique,104743923
575HPB,105089537
575hpb7,105167399
57637panther,105228883
57284panther,105229061
57478568,105557770
575757475,105644525
5745746,105712055
57867868,105720424
576586,105771504
575758494,106495584
57579rm22,106820698
5784SI,106905632
5708AV,106905636
574693,107427908
5763LS,107449263
5728737,107753337
5760jaywylie,107859012
570319016,108061676
57882938,109240870
57SoccerRules57,110445540
5738HI,110950440
575jole,111708825
578910122,111763071
57human,111813599
5767676,111968473
5782-5783,112587714
57143143,113314211
57rink,113509997
5765937,113801830
5760pro15,114687119
571495692,114900156
57coolkids,114945828
575890alt,115463674
57Axolotl,116507106
577667567,116702985
57CheeseDoritos,117229949
57172ga,117921106
57thunderouspolenta,118345856
57eng6,118384576
57bog57,118697814
570wu,118825444
57392023,119161502
57thunderouspolenta3,119166589
57Make,119410774
57dog57,119853728
5743family,119969193
574503platformer,120060934
57444,120480051
5737cb,120509217
57270,121801503
5757-68596,122255818
57730faba,122255901
573486vbwynv38bciyl,122277189
574503platformer1,122685213
5731nini,122904626
57086tr,123708991
57766ims,124361104
576minl,124496587
5753304,124599971
57514,124771497
57229,124827192
57-Conduits-In-A-Jar,124993957
57WV,125443249
578657BV,125465120
571894BV,125465131
572342BV,125465136
57i67,126743095
577291,126954221
579324,128393446
570745eva,128828290
5701183,129302254
5752558,129472877
571495691,129533022
575420,129585261
571495962,129592173
57858858,129731427
57GEOMETRYDASH,129782292
57gl2032,129877586
57moon57,130144818
57sl23,133122166
57Macaroni8Dog87,133211351
5760kay15,133554061
5721pradera,134075291
5797florida,134075875
5717gorgona,134083097
5757760x,135847293
57544bbbbbh,138175574
578677,139067000
