93700,78291
939,91055
938271,120161
93x,164281
930,188747
93109846,267167
93010101,271174
9314399,302159
931,306544
937,324901
930050,325629
930116,325630
935,348189
932,360198
936,394318
930046,404066
930325,422318
9300001,493772
93jeon,524858
93sunny,600530
9348,656431
93n,679728
938,687388
932378183,733191
9350606,801784
9316kdh,874954
9303,952887
93233,958687
931195941,1041442
93154,1091448
93Joshly,1134721
939363219,1216353
932259235,1216685
932576913,1218661
93099,1283822
93239620,1310277
935169,1716662
9307,1783974
934177877,1955493
935046207,1989464
9324748,2067411
935497,2156249
93997,2168981
932078584,2175855
938850,2224537
9379473843,2437933
93862,2489805
9393,2504657
9327,2561934
936887,2643429
9383576jordan,2656527
9382710,2731592
935_mail,2808524
939419,2862449
935et,2898225
93gigglyevil,2900054
931698471,2907224
93609,2913354
939621,3032656
930heat,3041506
935258642,3053836
9360211,3055546
9379635,3131578
9306918Mt,3151166
9306323,3186943
937581,3187821
9380133,3233945
9380893,3234009
9355812,3279469
9314528588,3286998
93288cr,3295376
93080225,3302682
93090167,3302702
93110246,3302788
93100049,3304467
93130114,3304468
93100073,3304495
93130092,3304506
93130083,3304507
93100095,3304508
93130230,3304511
93130331,3304517
93100023,3304532
93110226,3304541
93130442,3304557
93130548,3304562
93130330,3304571
9355806,3310421
93130001,3312183
93100148,3312190
93130097,3312202
93100293,3312203
93100239,3312205
93100054,3312208
93130251,3312211
93100061,3312216
93100218,3312220
93110222,3312221
93100144,3312222
93130474,3312223
93100185,3312226
93130368,3312228
93100186,3312229
93110279,3312231
93130258,3312238
93130224,3312239
93100006,3312247
93130369,3312248
93130472,3312251
93100078,3312259
93130417,3312260
93130104,3312268
93130437,3312276
93130119,3312295
93100173,3312302
93110316,3312312
93100354,3312316
93130244,3312318
93100090,3312320
93120413,3312495
93100233,3314286
93100092,3314309
93100008,3314310
93130117,3314311
93130091,3314314
93100003,3314315
93120288,3314316
93130468,3314321
93100164,3314324
93100123,3314327
93110230,3314329
93130435,3314330
93130531,3314331
93100171,3314333
93130241,3314335
93130252,3314336
93100285,3314337
93130235,3314339
93110227,3314340
93100167,3314342
93130530,3314345
93100066,3314350
93130488,3314352
93130265,3314355
93130085,3314362
93130323,3314365
93130316,3314368
93130090,3314369
93130242,3314377
93100005,3314379
93130407,3314380
93130403,3314388
93100223,3314392
93120174,3314396
93120228,3314399
93110404,3314400
93130527,3314409
93130484,3314414
93110220,3319411
93100098,3319417
93130262,3319419
93100162,3319420
93100136,3319421
93100025,3319423
93130225,3319424
93100397,3319425
93130522,3319426
93120339,3319429
93100015,3319430
93100294,3319431
93100019,3319432
93100224,3319433
93130243,3319434
93100195,3319439
93100012,3319440
93100009,3319445
93130433,3319446
93110229,3319447
93130415,3319448
93120172,3319449
93130410,3319451
93130227,3319452
93130226,3319453
93100286,3319457
93100189,3319458
93100093,3319459
93100170,3319461
93130231,3319462
93130254,3319463
93100087,3319465
93100128,3319467
93130519,3319468
93130228,3319470
93100134,3319471
93130318,3319473
93130432,3319477
93130238,3319478
93100291,3319489
93130108,3319495
93130084,3319496
93130558,3319592
93130482,3319596
93130567,3319598
9351241,3354395
93100279,3367726
93130408,3367754
93100163,3367877
93130321,3367880
93130324,3372562
93140001,3372724
93130406,3381057
93130313,3381061
93100166,3381072
93100086,3381078
93100229,3381092
93100083,3381094
93130443,3381099
93130086,3381109
93130524,3381118
93130099,3381123
93100230,3381144
93130438,3381145
93100283,3381163
9348686,3417559
93130103,3493723
9315808,3589371
93tinyloud,4455977
935bentley,4532491
932262,4692088
9315,4722537
9371,4800081
9377541c,4847623
9344064,4847625
9388112,4847649
93757,5270332
93380st,5308640
9387840A,5719458
9379719,5838050
936230,5912364
933cool,6109944
939421,6317982
93120020,6567348
93120091,6567410
93130126,6568274
93130189,6568322
93130130,6568342
93130044,6568380
93130186,6568384
93130337,6568386
93130287,6568414
93130296,6568432
93130283,6568452
93130425,6568454
93130017,6568460
93130141,6568470
93130023,6568472
93130158,6568476
93140549,6568486
93130002,6568518
93130299,6568540
93130157,6568542
93130175,6568548
93130159,6568646
93130137,6568682
93140472,6568722
93130037,6568756
93120162,6580704
93130307,6580854
93140304,6581214
93130304,6581400
93120165,6584476
93120279,6584552
93120191,6589070
93110110,6609172
93130401,6609434
93110032,6609518
93140554,6640322
93140560,6641008
93130453,6658380
93130210,6660476
9327jacky,6769978
93140198,6876968
93110119,6898492
93130311,6900668
9314058018,6912292
931405140,6913166
930925,6998660
93140480,7045746
93090150206,7162580
931eric,7167854
9305002,7365026
93610,7481084
93130,7544204
93_mil_lemus_h,7783524
934,8280916
933,8800442
93m,8850404
9358011,10304926
9346,10924824
9349,11274598
93402475689659,11317430
93427,11706488
932393,11928476
93jane,12127314
930317,12278620
930137,12461850
935961,13028394
939065,13028426
933667LMS,13090348
93812496,13275225
93562,13842199
93937,13842200
93817,13842205
93807,13842216
930716,14111494
9305115,14135835
9332,14158281
9317Pengy,14290817
93140256,14306344
93140013,14306350
93140089,14306353
93140498,14306356
93140470,14306359
93140229,14306360
93140015,14306361
93140258,14306364
93140084,14306365
93140028,14306366
93140133,14306367
93140239,14306368
93140140,14306369
93140257,14306371
93140536,14306375
93140501,14306381
93140246,14306382
93140054,14306383
93140100,14306384
93140468,14306388
93140251,14306391
93140373,14306394
93140031,14306399
93140234,14306410
93140250,14306419
93140045,14306421
93140236,14306425
93140500,14306430
93140245,14344256
93140343,14344284
93140261,14344285
93140434,14344290
93140402,14344291
93140094,14344306
93140408,14344324
93140496,14410857
93140088,14410865
93130026,14495037
93130343,14495052
93130020,14495063
93130048,14495077
93130051,14495078
93130284,14495083
93130015,14495084
93130206,14495097
93140289,14495098
93130063,14495101
93130003,14495102
93130025,14495103
93130138,14495104
93140551,14495119
93130390,14495122
93130271,14495123
93130295,14495144
93130034,14495147
93130208,14495161
93130047,14495188
93130010,14495227
93130171,14495354
93130297,14505831
93130030,14505832
93130161,14505847
93130127,14505848
93130079,14505856
93130006,14505859
93130031,14505866
93130423,14505867
93130298,14505869
93130058,14505873
93130387,14505874
93140290,14505876
93130167,14505885
93130500,14505886
93130187,14505887
93130464,14505893
93140293,14505899
93130556,14505907
93140386,14505911
93130073,14505916
93150378,14505917
93130513,14505921
93140495,14505930
93130345,14505938
93130024,14505946
93130209,14505963
93140505,14505970
93130461,14505976
93130172,14505980
93130065,14505982
93140440,14505985
93130211,14505989
93130422,14505995
93130152,14506009
93130124,14523791
93130060,14523796
93130076,14523797
93130011,14523798
93130384,14523799
93130195,14523804
93130200,14523806
93130043,14523811
93130354,14523816
93130149,14523820
93130055,14523828
93130339,14523829
93130032,14523831
93130136,14523832
93130197,14523837
93130133,14523838
93130053,14523839
93130177,14523841
93130145,14523844
93130131,14523849
93130169,14523857
93150265,14523863
93140412,14523870
93130190,14523877
93130072,14523878
93130049,14523889
93130168,14523891
93130042,14523892
93140019,14526798
93130275,14534694
93130004,14557632
93150326,14574924
93130018,14575239
9381500,14628443
9388292,14632973
935892,14743501
93140058,14797933
93821,14799461
937600,15018585
9384,15954933
9302514,16153378
9307zxc,16156760
9318397,16808356
930601,16917726
9361FN,17419488
937ator,17702941
9388272,17740331
9312edictum,18206071
93476,18331245
930321,18484727
9394cvusd,18516488
9375p,18597266
9347CVUSD,18599595
937539,18804225
9307531,18809991
937873283,18912844
9352992,18945260
935gamer,19027280
9360028,19079827
9388381688,19182098
9388381,19194988
9371479884,19201938
9355964374,19202830
931313,19251424
934934,19551695
931004abc,19595176
9377272912,19604794
9392977131,19617173
9351257118,19925045
9331494785,19925120
930311325,20065801
9318788975,20137488
9398133695,20201112
9399,20266407
93094d51,20751551
9344238952,20892704
93340,20902475
93348,20903997
93e,21001980
9313486636,21107585
9388680,21150661
9387846,21150663
9385125,21150664
9357763,21150665
9382324,21150666
9388196,21150667
9389817,21150668
9386775,21150669
9387055,21150671
9381548,21150672
9392496,21150673
9359292,21150674
9387422,21150675
9387060,21150676
9391266,21150677
9362866,21150680
9389611,21150681
9378827,21150683
9392334,21150684
9355221,21150685
93229322,21204226
9351770,21265970
9387271,21265973
9379328,21265974
9316096,21265975
9393355,21265976
9351491,21265977
9362258,21265981
9387684,21265982
9361885,21265986
9357049,21265988
9394297,21265989
9355279,21265991
9393235,21265992
9361829,21265993
9310247,21324590
93951,21567521
9377117Q3,21682788
93012345,21729890
93486,21750165
931205123,21909949
934909AT,22043763
932686DA,22043796
938013TU,22043801
934889GB,22043804
930743das,22043864
9359069,22076519
930932MT,22077460
939330JI,22077477
938913JM,22077478
934366ZS,22077482
935809AR,22077507
930564twm,22077564
931117,22079579
931117AM,22079606
938765JG,22079640
931025GA,22081810
931018CMD,22081816
932638HH,22081820
931433cc,22081841
931207BA,22081850
931341BJB,22081851
931018CD,22081859
931360tc,22081860
931682bj,22081861
931167TJH,22081866
931182py,22081872
931245bn,22081873
930267LM,22081874
933534EJP,22081880
932011RT,22081884
931493CRM,22081888
937602pw,22081911
931379MC,22082193
932712JRM,22082214
939055ADB,22085919
933581AM,22111319
934391kw,22111324
931239Jt,22111327
931590GTS,22111328
938479CM,22111333
931716Lb,22111340
931878MW,22111345
931502tt,22111348
931123LR,22111354
939872AC,22111355
933062TK,22111356
931718rb,22111357
931593,22111360
931539JL,22111362
931114jc,22111364
930141SB,22111366
931191JJ,22111372
935460KB,22111373
931206hb,22111388
930678HV,22111397
931059tlw,22111399
933581JAM,22111418
931718rab,22111450
930141VSB,22111484
930678HE,22112595
939987NW,22116092
931592hs,22116143
930097js,22116356
939879CK,22116369
933609mjps,22116381
932257rt,22116410
932065606,22120866
931086pl,22159479
930276,22159887
935464sa,22164974
930743ds,22220813
931353wr,22223965
931750JP,22224963
931364MirandaB,22351341
933elvin,22401460
93573,22431020
931147,22553570
931364,22553585
9346ghf,22595693
9369394,22610025
939399393,22718705
93182,22724921
9327cvusd,22831030
93iFlame,22843621
93sethompson,22843637
93estclair,22843647
939012,22853817
93jongho,22916393
93sergi933,23142903
938540,23459608
9379133774,23508143
937556,23908547
931209BB,23908550
931434,23908551
931081,23908557
931050,23908563
930879,23908567
933435,23908568
931157,23908591
932934,23908594
931060,23908600
931377hs,23908735
931574,23934118
931017bc,23934127
933187,23934128
931076,23934129
931534,23934131
939954,23934141
934184,23934146
931628,23934149
931746jlw,23934158
931056,23934159
930793,23934163
931314MC,23934165
931083,23934176
939026LD,23934177
930535,23934196
931658,23934205
931574ad,23934209
938647,23934217
931574ard,23934274
93k,24309601
93z,24327918
9396660666,24585806
9324_Super_Games,24611546
9391952054,24673937
9396290,25161395
9300,25398307
9373618148,25416588
93486psd,25426072
935578-,25612531
9339167619,25679341
9325795329C,25729318
93411,25740814
932Awesome923,25748877
931311VY,26003471
93G,26029931
93093mes,26635771
93j,26666113
93160213,26725780
93160342,26725806
93160030,26725844
93160085,26725854
93160014,26725863
93160004,26725870
93160069,26725873
93160295,26725876
93160082,26725896
93160040,26725900
93170460,26725921
93160037,26725929
93160042,26725932
93160409,26725948
93160064,26725954
93170450,26725977
93160012,26725980
93170363,26725993
93160337,26726012
93160035,26726055
93160015,26726123
93160435,26731049
9392630,26803556
934222,26886825
93Arwen,26926975
93dimath,27059419
935200,27082775
932626,27294641
9301810,27784608
931243493,27784746
938837955,27872064
9332343,27987614
93stolivers,28037058
93c,28145893
9359839418,28176203
9391839,28271532
93326000,28389499
93mehmet,28512896
9398,28558974
93870,28584422
93ravza93,28690955
930337,28747055
934180_and_GVMS,28844581
9363881423,28860984
933831,29826822
933866,29826823
9326998,29871880
9330521,29871881
9344662,29871882
9326992,29871883
9329055,29871884
9339592,29871885
9330224,29871886
9326764,29871887
9367375,29871888
9330228,29871889
9324018,29871890
9324386,29871891
9324558,29871892
9354413,29871893
9316449,29871894
9325826,29871895
9327087,29871896
9326753,29871897
9326285,29871898
9326987,29871899
9327674,29871900
9326768,29871901
9330640,29871902
9323120,29871903
9325546,29871904
9329006,29871905
9327009,29871906
9326794,29871907
9304665,29872001
9301739,29872002
9304532,29872003
9308939,29872004
9304523,29872005
9304562,29872006
9304570,29872007
9304502,29872008
9304575,29872010
9355796,29872011
9366146,29872012
9378060,29872014
9308564,29872015
9310879,29872016
9307456,29872017
9304973,29872018
9366544,29872019
9334071,29872020
9304930,29872021
9304589,29872022
9305040,29872023
9304601,29872024
9304618,29872025
9302477,29872026
9329120,29872027
9304493,29872028
9331261,29872076
9331713,29872077
9326981,29872078
9330784,29872079
9327498,29872080
9324893,29872081
9320776,29872083
9345860,29872084
9327672,29872085
9320664,29872086
9318939,29872087
9318941,29872088
9318935,29872089
9327004,29872090
9330807,29872091
9379923,29872092
9326982,29872093
9326983,29872094
9329027,29872095
9330826,29872096
9326792,29872097
9379382,29872098
9327864,29872100
9317314,29872101
9345365,29872202
9355030,29872203
9346365,29872204
9303791,29872206
9304528,29872207
9344666,29872208
9322409,29872209
9317529,29872210
9303862,29872211
9300599,29872212
9307546,29872213
9304631,29872215
9304818,29872219
9303572,29872220
9301274,29872221
9331705,29872222
9302805,29872223
9304607,29872224
9329019,29872225
9305131,29872226
9329616,29872227
9303564,29872229
9302138,29872230
9304510,29900617
9304513,29900618
9304527,29900619
9304522,29900622
9304560,29900623
9308506,29900624
9366844,29900626
9302837,29900627
9304566,29900628
9304578,29900630
9329896,29900631
9302623,29900632
9302629,29900633
9304580,29900636
9306207,29900637
9355953,29900638
9302458,29900639
9340876,29900640
9304540,29900641
9302856,29900642
9308845,29900643
9304591,29900644
9304593,29900645
9304537,29903649
9304536,29903650
9304628,29903651
9304508,29903652
9330409,29903653
9304519,29903654
9304632,29903655
9304612,29903656
9300969,29903657
9302164,29903658
9358839,29903659
9304569,29903660
9366248,29903661
9302562,29903662
9329626,29903663
9341665,29903665
9318918,29903666
9318957,29903667
9378835,29903668
9353419,29903669
9304603,29903670
9317303,29903671
9379837,29903673
9314183,29903757
9345367,29903758
9331747,29903759
9326802,29903760
9378842,29903761
9339583,29903762
9330225,29903763
9324128,29903764
9326763,29903765
9366813,29903766
9326808,29903767
9370071,29903768
9316649,29903769
9378139,29903770
9326759,29903771
9366253,29903772
9378127,29903773
9327500,29903774
9326790,29903775
9326986,29903776
9327006,29903777
9316650,29903778
9332501,29903779
9326786,29903781
9326989,29903782
9367082,29976720
9329608,29976721
9339582,29976722
9345665,29976723
9342363,29976724
9326767,29976725
9328248,29976726
9315980,29976728
9327005,29976729
9322166,29976730
9345597,29976731
9341671,29976732
9326789,29976733
9325249,29976734
9326773,29976735
9326747,29976736
9330423,29976737
9370748,29976738
9370977,29976739
9357432,29976740
9379809,29976741
9326784,29976743
9327643,29976744
9307870,29976745
93y,29993505
9377m,30066442
9388948718,30094331
93slick,30128521
93h,30816963
9399621898,30912121
93q8fc,30926650
9310742,31062060
9320726,31123832
9337567,31367239
9336052,31874725
9319778,31896906
93645d51,31964407
9356252,32142517
93-,32816022
935_Worker_Ray,32834188
93906mku,34584199
93360,34654577
93914issac,34657452
93681,34657488
93baloolg,34739603
93756,34786395
93175,34790687
93636,34808343
9315364,34865926
9361298771,34945339
9372996742,34945348
93103lakeview,35098098
93slesmanatees,35270241
93imagine,35567120
93balooleia,35645011
93ngu1n5,35658335
93245624038138,35891267
930605123456,35891788
931011love,35991151
9309829,36275062
9339586m,36600671
9314898c,36600673
9315106a,36600676
9390417f,36600677
9314907k,36600679
9314906e,36600681
9306951i,36600683
9309213v,36600685
9371899j,36600686
9379640j,36600688
9329859j,36600692
9319550e,36600694
9333614k,36600696
9314925c,36600698
9320275j,36600700
9345885n,36600701
9309229d,36600703
9316592k,36600705
9320842k,36600707
9330995k,36600708
9343619m,36600713
9320273e,36600716
9316597p,36600717
9310102d,36600719
9320272j,36600721
930er,38013003
93099SLA,38381347
934512,38498675
93262733,38565850
93774,38715055
936094,38721516
9329972497,38837447
93quarters,38846829
936986,38854432
935787,39163049
931192,39163061
937572,39163069
938779,39163117
933659,39163142
937226,39163183
938138,39163215
931615,39163263
932427,39163331
939325,39163374
939206,39163414
937224,39163604
934573,39205681
93859har,39214406
9314897j,39257506
933507,39264902
9310805,39503772
933640,39592769
93878,39702193
93da,39717338
930147hillside,39893552
934712Hillside,39893774
936569Hillside,39893869
936569Hs,39894061
93marquitos,40200251
93907mol,40300312
939891066,40305858
938619,40306562
93964mkums,40350108
9361275232,40403352
93964mkus,40427686
93011mkus,40427877
93ebuddy30,40428597
93956mkums,40430448
93571mkums,40430792
93955mkums,40439654
93012mkums,40439669
93012mkumss,40439914
9311607,40468995
9371064,40512815
930065,40558431
933260,40581919
937725,40592869
938012133,40638369
932602,40665531
9331265379,40677518
93011mkums,40709802
936890,40712219
936144,40802367
939286,41395678
9354315,42092217
9327noah,42309986
937719,42588047
936irem936,44145332
93170n,44611385
933451,45005584
93f,45787392
9324888,45973345
937048,46296127
930760,46296136
93106,46407843
9320739,46706718
933451_2,49968420
93Gillyweed,50304796
9339zzz,50311918
934_,51262784
9365411483,51317840
9303832,51322985
931109011,51952782
933993,52074075
9323750,52102978
9314327736,52191871
9314322,52239465
9302918,52239716
93d,52272503
93_52-zuo,52446072
939006,52600772
93adc123,52661900
9315478,52751677
93P,52927769
938401,53218504
93B,53483712
93060112,53570895
9389486,53708042
93Ethan,54290361
935Remington,54560720
936173,55589169
9379111,55589385
934mangle,55647554
93833469,55664548
934975,55780423
932963,55991636
930230kai,56131421
9318391,56213220
9359school,56444860
937aischic,56491581
93552NGU,56733992
9319262,56758170
9318325,56758576
937284,57261007
93815MR,57299034
93421JW,57299035
939486cristopher,57328841
931hana,57413135
9399MrWong,57461722
93aboyd,57733684
93kristine,57872555
9352772,58502371
938618,58609881
938613,58680761
9332041,58760366
93i,59717798
931Puppy,60000297
939499r99r9999,61523984
93526,61784769
9325556,61938620
939534,61939970
93884882,62311448
93261_TheArtyGirl,63193169
9324445200,63221153
93NotMan93,63338273
930150,63550268
93avtP,63563035
93w,63810272
930277,63901432
93u,63938767
93sto,63978364
9320301,64013514
936999,64158679
93tahas,64410184
932ecrind,64410201
930234243424,64642716
9394535,64643486
9310114,64796117
93204,64931071
9345190,65455967
9302009,65797180
9361154scratch,66014268
93eganraC_kraD,66018857
9309948855,66040316
936zehra,66160260
93birch265,66776387
9348756,66884335
930_,67002376
93dstevens,67807265
9309928,67828980
930turbo,67846776
9387423849234,68050076
934JJ,68302642
9343412134,68439924
9343412134is,68440218
93quart,69349572
930-333,69362596
9345653,69436947
93470939,69589580
9308493,69722671
9356kitty,69791329
93mustangs2021,69843993
9312548,70351568
9334136624loc,70560539
9319547,70647558
9305916pas,70841892
9313969718,70899535
933948,71045857
93BLUENolan,71240083
932450,71507607
9310481,71722305
9319186,71738563
9318637,71868738
932172,72208635
9318257,72211769
9318964,72211814
9382doge,72240468
93182427781,72633606
9312758,72906575
93_,72941031
93736281,73171274
93r,73516166
937478,73540064
9350253,73898973
93254,73907476
9369164,74328201
9372256,74328217
9369427,74328224
9372465,74328234
9369940,74328239
9394489,74328246
9382624,74328251
9372479,74328262
9371999,74328265
9372595,74328279
9373903,74328288
9372258,74328291
9372359,74328305
9372472,74328314
9378090,74328318
9377813,74328321
9389610,74328328
9372491,74328336
9372613,74328344
9369426,74328351
93Q,74640468
9391886036,74816752
9316771b,74890629
93-5,75241637
93436955,75905780
9393872,76163806
9354972654,76178732
9385218,76322911
93609192,76654358
93sharky93,76886942
9357063sc,77005883
933-2021,77391700
938_beri,77778154
935113,78094134
939276,78094322
9325867,78099025
938_beril,78122021
938427870003,78174492
9319669,78406659
9376bike,78900338
9315364_sub,79437119
93s1stem,80313959
930s1stem,80313962
93610cr,80444654
931-z,80502708
931_ryuchn,80575716
938RN,80622425
9319865,80709192
9319832,81035385
935459245496736,81899138
93T,82089323
930657r,82170606
930424LW,82170780
93v,82195969
930423JL,82500712
93v16ou,82788194
93sude,83161652
93a,83167155
931-naciyesultan,83320749
93876543,83644668
932Aaron00Herrera59,83975701
93846bobby,84157761
93ghIA,84357221
939ML,84766969
9307675,85134311
93s,85340975
9357gfite,85439534
930930930930,86017761
93O,86034825
9377492,86056708
931810,86352241
938339,86775941
93475982893,86875899
9311194,86952990
930776,87015633
9328762,87412216
939012635,87416475
93L,87589319
9388492,87662799
933085,88411339
9319573pas,88471681
932532,88593335
93773751G,88653333
9313021,88913697
930930930930930,89114480
937259,89188176
937259E,89188591
9321489pas,89210890
93xXLGBTQXx10,89690025
937_,89935915
93219,89967945
937259m,90048164
93darkred,90133911
93sparklemorning,90134273
9356120,90299917
9365748,90728859
93848570762,91286176
930358,91299634
930089,91478901
93866,93033052
9386416557,93388775
9324551u,93917891
9323285u,93917897
9324918u,93917912
9352538,94104454
937449,95967683
93188177,95971208
93_fh,97262706
9382SSC,97345378
9382SSC-ALT,97846140
9393cAt,98037743
93susi,99296174
931Marco,99361795
9300628,99395496
93ww,99526028
93714sn,99678778
935673,99703727
936577,99720145
937728,99782901
935523,99988324
93www,100256194
930-sub,100734339
934729,100937788
93F350,101442801
9322621slams,101503990
936572-1,102103848
93Racing,102346840
93gl2029,103033609
930392948,103373997
93594385,104339210
939917,105478642
93846bobby_,105805673
9362001,107085308
931646s,107088733
9362017,107089990
9362018,107089991
9362011,107089992
9362009,107089993
9362008,107089994
9362007,107089995
9362006,107089996
9362005,107089997
9362004,107089998
9362010,107089999
9362002,107090001
9362012,107090002
9362000,107090003
9362014,107090004
9362020,107090005
9362003,107090006
9362015,107090007
9362013,107090008
9362016,107090009
9362019,107090010
93528stem,107509642
934241,107702022
933774ALW,107787086
937589,107787148
936372mj,107859910
9383823,108340383
9388291,108341370
939229292,108500454
934042,109313937
93838,109599497
933980,109640155
93greycrane,109794945
93polecat,109926580
939684,109935920
93catcar,110037697
938938948,110664366
933874378,112008069
93874378,112022205
931839,112240873
930953,112942095
939506,112942105
939519,112942149
939322,112942165
938787,112942209
931wento931,113464119
932cc,113490162
93hfu48,113561656
932cool,113679475
93ika,114009014
93Premium,114156445
93838_sub,114166537
9393939RickROLLER,115061756
936572--1,116478108
934uri04wo,116815713
93zahra,117949531
93846bobert,118395745
939714,118472799
9300f,118525387
93249,118590262
930707iz,118688005
93DRS6,118931375
93DZK5,118949128
93bd96bc,119364744
93335,120661753
939594998,121147745
93643,121281139
93Make,121754979
934044,122864361
93775y52-,123155452
93888,125068784
930831JB,125572275
936688yu,125857933
934wq78jtyb,125993346
93yuyu,127326369
931621,128422437
938068,128546987
93819AW,128716083
9334Unicorngirlstar,130988633
93griffpatch93,131533919
93992983,132062908
93yuyu-,132298186
93291-,135420630
9384948,135869294
93wrfwiofcdwq932lg,140660871
