917,15061
911,28148
910man,62531
911Mario,99785
915oliver,108554
910274,129348
912,172331
911element911,217256
919,307029
91945,331033
916skater,333023
916,338887
91331,409896
911Elite,415029
9118rob,423103
915,423402
913,587003
910923,618666
914020,638794
918,641734
914032,654631
914010,655300
914036,655302
914105,655310
914110,655313
919111,664441
911emergency,667045
9173882099,669336
910416,670723
911jurk,688456
910551,703960
91802,710754
91w,720114
9109,745498
9112,778425
919radiodisney,825102
9140,845336
910,931211
91917,943250
911-411,1031723
91awesome,1036698
912265313,1041516
914272,1048966
919217,1048967
914108,1048968
914226,1048970
914011,1048972
914121,1048980
914234,1049493
914048,1049494
914090,1049497
914050,1049498
914044,1049499
911053,1049501
911133,1049509
914041,1049510
914231,1054433
91091401,1055326
919407534,1087196
91ofelya,1094024
918918,1121717
911108,1166369
912628642,1206119
910620,1212711
91011coolio,1249059
91bq,1369486
913440636,1375830
912278807,1381426
913039,1433832
9170love,1767935
912345,1776612
910426,1802007
9163377752,1942899
913688905,1979491
910704255zp,1995393
911killer911,2078994
911kram,2158406
910709,2179169
910801,2191283
9120091,2235303
91958018,2252121
91198,2254991
91125,2255200
912434610,2282737
919635,2283856
911chaz,2297696
91191191,2314032
915089203,2437910
91844,2485351
91578,2489797
91483,2506259
910805,2525537
918_Spyder_Concept,2594547
911417,2625093
919144,2683015
913163799,2725245
913167544,2725247
913167553,2725274
913188422,2725299
913188456,2725404
913163640,2725424
913159601,2725428
913151485,2725442
913159538,2725453
913167537,2725477
913163828,2733091
913150791,2733093
913183413,2733098
913164122,2733099
913163113,2733113
913183460,2733118
913150722,2733124
913170003,2733140
913163615,2733143
913155147,2733147
913155387,2733149
913188217,2733156
913183521,2733159
913150549,2733161
913188309,2733168
913188331,2733592
913159541,2733595
913155596,2733647
913155577,2733655
9131555231,2733694
91315771,2733946
913153370,2733947
913167527,2733948
913167524,2733954
913167902,2733957
913170140,2733958
913167536,2733959
913167549,2733968
913170315,2733971
913153232,2733976
913151634,2733977
913151689,2734019
913188463DJ,2738622
913163534d,2738974
913159027,2742278
913167444,2742300
913170254,2742310
913163070,2742312
913159448,2742317
913167466,2742325
913190361,2742327
913163157,2742329
913179879,2742331
913167056,2742332
913183364,2742334
913167005,2742338
913179871,2742355
91084908,2745282
91oi,2764095
913188262,2765575
910403,2786734
913151434,2801634
91011superman,2812569
91086049,2831848
91062249,2831862
91085924,2831876
91085927,2831878
91084971,2831881
91084954,2831883
91085549,2831884
91086979,2831887
91086239,2831894
91105384,2831896
91105383,2832388
91076275,2832389
91084517,2832399
91076297,2832404
91087718,2832408
91097527,2832445
91076272,2861292
91078499,2861337
91yummycheerful,2865022
9167,2874428
91076269,2893261
911023,2894586
918260327,2934310
91089587,2952736
9168mu,2973986
91078444,2984046
915heat,3035398
9130494,3050606
916638,3054993
91079033,3097928
91234,3106234
91076313,3124182
91077209,3124185
91076234,3124189
91076801,3124198
91078142,3124199
91054604,3124202
91076349,3124203
91077700,3124204
91076904,3124205
91077642,3124214
91084460,3124223
91077817,3124236
91077641,3124259
91081348,3128618
91092848,3131553
91073917,3148180
9108920,3151863
9101cat,3157419
91122,3161890
91127,3163631
910609,3165481
91093423,3198156
910705wayne,3227229
91084777,3235773
91096248,3235847
911006,3236957
911catnip,3245493
910401,3256231
910829,3317057
911radio,3320987
9145156,3341610
914009,3386473
910279,3412338
91218,3443367
911114,3455271
910928482,3495252
910518,3531975
9122,3551180
911122alex,3562100
9182,3581929
9106,3582382
91071346,3585015
91099736,3585399
911Scratch9,3592012
9191NightShadow,3594986
91moo,3608271
911103,3647058
91069590,3669842
91194,3867668
915fireman,3880064
911police,3883226
9178109,4072458
9157hipo,4129021
910919maggie,4179868
91341,4203554
9109284822,4270031
91181102,4432261
911SAFE,4438973
91919,4576427
913591,4692099
918387,4692105
91097624,4720400
91059679,4720410
91074628,4720430
9148,4758252
91059895,4765685
912moshi912,4796692
910902,4820535
91060460,4838171
91061817,4838683
91059323,4841512
91084454,4842004
913167547,4883964
913155498,4883990
911awesome,4902570
91549amerson,4921406
91069010,4954090
911eastlakedrive,5040684
913913,5181376
9155188621,5298400
91093107,5455158
91093340,5455188
91085566,5466852
91109717,5504874
91093467,5595308
91092949,5595464
91021,5656216
9101112,5756184
9110,6172434
911928,6267196
91093071,6381810
91snesplayer,6411878
91092603,6447620
913766,6692090
91100279,6851142
91100237,6874944
911Scratch,6940006
91100245,7178440
91061721,7225836
91084131,7227220
910001,7232026
9109284823,7371548
91077245,7389162
91066989,7390576
91070236,7426442
91084706,7463848
91084579,7463854
91084675_2004,7463858
91084390,7463866
91089412,7463868
91085839,7464676
91087957,7464738
9109284829,7509352
91093105_timothy,7523810
91013,7527774
91808,7527790
91836,7527796
91780coral,7527804
91770,7527890
91_jho_tobon_m,7653406
91990,8073358
91489,8472340
91311,8601540
912837645,8943840
915413,9285378
911106Eric,9628056
912513256,9679226
91010,9942676
9199747,10367810
91087553,10646902
91092399,10646922
91093567,10646928
91093008,10646932
91094816,10646948
91100426,10646958
91084959,10649554
91093971,10649562
91084835,10649578
91097819,10649586
91090413,10649624
91100289,10751692
91085257,10751722
91094701,10754170
91084528_1,10754180
91105819,10754200
91101487,10754208
91084955,10754222
91085325,10754236
91102684,10754250
91104091,10803596
911caller,11097510
910jane,11198216
91704,11270722
91087115,11303258
91084803,11314806
911Gamer,11331036
91092560,11339526
91124360,11339540
91091377,11339556
91088375,11339562
91082276,11339588
91077607,11339590
91103526,11354656
91086831,11361156
9139132,11364674
91077747,11439302
91085873,11439572
91084614,11520158
91labronwil,11548362
91089360,11552586
91112939,11754644
91086677,11797414
91085320,11880894
913167789,11951146
91085990,11979106
91084872,12087746
91089379,12141746
91122260,12141754
91122678,12141804
91098734,12141856
91089366,12327216
91086575,12500504
91moimoi,12539408
91084970,12621378
91115573,12683558
91092846,12683560
91101293,12683564
91100094,12683574
91100680,12683586
91100422,12683590
91097526,12683594
91093673,12683614
91103690,12683656
91093153_1,12683742
91094976,12683830
91092450,12683964
91100012,12895920
91087287,12898774
918173,13039248
91090372,13084352
9198874,13120328
91085143,13211371
910928481,13285109
91084563,13684053
91084713,13684054
91086167,13684057
91086606,13879605
91092930,13883976
91102508,13959245
918poop,13994932
914,14025051
9181673132,14077468
91109666,14084587
91100032,14126690
913wii,14129467
911g100,14149330
915141_toska,14178018
913195099,14321398
91087913,14365092
91021cha,14413366
91093160,14499344
9176iss,14549288
91105,14577607
911WhatsUrEmergency,14579736
911help,14645714
91100015a,14701923
910512,15022486
918BOBROSS,15126716
9100noj,15594849
91100815,15846294
91077027,15897205
91087248,15897206
919412,15966558
911jboy,16133097
91113,16312691
91107134,16391134
91090750,16391135
91097070,16434630
91100001,16507285
91101660,16507927
91089c,16517426
911_Rocks,16785309
9190058,16799782
9111Scratch,16817563
911wasascam,16887174
91131608,16888190
917adp30,17044480
91090538,17270712
91086184,17270727
91126882,17270729
91092582,17272021
91107074,17272037
91110099,17272042
91106980,17272045
91107017,17272054
91107264,17272061
91084121,17272062
91115988,17287616
91100433,17318740
91092658,17359987
91104303,17360002
91110103,17361658
91093523,17361666
91zm0,17451594
91113750,17754598
91107283,17754619
91132231,17754620
91106843,17754621
91114194,17754623
91125194,17754624
91113639,17754625
91114302,17754626
91113890,17754627
91107396,17754628
91105018,17754629
91115102,17754630
91109230,17754631
91113788,17754632
91108523,17754633
91115179,17754634
91114052,17754635
91109758,17754636
91123107,17754637
91130227,17754638
91135380,17754639
91118713,17754640
91119500,17754641
91133407,17754642
91137103,17754643
91115685,17754644
91094638,17796311
91096084,17796326
91093536,17825754
91114703,17827008
91137983,17827071
91093127,17835628
91092928,17835629
91093601,17835631
91093540,17835635
91093763,17835638
91093447,17835647
91092882,17835706
91076041,17836546
91093048,17849550
91104854,17886825
91093108,17888136
91092728,17888137
91092455,17888151
91115975,17888153
91092684,17888155
91092479,17888157
91093411,17888159
91092409,17888162
911duck,17908413
9161_Tijmen,18068914
917Red,18083667
914Orange,18083668
912Lime,18083672
911Lavender,18083673
910Ivory,18083676
913Maroon,18083679
915Pink,18083682
91026CrowleyISDTX,18094186
919100,18165690
9106856,18212421
9183763BK,18212463
9105221,18212518
9105006,18212530
9116641,18212565
9140073MR,18212640
9105047,18212663
9103296,18212684
9105134,18212704
91093512,18227963
91093514,18227973
91092423,18378448
91103531,18399574
91107512,18407510
9104cvusd,18427466
9119cvusd,18427473
9179jh,18455965
91O,18504733
9114cvusd,18516557
91864,18587166
9181cvusd,18591482
9108CVUSD,18596354
9109CVUSD,18596360
9128p,18597154
9126CVUSD,18599597
9182582998,18607591
9115cvusd,18660643
9116cvusd,18660644
9124cvusd,18660646
9125cvusd,18660647
9121CVUSD,18668159
9112CVUSD,18668173
9123CVUSD,18668177
9100CVUSD,18668181
9118CVUSD,18668216
9127CVUSD,18668219
9102CVUSD,18668233
9117CVUSD,18668237
9113CVUSD,18668366
9110CVUSD,18668369
9105CVUSD,18668375
91930,18670902
91138182,18745316
91119511,18745332
91109357,18745336
91126798,18745338
911074491,18745339
91107759,18745342
91107758,18745359
91108293,18745362
91099811,18745388
91109991,18745411
9103CVUSD,18823559
91112941,18889072
91107408,18889082
91101878,18889083
91099691,18889087
91108948,18889100
91108085_,18889203
9151292696,18941556
9144231245,18941805
914214,18985860
919190em,18985934
911was_a_tragedy,19025020
91791,19031665
911asx,19165440
9136845566,19227326
91115878,19256572
91366,19296019
9193500,19340601
9114121948,19346960
91700646tj,19406496
91700639tj,19406598
914100,19482501
913346648,19503643
91ayuok,19577061
9146993169,19607030
9148782653,19649946
915220,19667974
9106046,19792104
913195087,19978256
91082024,20007937
91079370,20007957
91109852,20007973
91085645,20007975
91084608,20008060
91121807,20008066
91060542,20008069
91129701,20008075
91086234,20045167
91066323,20091681
91086234_,20091862
91131892,20092340
91091504,20092371
91138677,20092445
91085758,20092486
912_queenslay,20100622
9175846233,20125738
91093047,20130588
91077467,20130590
91078826,20130683
91099971,20130949
91082320,20131105
91076817,20131124
91134005,20170186
91099047,20170217
91078244,20170241
91084770,20170718
9179291252,20207948
91082416,20209251
914245860,20280443
91092653,20299304
913165025,20308428
91109433,20376333
913195105,20390174
91catlover,20798795
91catlover91,20800494
9102k,20892263
9136c,20892271
911476,20900452
91122752,20926354
911iscoming,20937002
910250,20962745
9182736455463728190,20970296
91dancer,21108068
9111412,21125236
910leeca,21131918
9159,21202596
91681,21240347
91waxer,21266737
913IR,21353546
91100993,21382232
9145cvusd,21388708
9156cvusd,21388739
9160_ArtKing,21506526
9159_Jhaad,21506743
9185-Melvin,21506783
9185-HUHWA,21506823
9173Max,21528234
911user,21660099
914391,21847695
9149992904,21891405
913043,21898262
919919,21956939
914women,22025170
911052JAG,22043229
911305JB,22043742
911176RB,22043745
911338er,22043754
911075JL,22043756
911207AR,22043758
911212SS,22043761
911385ZM,22043765
911471WL,22043784
911180CC,22043828
910691,22043850
910579JS,22077442
911117ma,22077463
911033EB,22077465
910221bf,22077468
911291KF,22077495
910581JT,22077505
910580st,22077508
911055BH,22077510
911069TrChickenBisct,22077511
911234RC,22077514
911331SM,22077517
911454_JMB_A_Bead_21,22077518
911485DT,22079629
910379OS,22085899
910461mk,22085905
910352JS,22085909
910052,22085965
910205CMM,22085970
911289elliot,22108975
911464NML,22111353
911478HN,22111400
911464NL,22112826
910107ar,22116393
910405eddie,22116394
910583EP,22116438
919112,22126834
911421SW,22156184
911291KMF,22156969
910691ap,22220481
910646mw,22226180
912484,22330229
911zacapala,22332032
913eftelya,22401475
919194,22423505
911-CantWakeUp,22567323
911_inside_job,22641599
916074,22663776
912953Keegan,22694595
910906,22708745
911557,22745963
911163,22844408
911787,22845227
915192,22853804
9192837465,22921321
91team,22982612
911135,23901244
911465af,23908616
911465anf,23909356
911468,23934137
911479,23934160
911481,23934166
911BEAST,23982648
911134,24006144
911Cupcake,24242038
911helpme,24311896
910songbird,24333175
911unicorn,24482857
91011smn,24605449
91207_,24716968
91StrongFish91,24748825
91107,24756136
918SpyderMan,24835629
91Talim,24846899
915211,24978359
91099820,24992185
91075455,24992201
91099986,24992208
91100233,24992215
91100028,24992217
911004333,24992225
91126076,24993605
91081729,25002308
91110431,25003049
91103615,25003064
91130670,25003065
91099972,25003066
91101388,25004561
91128898,25016846
91123293,25016853
91099865,25016854
91100251,25016855
91095096,25016857
91102458,25016864
91101325,25016870
91137756,25037445
91144390,25038435
911_sim_2017,25045644
91jordan,25165243
9116285654,25177240
9156161441,25177252
91096835,25197832
91097356,25197833
911729,25252653
91108272,25260164
911177341,25260618
91126685,25286035
91127977,25286044
91128220,25286052
91121158,25286054
91127686,25286057
91128162,25286060
91127488,25286064
91113577,25286067
91116190,25286070
91127253,25286073
91128138,25286077
91127627,25286080
91127514,25286083
91127493,25286090
91128101,25286092
91139587,25286098
91126680,25286104
91121634,25286109
91141204,25286110
91122388,25286112
91121368,25286115
91121019,25286118
91127693,25286121
91128531,25286126
91127845,25286130
916017,25301374
91117297,25305555
912756,25307661
914264,25307665
919804,25308692
917651,25308694
919800,25308695
919869,25308698
919452,25308702
919893,25308709
919821,25320155
911959,25323063
915047,25323265
910276,25323279
919478,25323840
918067,25323842
919776,25323851
919757,25323855
918652,25323860
919848,25323920
919152,25323922
919855,25323926
919780,25323931
919871,25323955
918944,25323958
919783,25323959
918471,25323962
918657,25323963
918461,25323964
919142,25323965
919709,25323966
919515,25323967
919762,25323970
919803,25324311
919715,25324315
919891,25324316
919850,25324322
919875,25324324
916096,25325022
917356,25325025
915781,25325027
911136,25325065
916943,25326706
91110053,25327904
91121964,25328933
91107012kk,25328944
9118391893,25382286
919798,25383496
919806,25383498
919614,25383501
919668,25383504
917718,25411247
919562,25411248
918673,25411260
917847,25411262
917822,25411267
917722,25411307
919026,25411312
919892,25411323
917720,25411394
917854,25411395
918991,25411397
919023,25411399
917857,25411400
919027,25411401
919029,25411402
917858,25411403
919159,25411407
917814,25411410
917796,25411414
919894,25411415
912825,25411525
914644,25478411
913953,25478416
911cc,25492567
912100,25506644
9144231245s,25530817
9196115343m,25532640
91QUA,25594207
918918918918,25716905
91109088,25814876
91110635,25814889
91140711,25828242
91144837,25828256
916721,25851878
918393,25852151
918393JR,25852462
918393JRm,25852646
913195274,25876396
913157104,25876397
913195205,25876398
913195186,25876399
913195239,25876400
913195263,25876402
913195233,25876405
913195257,25876415
913198322,25876429
913195219,25876434
913195104,25876435
913195318,25876445
913195215,25876446
913195191,25876531
91116765,25879107
91102406,25879140
91130763,25879264
91108915,25879525
91109251,25879540
91107515,25879543
91125454,25879545
91104442,25879552
91107075,25879553
91133651,25879566
91136478,25879567
91111251,25879573
91108225,25879574
91114821,25879583
91109399,25879585
91108235,25879588
91108234,25879591
91107049,25879599
91107510,25879600
91102713,25879602
91107915,25879615
91107767,25879621
91119856,25879630
91133652akaMLGPIG,25879631
91108501,25879633
91107048,25879637
91130641,25879640
91108224,25879641
91133652,25879679
91108582,25879742
91107175,25879800
91120368,25879802
91108492,25879803
91102714,25879840
91119867,25879869
913195283,25882218
913195206,25882219
913195190,25882221
913195325,25882222
913195213,25882223
913195228,25882224
913195277,25882225
913195211,25882228
913195271,25882230
91395248,25882231
913195261,25882232
913195224,25882233
913195189,25882234
913165144,25882236
913195268,25882238
913195230,25882246
913195194,25882254
913195208,25882255
913195234,25882299
913154876,25882312
914274,25883400
913574,25883545
910210nc,25883785
913195248,25884194
91102616,25885614
91108233,25885754
91114951,25885762
91135223,25885770
91106818,25885771
91116792,25885774
91117562,25885777
91141398,25885778
91107058,25885779
91102252,25885780
91137470,25885782
91116091,25885787
91123867,25885788
91107052,25885790
91136871,25885792
91112803,25885793
91132149,25885798
91144586,25885827
91139465,25885829
91107126,25885835
91134159,25885836
91107076,25885838
91105476,25885847
91107826,25885861
91126793,25885900
91110582,25885909
91100809,25885912
910809,25886002
91102507,25887137
91108924,25887163
91114092,25887166
91106946,25887228
910p,25899625
9131952634,25908474
91129165,25945074
91129128,25945092
91121064,25945105
91127259,25945122
91129514,25945140
91128352,25945154
91139950,25945159
91121812,25945167
91144683,25945179
91127796,25945195
91119550,25945203
91116442,25945213
91124499,25945220
91116193,25945240
91128513,25945246
91122536,25945253
91126646,25945257
91128017,25945285
91140159,25945291
91129185,25945327
91127234,25945339
91127765,25945347
91128358,25945359
91144470,25945366
91120073,25945372
918aidrang,25982875
91102357,26071065
913195227,26075462
91117837,26101606
916NARUTO,26130002
91469gou,26214961
91527kec,26215006
91329pap,26215066
913clazava,26225336
9108bob,26228742
91115085,26262760
91122932,26264210
916yuma,26293146
91101719,26313281
91120454,26315638
91107219,26315642
91144742,26315653
91132420,26315656
91107845,26315669
91144859,26315671
91141208,26315696
91137769,26315701
91136259,26315702
91136724,26315705
91100107,26315711
91108196,26315759
911sax,26318177
911gt2spirit,26373734
91136299,26416377
91118728,26420775
91118730,26420781
91142443,26420821
91116028,26420841
91120511,26420860
9106845566lariah,26435178
91125670,26447556
91127320,26447611
91135546,26447628
91z,26489515
9179225166,26506728
919697,26528009
91550DAI,26614240
912359,26631816
91279och,26636127
91519rei,26636234
91360TAL,26636884
91600tur,26636944
91352wal,26637030
9130008,26638250
91114719,26646500
91132689,26649403
912hp,26709158
912gh,26709171
91124982,26839147
91Mari,26927535
9159315,26986961
9147727daisy,26991496
91purple,27026353
918273645a,27058041
910605,27076640
91134726,27078464
91135335,27094541
911cano,27219736
916719,27299202
91114881,27380879
910Seahawks,27422845
91107409,27431210
91653lan,27556734
91481kla,27597283
911-Calling,27698633
91701024,27739901
91701043,27739903
91701046,27739905
91701047,27739909
91701031,27739910
91701032,27739913
91700927,27739914
91701026,27739925
91701037,27784612
91701040,27784619
91701051,27784645
91701042,27784662
91701044,27784666
91701027,27784672
91701036,27784675
91701020,27784680
91701050,27784687
91x,27956652
91stoliversns,28037492
91701052,28056410
9134123,28091040
91120797,28132142
91135786,28132152
91121584,28132180
91099838jh,28180607
9198301004,28268581
91108049,28284051
91145867,28287845
9197205488,28305565
915922,28344961
910106,28345019
916981,28345051
910706,28345063
9177502043,28364570
913195255,28394127
9172056,28499060
917enesunal,28512902
91dayday,28634332
9108306s,28671679
9117586925,28688913
914391076,28725122
91090870,28743316
911549,28746863
917117,28746976
91137479,28749261
913056,28830325
910324,28832332
915972,28870579
9187805,28893741
9197673,28895783
919673,28895800
91113138,28906309
91113138n,28906481
9141889,29005016
9140841,29005039
919319,29547447
91102454,29585972
91083189,29587178
9191919919919,29646259
9181716151413120,29714398
910103a,29774633
9143425259,29817103
911199,29821702
91110715,29899673
918447,29907479
91140305,29977398
91121114,29977568
91afik18,30042685
911472,30185860
9154_nightingale,30188839
9112545200,30193658
91125452000,30202665
911254520000,30203027
915448,30229348
91803,30321188
919548,30333497
9191136,30335493
9163138,30487928
910119,30551008
919949,30587031
917940,30587176
919735,30587267
918994,30588635
91867907097167178,30634940
91107237,30643068
915208,30797549
9171998,30887340
91146691,30958160
91108300,30958169
91114549,31060032
91120688,31060033
91115229,31060034
91119466,31060035
91129750,31060036
91145906,31060037
91121102,31060038
91121661,31060039
91123869,31060040
91120694,31060041
91121002,31060042
91126913,31060043
91144138,31060044
91116789,31060045
91125005,31060046
91145339,31060047
91129849,31060048
91140020,31060049
91139063,31060050
91140374,31060051
91134326,31060052
911352,31086497
913427,31164723
914044ao,31165694
918171,31231528
91mp,31302177
91-,31322264
910x,31471543
91dragonsinacave,31508609
91106981,31942214
91027,32034420
9112344344444444,32081143
91136103,32081570
91125292,32086246
91110965TimmyT,32086369
91142056,32111856
91134684,32111857
91134844,32111858
91134922,32111859
91134924,32111860
91134807,32111861
91134863,32111955
91141325,32111956
91134827,32111957
91137318,32111958
91142843,32111959
91135176,32111960
91142652,32111961
91134866,32111962
91134810,32111963
91134864,32111964
91140892,32111965
91134771,32111966
91134818,32111967
91140888,32111968
91130510,32111969
91134303,32111970
91134841,32111971
91138031,32111972
91113969,32139595
91132146,32146538
91136319,32146752
914939,32247858
91102902,32251383
91100054,32346679
91122759,32346748
91109939,32346762
912117,32448196
911222h,32458930
91143725,32466643
911RD,32490625
911300002,32491468
91104250,32832681
911RD7,32833560
91100271,32856527
91102058,32861155
91103245,32861357
91103188,32861369
91095311,32861370
91102427,32861375
91101739,32861377
91128850,32861378
91100388,32861382
91102410,32861386
91124007,32861387
91100890,32861388
91100861,32861389
91141421,32861399
91083328,32861401
91103967,32861409
91095514,32861413
91097487,32861415
91142199,32861419
91124172,32861425
91138394,32861426
91103498,32861427
91129481,32861431
91100120,32861439
91100117,32861440
91112667,32861444
91103732,32861449
91097063,32861460
91136618,32862043
91099941,32862059
91122823,32862060
91095336,32862068
91094493,32862069
91101226,32862072
91139922,32862073
91100269,32862076
91100723,32862077
91140485,32862078
91131343,32862079
91140640,32862082
91100041,32862083
91132159,32862084
91101212,32862085
91113082,32862086
91122433,32862089
91103761,32862091
91140328,32862096
91139563,32862099
91090409,32862100
91100205,32862101
91131604,32862102
91103365,32862103
91101794,32862107
91101149,32862114
91126312,32862115
91128882,32862124
91138131,32862127
91137126,32862128
91094492,32862132
91134281,32862179
91139049,32862227
911R,32866149
91094578,32867129
91shadow,32877597
91grevilO,32881594
918171611514132112,32886064
91099770,32914259
91100867,32914819
91144741,32918127
911537,32922762
91103174,32923148
91100653,32923333
91120591,32924928
91094374,32961117
91092449,32961125
91104231,32961128
91099687,32961131
91100368,32961136
91104878,32961141
91144122,32961142
91105485,32961143
91140147,32961147
91135535,32961150
91104234,32961151
91134354,32961156
91100192,32961159
91123762,32961160
91102696,32961164
91104380,32961174
91139461,32961175
91101091,32961178
91146135,32961179
91123226,32961180
91102892,32961184
91099999,32961187
91143373,32961201
91taha,33318477
911102700,33371129
9111028000,33371241
91116906,33373253
9152671925,33453253
91122843,33460473
91137770,33482429
9111027000,33550902
911598,33615405
918049,33615497
911937,33668267
9111027,33693863
91121143,33712936
9116717597,33762732
91145826,33841092
914069,33934339
91108920,33981768
912487530,34036253
911call_me_for_pizza,34047827
91251779,34138617
91a,34299829
91446,34583309
91114478,34643748
91143115,34643749
91147166,34643750
91147067,34643751
91120495,34643752
91147554,34643753
91140644,34643754
91122276,34643755
91124426,34643756
91116418,34643757
91116350,34643758
91131687,34643759
91120849,34643760
91124689,34643762
91137582,34643763
91123210,34643764
91122627,34643765
91145036,34643766
91136984,34643767
91124154,34643768
91117361,34643769
91125218,34643770
91122962,34643771
91120446,34643773
91136545,34643774
91123390,34643775
91124149,34643776
91796,34654549
91659,34656303
91998,34656323
91658,34656657
91878,34658426
91107289,34678052
91114281,34689020
91106884,34689067
91108197,34689116
91119011,34689160
91129949,34726479
91134831,34726483
91137556,34726485
91139368,34726486
91129009,34726487
91128408,34726488
91138155,34726490
91136903,34726491
91137671,34726492
91134736,34726493
91136686,34726494
91137180,34726495
91136025,34726496
91143381,34726497
91129181,34726498
91138952,34726499
91139312,34726500
91133586,34726501
91127537,34726502
91135959,34726503
91132278,34726504
91136236,34726505
912cag12,34736699
91111208,34743522
91107288,34838716
9146495,34911877
9157812,34914821
9160172,34914827
9173562,34937705
9160962,34937709
9140365,34952801
9189444,34954981
9198004,34954982
9184714,34954995
9186454,34955014
9191424,34955025
9194784,34955049
918795,34963038
91011Warrior,34990502
9142529336,34991451
91929,35020189
91120818,35025266
916823,35041323
91743993,35063560
918bjones,35084265
91976,35098600
9196115343s,35134299
9102763,35137347
9198554,35141517
9195154,35141520
9198504,35141529
9188174,35141532
9198914,35145307
9197154,35145316
9186524,35145712
9196684,35145713
9197984,35145714
9191524,35145716
9187964,35145717
9197804,35145725
9183874,35145726
9176514,35145731
9198064,35145735
91792,35153468
918673s,35180595
917857s,35180600
917796s,35180609
919029s,35180613
91134752,35225841
915226,35229308
917854s,35239658
919026s,35239661
919562s,35239664
919027s,35239666
919892s,35239667
917814s,35239671
917722s,35239677
91slesmanatees,35270265
911314Je,35296609
916943k,35297693
915876,35300462
912190,35300559
915876MC,35300667
917847s,35301645
919023s,35301646
919894s,35301649
917822s,35301650
919159s,35301651
918991s,35301654
917718s,35301663
917720s,35301664
919160s,35301667
91183918934,35302808
9172000,35303564
919167,35304787
9175alex_1,35434449
91paraguay2018,35482679
9197574,35563614
9193114,35563615
9197764,35563618
9194524,35563619
91imagine,35567123
918-Spyder,35576745
91444,35606736
91balooleia,35644974
9180674,35680951
9198034,35680953
9196144,35680962
9198694,35680965
9137041,35686804
915225,35729159
91123852,35737891
91250,35762235
9174088,35807770
9170623,35807772
9179484,35807773
9145333,35807774
9187726,35807775
9179171,35807776
9159223,35807778
9164829,35807782
9192038,35807784
9167461,35807785
9141283,35807786
9165018,35807788
9164600,35807790
9165776,35807791
9148738,35807792
9166730,35807923
9176562,35807924
9190187,35807925
9163009,35807926
9193438,35807927
9192422,35807928
9161577,35807931
9165099,35807932
9126634,35807933
9166142,35807935
9161583,35807937
9164557,35807939
9165074,35807940
9161589,35807941
9141853,35807943
9172160,35807944
9142483,35807945
9171523,35807946
9146122,35807947
9186783,35807948
91107111,35852293
9174636391,35916676
91104190,35924224
918015A,35943785
919879R,35943793
918174S,35943808
918137L,35943812
918206C,35943821
918152I,35943829
919116R,35943833
918045L,35943836
918643P,35943839
919093M,35943844
913917,35945331
915582,35946948
914slimjim,35965656
91107293,36008909
91113138nathan,36028914
918042s,36041635
918210B,36041668
918201S,36041672
918082I,36041683
917661D,36041686
917935BT,36041689
918029A,36041694
918008A,36041701
918035A,36041761
917775C,36041774
918035AS,36041902
9111111a,36044209
916137JD,36044496
918048P,36047505
918077,36051781
918166,36051800
918118,36051801
917845,36051808
91506Jojo,36060697
91144977,36066841
91138054,36066876
91125712,36066900
91125670s,36066915
91111801,36066922
91142947,36066935
91113577m,36066949
91119078,36066992
91143604,36067003
91124662,36067006
91106363b,36067032
918104_lcps_org,36080520
919148D,36086641
918204M,36122399
917640P,36122402
918022M,36122404
918170A,36122409
918149T,36122410
918024T,36122413
918167L,36122414
91718jm,36144957
9122bulldog5678,36167780
91819jm,36173594
91115005,36236168
91114462,36236443
91114440,36236445
917928S,36257271
918019G,36257273
917841M,36257274
918055H,36257276
918177M,36257277
917769L,36257278
918172D,36257279
918140C,36257280
917977E,36257282
919014M,36257283
918224J,36257286
918176C,36257300
918231W,36257304
918122E,36257429
918219H,36260301
911607C,36260326
91114309,36264490
912260A,36266196
91120775,36276553
91115865,36276999
91140720,36277085
91099343,36277089
91114075,36277109
91114479,36277114
91113942,36277115
91109390,36277116
91114871,36277117
91140369,36277119
91114224,36277122
911114308,36277135
91109114,36277145
91140396,36277150
91095960,36277160
91113957,36277242
91110284,36277243
91115031,36277249
91114412,36277297
911oreo,36303617
91234510,36421193
91106368,36663257
91111843,36663493
91113966,36663944
91109780,36664188
911109114,36666728
9114072,36670497
91113057,37420796
91107408_RETURNED,37446914
91898,37471829
91506Jojo4,37504022
911_Memes,37504417
918xdanx918,37517352
91107722,37599556
91146324,37675293
915ojc915,37710059
916ztc916,37711530
91121844,37887643
91144188,37887714
91140740,37887747
91108998t,37887857
9110851,37888184
91107476,37909413
91110581,37952859
91134371,37953084
91506Jojoi,37965955
91savage569,37996488
9114412,38051013
91107323,38051133
911407,38051300
913476,38102325
91115697,38111744
91137842,38111760
91146555,38111806
91115902,38111807
91125948,38304537
91121005,38304658
91121013,38304815
91119912,38372489
91105702,38376246
9174-jinny31,38389237
911393113,38463777
91214,38511325
91202,38579548
9112unicorn,38588967
9105473289,38726131
91125258,38776754
918867,38854328
911310,38891829
911hello,39005996
9192432913,39010897
913427a,39163171
913939,39163190
918799,39163341
913473,39163388
91060004,39174314
912260,39215574
91107293_,39227333
916474609,39306545
917044a,39458514
913896,39459913
91129882,39476693
91121908,39476756
91134794,39476786
91124098,39476814
9137131026,39499776
9133s,39559782
91126595,39593534
91123128,39593560
91124283,39593618
91105188,39593647
911356,39593683
91143076,39593713
9110099,39599799
91147626,39603874
91146863,39603893
91115930,39603948
917741,39646099
91t,39777714
917581,39793697
91107264Alt,39817729
9112000,39952857
91107289AF,40274985
91000dev,40286702
91937pai,40300540
911dev,40312887
91889SMY,40385851
91994mkums,40427684
91886mkums,40430412
91389mkus,40439571
91997mkums,40439595
91CreeperPlayz,40477345
91125497,40510695
9191717175,40519576
91stMobileReconCorps,40606431
9175276763,40677561
91131056,40680662
91117224,40680675
91135659,40680679
91127878,40680692
91122607,40680695
91129756,40680697
91142478,40680700
91127855,40680728
91133694,40680735
91124761,40680743
91127281,40680753
91124658,40680754
91121269,40680755
91124635b,40680766
91125388,40680772
91129756b,40680783
91146315b,40680786
91124635c,40680796
91127546,40680840
91146315,40680849
91121269b,40680868
91130303,40680995
91127775,40681028
911158900,40683119
91121269bn,40706838
91143003,40793594
91121269bnj,40795219
91765,40927044
91101904,41059844
918dolphin,41061083
910487,41062408
913156697,41136767
913169455,41174769
91064,41200957
916258,41276281
919990,41312692
914203,41316700
917116,41316716
911918,41355417
918604Ariella,41360450
916787,41393059
91D,41476522
91and91,41546756
913416,41695496
91192238,41734472
913dan,41788177
917979,41817391
912576,42343918
91506JN,42437052
9142291,43768603
91windforce91,43783193
91burcu91,44145002
91127394,44294003
91095426,44503585
9181992,44524383
9104214chlo,44524437
91J,44533980
91098509,44574339
91109118,44574365
91207,44978401
912487530_sub,45084812
911_emergency911,45089422
9184387,45765507
91130654,46098563
91125985,46098718
910741,46304319
91127594,46426208
91127331,46486414
91110111,48825001
9134648,49601413
911WatsUrEmergency,49823864
9180236,49913043
9182900,49913044
9178797,49913045
9180215,49913046
9150750,49913047
9179985,49913048
9162744,49913050
9183479,49913051
9179907,49913052
9179966,49913054
9179779,49913055
9179929,49913056
9189419,49913057
9171572,49913058
9163820,49913060
9179818,49913061
9184937,49913062
9163669,49913063
9179944,49913064
9181655,49913065
9186231,49913067
9180042,49913205
911forkitties,49922933
91k,50066386
913410,50081633
91142807,50117742
91113984,50119025
91137894,50120166
91_,50142568
91Gillyweed,50304792
919159f,50332667
917857f,50332672
917718f,50332673
917822f,50332675
9198825,50335490
9191525,50335491
9119594,50351195
9194944,50351201
9111363,50355523
9198065,50358845
9197835,50358849
9186455,50358855
9197385,50358857
9184715,50358858
9169431,50380800
911-,50410167
9123456709,50429699
91136330NR,50433846
91137076NR,50433847
91127835NR,50433848
91127753NR,50433849
91130826NR,50433850
91124826NR,50433851
91119050NR,50433852
91128035NR,50433854
91121019NR,50433855
91121634NR,50433856
91122560NR,50433858
91147146NR,50433859
91130044NR,50433865
91127508NR,50433866
91128101NR,50433867
91126685NR,50433870
91128770NR,50433872
91127912NR,50433873
919894f,50521641
917847f,50521644
918673f,50521647
919029f,50521662
9198915,50522473
9198815,50522474
9198935,50522484
916_marvin,50537130
910kawiiyay,50579255
91143360,50740142
91140814,50814168
91140983,50814182
91140911,50814198
91134448,50814316
91140812,50814343
91140791,50814360
91141022,50814405
91141037,50814426
91138956,50814435
91140896,50814537
91141957,50814542
91_24,50819415
919892m,50860462
919562m,50860464
919023m,50860467
919026m,50860469
919027m,50860470
91073423,50938499
91120645,51064437
91e,51081175
91moose,51226730
9139962,51663802
9139962ZL,51664177
9139978TF,51664334
9183875,51807254
914358AB,51977996
911mad,51981299
9157837,52132034
91134376,52154033
9130354,52230441
910556,52238995
919293949596979899__,52495486
91144423,52548890
9122114627975637,52726667
910-stem,52750248
91788148,52778411
9107horner,52804638
911facts,52830383
916jay,52925087
9119800938,53093565
9183292667,53179292
913Productions,53555311
9175543434v,53711217
910DO,53872900
9125007,53911689
9193292,53911690
9184693,53911707
91135922,54093843
9112808,54100305
91138280,54143190
913208,54200600
913154600,54388788
91645,54609548
912159,55589176
9121591,55589879
910872,55637856
91and819,55849365
910872evan,55926462
911320zak,55990317
914494,56182924
91luke,56195147
913193,56197171
919193,56222754
917700lcps,56881689
91x23,56931746
91820joshb,57189005
918781,57232921
91831CE,57299016
9131466,57329378
91123113,57993160
91rainingtacos,58212041
919445,58618787
916588,58817622
91090650,59089090
917000957,59124608
9184868,59243339
91141550,59393252
91179,59583682
91872_6SH5,59720404
918022,60430804
91146420,60589713
91incredible_oli,60795614
911jlhtrghoifbvjlrs,61408401
912676,61476243
911Kitten,61477376
91146834,61502078
917ash,61601555
910673430,61781328
911_Is_Here,61879410
9174928,61918151
919h,61966542
91i7ch_Kina,62009762
91271,62076985
91090,62178668
91108984,62187160
91910691,62225470
91892CH,62321392
911099ERROR,62704067
91137485,62758162
91144135,62758202
911come,62924217
91146835,62948974
91140814_Test,62976298
919931,63247995
9123tiger,63274522
91136986,63381742
91113732jg,63385323
91c,63430359
917824lcps2026,63512719
91144056,63513456
91N,63602931
916670,63607486
914482lcps2026,63622258
918271lcps2026-,63622462
917312,63626165
913395,63663769
9155Ammaar,63669294
9199098,63704148
9152Maida,63718369
9102Hudeifa,63718372
9162Mohammed,63718422
9160Mohamed,63718430
9171Suhaylah,63718522
9178Sumeya,63718524
9114Zakaria,63718542
9191Mahida,63718547
9116Aisha,63718673
9112Sufyaan,63718682
9156Aisha,63718838
9194Siham,63718841
9145Abdikani,63718843
9120Muhidin,63718850
9129Nesri,63718863
911menr,63760207
91Steve,63818606
916527,63818720
91Rowan,63820650
91Tristan,63820725
91825960950,63885766
910473,63906860
914259LCPS2025,63943571
9199414643,64006916
91reddog,64169271
91142646,64236478
91141864,64236646
91141520,64236765
9114285,64236869
91138148,64239547
91141574,64241682
91142857,64244492
91129203,64253362
91141,64299613
9182039123,64346562
9136715484,64691197
911kid,64781036
91848,65000882
918486,65046423
9184868__Backup,65047987
9184867,65048691
91140858,65064032
91139843,65217659
91139843p,65218217
91143816,65282355
911cooperl,65294127
911911911911911911,65311138
911juanjose,65486959
91128456,65811362
917duru,65965338
919555,65970382
911popo1,65995463
91502020,66005005
9145Ninja,66040246
91139686,66139441
915554,66345696
91and819_TEST,66500346
912-HAS,66611741
911-Police,66999237
91-DIVOC,67018713
91i,67122817
91147133,67166731
91207_R2A88,67180749
91194ts,67807539
91188bd,67807695
911plane1,68277606
911sb,68313482
9176761487,68446876
9176761487EM,68447163
9195239,68457583
9186276,68457586
9163913,68457595
9182888,68457603
9192377,68457867
9182893,68457871
9195380,68457873
9180359,68458254
911coolcat,68745114
91368,68755475
9103940,69086273
9109tigercat,69266173
911-_-aa,69359286
9119595,69361733
911whattheemergency,69372084
915TIRTIR,69398640
917zsn,69664160
911makeup,69761766
91GT3,69797332
910as,69820533
91mustangs2021,69843964
91011f,70036862
916959,70037814
91UniDabSisters,70051901
91921,70057713
91_camelslike_Linder,70346082
9115P,70359211
918951,70491801
910119a,70493045
913560,70493604
9194488ayana,70651893
91191191191191191191,70705587
9105792pas,70841879
9168674,70843644
916322,71045349
914121rj,71045396
914121rjj,71045993
91g,71065642
915_Mayren,71250639
911abza332,71441603
91lukeALT,71468706
918221,71579626
9112341,71739173
911Dispatcher911,71772008
9193662,71868335
91merve,72232015
91182,72319408
911_STOP_THAT_FISH,72490203
9102noitcudorpEHT,72710514
9110751907,72957170
910000263,73089709
91f,73688433
91h,73744371
91827492,73805751
9111sonicsans,74001494
919526a,74142747
91v,74147035
9127716554,74490354
912Forever,74493319
9182096,74646907
919233,74872841
915922_died,75795804
911-offical,75884124
91021003,76098747
915011,76680879
918094,76946469
91y,77020415
91l,77390988
918-2021,77391166
91m,77406293
910993,77497671
91y339,77605989
918196416191,77888678
914T1,77984949
919857,78094683
91222,78095142
91466,78235146
919192349,78542402
911openup,78866121
911-GameMaker-911,78927736
911policehaltion,79127714
91179alt,79160185
91015700049,79477819
9189duh123,79873088
911_Noob,80203835
91s1stem,80313960
916s1stem,80313965
913s1stem,80313967
919s1stem,80313969
917s1stem,80313970
918s1stem,80313973
911s1stem,80313974
914s1stem,80313980
915s1stem,80313981
910s1stem,80313984
912s1stem,80313992
91and819simp,80357451
919Rockstar,80409024
91432mb,80444648
91437aj,80444655
918090088989,80537243
9102346,80600128
912co,80653898
916GW,80655989
919955,80668810
918522,80703737
918295,80725720
911SAKAMOTO,80792397
910750,80872658
91s,81114618
919363,81524314
917803,81524882
916684,81524963
918093,81525205
911ino,81583492
918033,81594854
9119555,81596052
9168591,81650796
911omar,81978698
9181103,81995305
9181117,81995385
916628bg,82170415
914821,82170468
910020,82170630
915681,82179702
915897,82180873
912743d,82266064
911j,82268530
91430sb,82273374
910dance4lifers,82429718
913180PT,82501656
916390JW,82872571
911-at-your-service,83057829
911Vxl3x,83151089
91p,83808148
9180404JackH,84090102
9195159,84561645
91951590,84771540
91951591,84936701
917jjones,84939368
910JQK,85058388
917_00,85067308
910363,85138997
91951592,85246728
91951593,85247739
914285,85427597
919961,85433688
915174,85433708
919956,85433833
91625,85465506
911Plshelp,85492505
916124ks,85514843
919100nm,85514956
916115,85521183
916117,85521211
9123-blue,85573395
9183166,85633481
9183091,85633518
9184877,85633662
9166822,85633707
9171592,85634298
91293949596979899,85639954
916125,85668945
9129394959697989957,85706378
9107elephant,85728682
916119,85752440
91045621,85899738
9183581,85970845
916436874,86201953
918-spider,86299710
9127716554noodles,86440333
91011121314151617181,86537657
9166780,86754421
9182249,86754702
918294,86930649
91654519,87344014
9182361,87430944
91B,87589323
91U,87589328
91Q,87589331
91R,87589332
915yu,87619289
915155,87853934
911bobobo,87900725
919323,88422892
915258,88645922
9185044,88653384
910482,88665383
91369,88824695
91smith91,88852783
9153311,88913498
915258R,88919278
911_effect_911,89445108
917881L,89684639
911eats_kfc,89777524
916599,89922918
917881Lana,89929341
911whats_ur_prob,89956820
917881LanaA,90122019
917881LanaAy,90128011
917881catlana,90137237
917881Lanahammy,90433035
91test19,90514137
915981,90635248
91946892,90892809
91studios,90975664
915127,91140076
910229,91140081
913560s,91140102
910255KG,91140103
913011LY,91140255
916773,91224188
916599r,91301969
916-1134,91304162
910autumn,91507187
91mtd,91518992
91chet,91520362
911Ellie119,91577013
9164519,91722673
9186249,91728640
9188227,91728931
916714_kj,92159437
911-FatCat,92232587
91dreams,92271222
91i9wuxzhg,92595522
918spyders,92654865
91788148-2,92739142
9118SPIDERs,92739889
91halil,92777069
911Robbie,92950401
91yearoldman,93462410
9178814827052012,93517247
916714__Kj,93538347
919782,93658493
911_CARERA,93666911
91and695,93667936
91cats_,93831198
91ii2-globo,93985387
911GT3RS_675lt,94229700
91788148_animation,94330161
91788148-4,94909500
91788148-5,94983810
91788148-6,94984367
91788148-7,94987533
91788148-8,94996300
91788148-9,95037565
91788148_isnoob_bad,95143379
911GTS_COUPE,95281335
9151f,95284373
916yagmur916,95339834
91111292,96659786
9191121nikol,96665299
9193456,96680047
911PorscheGT3RS,96782471
9152f,96855005
91rehctarcs,97035243
911_whatsUrEmergency,97329048
9119sa,97722819
917487,97856228
9191911991,97970647
91st_psalm,98024846
917ldc,98257365
9191unikitty,98257822
917ace,98294436
911-lol,98313156
911bobbie,98337355
916-1134_2,98412637
911babypenguin,98700508
916to,98852969
91029,99063173
911girl_hi,99137243
911wasntthatbad,99886695
918-P1-LaFerrari,99890096
916-JOQR,99932281
9102F,99982587
916167,99988566
918160CL,100207028
91166Jack,100235052
914658,100409387
917139ja,100654211
915756,100655816
911434,100717670
9112012ad,101109515
91817Rozemarijn,101348825
9123-3219,101907753
918nitsuA,102290040
912332109,102799830
911red,102917161
91gl2029,103033616
911Reds,103079351
9110999,103448384
911-FIRE,104189854
91whitewheat91,104343118
918969ki,104469871
91334pixzzah85,104665789
911helpmeimshift,104964422
911whaturemergency_,105087108
911whALTuremergency_,105179574
910149W,105253685
911isnotokay,105300765
913bluepanda,105477761
913193_Skylar,105478379
913193_SS,105478467
913067,105478740
910112991,105683264
91102Jbillings,105867983
91090ALTACCOUNT,105994501
910dolphin,105996096
915dolphin,105996168
916dolphin,105996260
918dophin,105996306
911dolphin,105996372
917dolphin,105996675
913dolphin,105996720
914dolpin,105996740
919dophin,105996786
91asmarlidins19,106219986
91411wh,106275869
915405,106278908
919027n,106278935
911651,106278938
915250,106278943
916428,106278957
915716,106278965
916381,106278968
916397t,106278976
915143,106278982
915786,106278989
915897m,106278997
915478,106279003
915698,106279019
916439,106342698
912738,106430936
910wolf,106918740
9115rr,107190136
91747501,107629190
91retsamojoD,107650173
916528,108880583
911wasreal,109560043
914243,109629131
9191929,109689405
911isnotokay_isBACK,109782793
91fossa,109788949
911_Z,109870170
911_emergency_,109933050
91wolfteeth,110017161
91hushnap,110037716
911671pdsbnet,110221890
917541,110620545
910daliacat,111715293
910daliacatt,111715824
9182228s,111759534
9182245a,111888274
9169151t,111889875
9192495,111973817
916110,112096279
918995,112096355
916560,112096365
912811P,112096376
917541A,112096389
913096,112096406
912659,112096420
912464,112096430
911395,112096436
913027H,112096471
918895S,112096497
916702,112096525
912297,112096640
912739,112096649
911Redst,112408108
919293949,112413037
9182329s,112615136
9169151s,112615169
9182291k,112615359
9192541s,112615378
9191956,112674968
9182330s,112815586
911carrerafan,112896338
918436,112942085
911658,112942115
911436,112942120
915558,112942124
914387,112942156
9122013,113028803
91131,113342891
91i22Y,113722184
918427251,113916654
914402,114345772
91ignacioi,114855771
91ILE91,115913691
910DM,116304518
919kai,116424588
911arab,116507021
916Games,116698961
912best,117112977
915GOoficial,117126947
911DoGeCOIN911,117644943
91764,117821851
919dragon,118333018
911BV,118414570
9105-chambers,118649906
91footy01,118697380
91DEM6,118931381
91DKN5,118949133
91amogus628,119161075
91265804,119201397
91710598,119201399
910535,119241696
910GamerElijahpro,120161810
91291,120547608
91622,120675136
91522,120675210
91598,121124105
911ek,121442074
911Whatsup,121735482
918spidersuki,122284485
911callrip,122378378
918992,122398083
91258lr,123038293
916m,123570879
911DaFBI_WasHere911,125207081
912b9,125384283
911call1234,125453672
91876,125462949
919808,125572663
911kato11,125652453
918952,125774639
912_Alternates,126159153
911whatsuremergenc,126295773
911call1235,127229197
91233219,127343466
9152Davenant,127475830
918732,127578868
911bbc,127786492
9103f,128388147
91279EG,128716041
911TRAINS,129428437
910_-_,129677688
915720024,130650462
915720010,130650731
915720018,130781570
91-komugi,130863374
9103scratch_teacher,130975319
912383,131328275
912wolf25soccer,131374148
912383-2,131483153
911200987,131618890
9164405,131873162
911527,132665072
912522JC,132853950
913910BF,132853982
916440CJ,132854007
912528OK,132854035
912529AL,132854048
912115SM,132854061
912531CP,132854070
918324CT,132854083
912538ET,132854144
915436MW,132854164
911BELLA911,133287324
914OM819KT,136239100
91918391,136401155
9147233,136731925
911-ky,137228146
91000000,138499472
911INCIDENT25,139093194
9151f_SUB,139564445
