8765er,118028
8778kami,137978
8759,145972
8786,145998
878,153468
876,187071
8745,353363
87green,358471
879,358518
8768,377300
874,385270
8772,428601
875,556384
871,605641
8787,610901
87tommyj,612344
871019,622359
871009,622369
871107,624584
87977777,638540
87960328,643630
8714751,643655
871010john,649191
87668027,654992
87667707,655005
8797,659506
8778,684048
870902,685539
8712367,685567
870913,687532
871117,729767
87JJ,735610
871025,739215
871223,739284
8712649eb,756966
876966212,788429
871228,846577
870212,899036
871026,902944
87112100,903807
877251660,1004906
87451332,1010353
87507,1024146
87725160,1051170
877024944,1077319
872421059,1102449
872074085,1110635
877837080,1204334
87022271,1212642
877704478,1233213
876tyuh,1237916
87iron,1275338
870220,1299073
8705,1353708
87875487,1753885
876295496,1828886
8723pcjerk,1858160
8711,1910759
871559,1931306
872,1931968
873465381,1989306
87oscar87,2040425
870384439,2057816
870517james,2210777
871067625,2329873
8787487,2358871
8774,2513404
874434,2521605
870014,2530300
871ily,2592202
8765ok,2621240
8743,2679937
87765,2689000
872367287,2735082
872692845,2743405
87117,2759121
8769,2783906
877241,2816363
8769534,2827674
873220,2871458
874546548784,2899057
8788,2978724
877259,3033603
870404,3039855
879586,3064578
877905,3067291
87bvv,3109891
871312982,3132702
877744588777,3237331
87123,3269330
87Oscar87_2,3275795
87Oscar87_JwoShow,3275822
87stefan,3339106
87ethan87,3424144
87Spartans,3471093
8786958695869586,3484602
879972,3492696
870690,3508033
87535,3563562
8787mmmoooly,3649751
873639,3778796
879854,3815682
87HWS,3974099
876653,4142193
872689,4142201
875251,4372579
876a2,4468547
8787sidney,4519681
874788,4829205
874789,4995750
87878acb,5031148
87406,5312108
873821,5570294
872488979,5888158
8754,5891754
8795367865,6156490
871089,6797842
871091,6797946
8791600677,6851078
8723,7278840
8751,7455940
87446,7784614
870,7889758
877,8139076
8795ty,8280016
871192i,8644982
870827,8930444
87catman,9627012
8745480443,10123190
876539254,10123996
87942,10273480
870704,10819522
8742,11017718
876993,11123616
87henrybro,12197184
87gronk,12299710
879MaxG8799A,12550704
8757edictum,13050064
8746edictum,13050138
8737,13738889
878389,13944784
873,14021635
877IKel,14042171
87wyou,14200684
877Jana877,14213202
876015,14476595
8765GMC,14557602
8721,15146483
877004,15600364
870655,15707749
879323,16296704
877dimond,16316639
87425,16419814
87Y,16780050
87i,17183929
8739,17281565
87777,17322364
870212450,17750217
876rodo876,17762215
87719889,17894550
8719012,18028205
87784crowleyisdtx_,18094225
87378,18118095
87588crowleyisdtx,18118198
8712962,18176538
8708219,18176576
8756-_-_-_-_,18207484
873367,18293880
8790amazing,18298193
879017,18321711
8782cvusd,18331839
8775cvusd,18350744
870870,18355041
870304,18361528
8787aa,18375931
8774cvusd,18378004
8796cvusd,18378244
8739cv,18428028
8791cvusd,18439021
8772cvusd,18439430
8789cvusd,18439438
8797CVUSD,18439807
8719cyp,18463501
8719cvusd,18486449
8712cvusd,18568041
8793cvusd,18568053
8794cvusd,18591494
8788CVUSD,18595911
8786CVUSD,18595913
8798CVUSD,18595920
8792CVUSD,18595926
8779CVUSD,18595927
8771CVUSD,18595929
8721CVUSD,18624564
8719135,18633706
8720cvusd,18660638
8766cvusd,18689041
8773CVUSD,18749835
8799CVUSD,18749848
8784CVUSD,18749850
8777CVUSD,18749857
8776CVUSD,18749858
87118711,18753229
8719cvusdcy,18772143
8719cvusdcyp,18772249
873117,18792323
872319,18792336
8719cvusdcypr,18797820
8719cvusdcypre,18799952
8719cvusdcypress,18800115
8719cvusdcypresscubs,18800301
876566,18942069
878631,18985857
8727125165,18993726
8793379811,18999051
871261,19184610
8714492,19208932
8761917443,19210323
8776546233,19227336
8735641673,19227341
87006,19285888
87082,19285918
8796579439,19318085
8709739,19381678
870015,19509532
8724939,19610806
8748385379,19623838
8792brosc,19639375
87k,19731556
87CUINNGoDDLyTrEx,19740902
8737455125,19925096
87487548,19958360
874702,19983674
8700258,20089212
8724697,20132543
87768,20170078
8723424,20181426
8714501,20181470
8713328,20181474
8721030,20181545
8719941,20181635
8723039,20323819
876628732,20616704
87j,20756052
877421,20937112
8724102,21054453
8706889,21093213
870xpr,21100776
8706074,21121132
8776619,21142052
87dragon,21380507
87s,21387678
8707cvusd,21388775
87GRONKDOWN87,21458729
8794899828,21517822
871boran,21614663
878524,21690499
87peggychen,21781549
871010,21911844
87139,21961601
8765356,22016065
8704144,22116781
8717534,22255952
8792638155,22275340
8721455,22275495
878egusdf,22283757
879677jh,22322567
878432acp,22415625
877615,22419059
871250,22663673
87202pc,22956788
8703563,23029701
87r,23219419
875117,23223053
876266d,23276637
87jie,23292680
87Trolling,23357514
879023,23538820
87xan90ianyay,23948280
87etrn,23959721
87P,23960856
87312,24040827
87427724,24066702
87239824,24118632
878787an,24206072
879-0,24221670
876876876,24307017
878796,24467233
873017,24479459
8745porout,24743139
875731,24750905
878523013,24863180
87TAMA,25059641
87451sweat,25093493
87425sims,25093561
87487,25093586
8772depopulier,25227974
871693,25233824
8715914,25282231
8721493,25306549
8708899,25307037
8721649,25307078
8716798,25307228
8719578,25307407
8714004,25307502
879357,25307662
876093,25307663
876181,25307666
877867,25307667
874688,25307670
875045,25307676
871116,25307679
876787,25307680
870323,25307681
8714446,25311015
879358,25320127
876736,25321362
877322,25321365
878405,25321368
874683,25321377
875064,25321379
876386,25321380
877484,25321401
874915,25321403
877094,25321405
876496,25321407
877486,25321408
877043,25321409
875505,25321412
876534,25321420
878776,25321429
878465,25321435
878525,25321436
875298,25321442
877105,25321443
877059,25321446
874795,25321447
878464,25321450
875516,25321451
879316,25321452
875074,25321455
875799,25321466
875958,25321473
875920,25321476
877012,25321478
876965,25321480
874539,25321485
878420,25321487
877479,25321587
876208,25321588
877503,25321589
876898,25321591
879429,25321594
875593,25321606
876636,25321608
876826,25321611
877885,25323921
8724670,25328413
8722167,25328423
8719052-,25328424
8715757,25328437
8721408,25328446
8721862_1,25328453
8720630,25328463
8718741,25328472
8704785,25328477
8724726,25328502
8709434,25328533
8724531,25328588
87Unicorn,25363577
8720619,25390297
8724859,25390871
877840,25394135
876348,25394141
874086,25394146
874082,25394157
877841,25394207
875471,25394214
871998,25394216
878092,25394218
873947,25394228
874192,25394251
875684,25394252
875403,25394254
876356,25394263
877315,25394269
879364,25394270
876517,25394272
874589,25394273
878071,25394275
875259,25394276
874760,25410970
872234,25410980
876145,25410983
872019,25412052
879433,25412098
874941,25412111
877842,25412587
8728is,25413295
877497,25418620
8708521,25423407
8795674365,25450788
874261,25478421
870061,25478474
878723,25478486
878077,25478631
8763264757g,25532544
8719202,25541362
870785,25578331
87champion1117,25600933
8721121,25604475
8717653kittycat,25604479
8714841,25604482
8713615,25604507
8722515,25604560
8719491,25604582
8718675,25604648
8714501v,25604759
8704536,25605044
8709999s,25649040
8714btha,25667036
8764611981,25677133
871124,25751640
878523013Mb,25907649
8793379811H,25924507
8717653,25968489
8713299,25968614
8773144371,25974938
8716395866aa,26081596
87imcool,26127409
8724454,26161574
87t,26282020
8744966857,26336286
8787sdgf,26392316
875209,26435826
879270,26435828
877432,26435837
877814,26435841
877198,26442898
877198Kr,26442929
878627,26491953
87717,26530395
87228,26565519
87ar_Yee,26588950
87887wel,26637900
8797492,26734842
877666679959,26910711
87852,26948529
87847,26956795
876504IH,26956903
87e,26978292
87668,26983444
87GN,27080992
8794323,27103957
877798,27172463
87798REI,27234306
87011234,27242832
873_the_winner,27251022
877241LUNAAA,27278889
87871nol,27377709
87154,27413626
875turtles,27522837
8787656,27527705
87n,27533303
87thebunny,27555168
875021,27566162
878523013MBmb,27570085
878859833,27609501
871851,27786652
872324,27786671
876088,27786691
879304,27786710
873318,27786776
878523013MBmb878,27950730
8720302,27989152
87231112,28012075
87906,28279839
87741,28395217
8797239,28474369
8765335,28474401
8794671,28474410
87731185466628830563,28564843
87667,28639711
8724206,28680294
8722891749,28823233
8751576643,29609366
878-,29692745
8765678,29694196
870424,29935859
87559,29972947
8732ray,30083303
8768joan,30083313
8718FloorOtten,30083326
877381,30176362
878406,30188723
878666878,30566128
87559chicousdnet,30597237
87989,30634133
8765trgfhyu765r,30640983
874610,30671018
87a,30718260
876074,30956106
87740lr,30979605
874kcryt5if4opeu7858,31048646
8785757128,31049210
879267Ep,31161825
878907,31215576
874686,31219327
877495,31219759
874659,31229350
877117,31229359
875213,31229408
879523,31229457
870712cc,31278890
87078501,31813982
875skydiver,31900063
87yhyg,31924517
87-Arago-Pasquet,32025365
87PanDaBeAR,32038779
8787qby,32089032
8744684274,32127495
874477,32247894
879202,32251945
87jmhgfjnynj,32254399
87532r458754342,32254420
87thenunny1234,32254903
8788887,32299276
8713555,32336494
874107,32452292
8745ghk,32533953
87HamiltonA,32558152
87crosby87,32598017
87_WEK_,32632605
8763762173,32871684
877192,32952311
8794168,32987186
876548riyfh,33380487
87fish,33388024
87islife,33448770
877015,33514595
870test,33592782
8787945,33597214
8786562827,33620142
870423,33695495
8742_Art,33707991
873847,33892185
87DigiKid,34206324
879003,34280227
877NSY,34381152
878978798798,34502307
8732696515,34554990
8735641673MJ,34555065
87sewerkitty-1,34568072
87-sewerkitty-2,34568101
870code,34639917
87754hfgdjk,34642619
87638,34656311
873377,34656325
873378,34656358
87balooscj,34739670
870emw06,34764588
874478,34905582
8790105,34910444
8749415,34910519
876908Reilly,34945786
874489,34946835
872482,34946842
872390,34946843
8793585,34952573
877883,34953348
87449668574,34954137
870590,34992711
872352,35003045
874660,35024563
872497,35024907
876687,35043138
877842s,35095966
873252,35099372
872234s,35107367
876145s,35107375
874760s,35107479
877497s,35107480
87419,35123224
87jay,35132178
8736414159s,35134978
87290001,35142388
871877,35228554
877037,35234830
878532,35234836
876205,35234848
877130,35234851
876095,35234893
874049,35234913
876067,35234922
875369,35234924
874452,35234940
878471,35234943
876682,35234965
875927,35235044
8760672,35235237
876790,35238945
877651,35238959
878264,35238974
879139,35238986
876766bs,35239003
877632,35239004
877292,35239009
8728417232,35250799
87slesmanatees,35270226
876779,35294786
877417,35294787
874279,35294789
877637,35294791
874789sp,35294797
874060,35294798
876166,35294805
878629,35294818
875941,35294821
878135,35294822
8704329,35297166
876078,35300429
877705,35300457
878947,35300501
874973,35300530
876928,35300532
877124,35300533
874968JW,35300534
876256,35300535
879452,35300546
875750,35300549
878749,35300584
873956,35300884
876936,35304732
876817,35304742
878363,35304779
878572,35304782
876195,35304784
877425mh,35304785
879373,35304789
875997gk,35304792
877658,35304795
874068,35304797
879415,35304801
874976,35304809
876828,35304821
874904,35304833
875414,35304843
875118,35309716
87034,35343469
87159,35343687
87034c,35344884
87074001,35345774
87298001,35345820
87159001pf,35346078
879067,35417926
87871vv,35436132
870661,35469052
876vaa,35497365
875302,35565364
87imagine,35567115
87737,35605323
876677,35605814
87270r13,35608850
8718847145,35635785
87654catdog,35660550
8778854,35680950
87g,35734913
874181,35735345
875873,35735923
87a4XAUQ45,35781239
87nathwhit,35782430
872458hw,35801129
878798,35817699
87224,35925272
875112EM,36044519
875121K,36086621
876879A,36086657
8742-R,36244815
874541Jameson,36260309
87F,36298243
877emichan,36331455
87863yg,36660248
8720313,37230820
87668764568798,37389925
8769244,37563739
877mda877,37650404
878996,37671753
878148pennie1,37867177
87957antman22,37890085
8724070,37948972
879273,37991385
872897,38107018
872897g,38112331
87213612873,38112871
870933,38276470
871566do,38330902
87tigar,38429371
87992chiarot,38432924
879169,38489031
8717566,38527618
879320,38615699
876039,38854496
87968796,38869899
8793379811M,39218078
879800,39294764
879805,39294822
87178001,39420292
87039001,39420393
875079,39447429
875926,39458573
87tigar23,39460880
87049001,39470085
87-Ramirez,39471202
8765fred,39582476
8749285,39591767
878794875,39622063
87293842,39824161
875487,39893403
875743Hillside,39893569
87z,40059814
87d,40134874
870116,40170055
876389,40176321
873cem03,40427778
87161mkums,40427813
87196mkums,40427842
87614mkums,40437647
87910mkumss,40439636
87910mku,40555062
879511,40581856
871741,40593380
877971340,40638356
879363,40666237
87Dillon78,40998306
8735641673M,41054114
879363freddy,41082874
87017mkums,41093544
878015,41176926
873917,41176953
878923,41271696
877120,41271727
876814,41271728
877026,41271758
876869,41271789
874895,41271801
873770S,41276107
876758,41276199
876767,41276216
878411,41276222
874062ab,41276242
876801,41276243
878708,41276252
877038,41276253
876028,41276255
876889,41276256
876926,41276276
877780,41279083
876627,41279086
874473,41279099
876657,41279112
874177,41279113
877212,41279114
876672,41279115
874969,41279128
877107,41279146
874177jl,41279160
876842,41279162
874kittycat,41284419
876107,41310253
877529,41310281
878669,41310291
876084,41310293
876110,41310301
875242,41310304
879118mn,41310306
874039,41310308
878738jo,41310320
877302,41310322
874885,41310323
874423,41310332
874922ms,41310344
874423bs,41310402
875088,41312691
874140,41312708
876937,41312719
876750,41312731
874964,41312733
875666,41312734
877128,41312737
876130,41312738
879684,41312740
876143,41312743
875944,41312747
874471,41312757
876851,41312762
876834,41312776
876876jr,41312825
875762,41316674
874150,41316686
874415,41316688
875384,41316689
877490,41316691
876771,41316693
879201,41316702
874162,41316713
876823,41316725
875762gl,41316759
875376SP,41316792
878954,41316824
875277,41316883
879101qh,41316890
874761ktg,41316948
878787877878788787,41369905
872295,41426141
877076,41428373
875343,41435360
878712345,41493152
87skr69ugly,41528383
87O,41566955
876ertugrul_ERTU,41568302
876861,41682021
873017zh,41692313
87t7,41779276
87gh,41787204
87hhm,41787283
87085mur8,41854609
875275XD,41945813
8797654321,41979946
873ewd,42314486
87452AP,42437033
87340BG,42437038
87680XB,42437041
87401AL,42437053
8748928CAM,42491081
874514ks,42491092
876184BN,42491196
874603AM,42491227
87085mur1,43761250
87049002,43873501
87216001,43873636
8737545582,43913093
87h,43979117
87680,44234353
8759k7,44930861
879530,44965992
87uhdshbsd,45072787
875-ty-goldenshard,45770966
87d74746465,45934188
87y87ftynuyvfvg,46302706
87racer,46544699
87u,49649121
876543212345,49949712
87687564,50033038
87Gillyweed,50304784
876325,50332975
877087,50692356
874547,50692381
8737momo,50882898
87767,50884466
87988jl,50940652
87272ht,50940653
87Eric,50999303
876954,51048417
872418,51283159
87bobster4,51325039
87bobster476,51325247
87bobster4766,51325340
8716714,51330234
87717_Test,51978924
873687,52249668
871595,52249735
87Scratch,52391886
871412,52397727
875193,52510578
877619,52543461
876542234,52815686
8743cmartin,53111061
8787spar,53211026
879834452,53231800
8785486612P,53650515
8718837264V,53711190
875h,54201207
876tomo,54232185
87x,54492683
879598,54693954
874652,55445379
8759861,55589736
87Smith,55694979
8789i8,55718424
8707-He-Schueler11,55774174
875185,55877508
879r5g6hivbh,55888020
874791,56130917
871445,56197151
871248,56197197
87dsmith,56330716
871976Scratch,57101258
877422,57261234
872584,57261272
876543210987,57286874
87219HM,57299015
87050DB,57299028
8701MJJ,57417568
878LaneyBugDHR,57532840
878faminja,57878745
8715DJ,57977368
87777777hi,58448566
87Maple,58651639
877drumroll,58758757
876692,59499435
877464BG,59683365
878689JP,59685309
87777777777777777777,59700327
877464_BG,59827534
87441,59974887
8765432Dog,59978303
874536045,60306370
87Eric2,60537825
87712,60595206
878029,60637040
87strawberry3,60668242
876tfvmkliu,60758192
870453,61849998
87w,62251771
876j,62251796
87159AT,62321383
87pghv,62424137
8714MrWong,62549985
8705f,62630228
87878787Aarush,62692494
87561200,62734301
87nobitti,62750172
87caticorn87,62791669
87Studies,63133069
87PES2025,63301988
87PES2026,63302161
8797895,63441251
8797895alt,63501780
876steelix,63551706
874765LCPS2026,63555412
878244lcps2025,63613586
878717lcps2025,63615162
876830LCPS2025,63618060
874274lcps2025,63622109
879326lcps2026,63622295
879941,63633519
87777877767788,63659002
878159-LCPS-2025,64002642
87hvf,64107822
8700542698,64319699
879Gaming,64364669
879caginruzgar,64409856
87zeynepn,64410200
87pilots,64486346
87987BookReport,64635801
872600,64640184
872640,64652949
87camijone,64678206
876200,64692401
870493,65018088
87c,65083894
877-cat,65142552
877BP,65222146
87499843nob,65455181
878AS68320,65455898
8734184,65621650
8764359,65907987
877634,66136550
8786Bookreport,66234845
879oiyhjluoty,66386034
87fgrtr,66458763
878545,66497596
871-HAM,66612440
87636565488,66888221
876unicorn,67075910
87848788784878,67934858
877-5g,68094898
870-5g,68103370
876-5g,68103519
876_5G,68103836
87Nachos,68136624
876990,68172712
87c_Test,68253305
8758645,68394684
879846161,68425864
878d,68574713
8787879654336,68597240
8703636-philasd,68638104
870000lw,68718262
87DOGLEASH,69143331
877jam,69271662
872056,69333100
8776677676,69368056
87xi768876,69439070
8760035S,69578912
87_,69629677
871412-2,69679393
8766ll,69690676
8774Amelia,69750317
8751chiara,69750325
8765Reuben,69750335
8771Thoms,69750364
8793FreyaEP,69750381
8792Rhys,69750540
8751chiara1,69751608
873784785,69779372
87238957,69797491
8764Nat,69812555
87mustangs2021,69844002
8753h09,70181129
876546655555,70184511
87sidthekid,70249554
870383355,70440877
87KE-egypt,70560540
87lingling,70784396
87-,70995322
871005XD,71242377
8766_Angelica,71279709
874yeet,71387321
873AYSEDEFNE873,71505286
879778960565079589,71530674
8765409,71584809
871974,71636398
870900,71657380
87654321k,71673841
87026LOP,71751891
87year5-stteresa,72285154
871248OtherAcc,72589240
87bggggin,72649846
8787hockeykid8787,72751268
87300,72831796
871376,73540078
872372,73655674
875149h,74142661
879252a,74143924
870084a,74143979
875867,74157517
87-master,74275552
87halilcum,74447956
8779924875,74489380
87604,74606269
8720372198,74693442
872socooldog,74967025
879096,75018774
87WZ23,75308117
87999945677,75474164
878878979889787,75548788
87proReAdEr,75913643
87y8534739qt74,76082200
876382_Tala,76704592
87_is_me,76713793
8767amongus,76929013
87dogcat,76998177
876589978787,77156885
87lol_girl99,77237073
871372,77244979
87635,77249335
876123906,77281522
876-2021,77390557
875-2021,77390926
877hibiki,77437119
8748683,77720096
87waffles,77783493
8771213,78174493
876bot,78349975
8787698764,78456507
876137537657,78464948
87L,78743684
8728e79,78805798
8790HD,78977039
87530,79399278
87m,79559388
8712Jbravo,79595660
874357hoj,79687959
87tfvigyft,79891460
87_scratcher,80023054
8794389738795879587,80027803
87_78,80599120
876pasta573,80605411
876pizza543,80605495
876bacon543,80605498
876watermelon543,80605515
876painting543,80605594
876pasta543,80605595
876cake543,80605618
876grilledcheese543,80605662
876browny543,80605666
876fudge543,80605668
876icecream543,80605685
876hotdog543,80605694
876pancakes543,80605758
876cupcake543,80605772
876greenbeans543,80605795
876steak543,80605816
876cookies543,80605833
876milk543,80605859
8764pfin,80614224
872LP,80655002
873241,80669021
876milk2,80717315
87LIUCHENYU,80943956
87639,81001158
87648674w386734w,81044153
87SeanKo87,81360297
876milk5432,81454856
87-lin,81515783
879434SN,81521894
870000L,81525188
87o54yerhgq3,81555994
87q,81592757
871-4874,81844693
87326154982,81869904
876pokemon,82034285
8797486361,82174598
8712382159,82174944
8757465703405743,82188120
871589,82282820
875195dpsk12net,82346755
8767417147,82478356
876741714,82481824
873hotdog543,82486103
876frenchfries573,82486117
8748201,82718628
87hogwarz,82945138
87catcat,82989653
876-mustafa,83320769
87153697,83389407
877daikon,83408578
87ytuerhf874,83461881
8789dTobyFox,83510748
875450,83569259
87654321Maya,83886217
87_87,84017323
870-Kagan,84058679
875kjhgf,84083166
87231616,84705397
87654321myar,84800126
87164032,84954241
875450P,85133292
87scratcher_account,85418828
87657849,85505313
877121,85744431
877127,85746688
87b,85925956
87v,85926149
8772728159AB,86084386
8765376575,86252163
87231616_sab,86407246
87_ak6,86666888
8787576543576e,86676252
87h8hrf3hu8,86861486
878haha,87030618
87million,87173111
877kun,87426163
878cat,87503459
873456765,87884245
8771213sabu,88619551
87platypus,88642270
8797099322,88662906
879687968796,88693823
8795231,88834579
87r44457457475485,88923307
8765_eat_food,89104734
87927gFNEXmT7sNH,89168497
8786GAMES,89414153
872744,89436710
87C-MW,89492956
876hr,89711053
870726,89923049
877moti,89970917
87bkm,90285590
87137491837497912804,90352023
87654765,90425582
8768523670g,90722859
87eiwe,90802113
87nobita,91160270
876t,91211358
87EricBu,91258351
8712egiu,91292110
87hai,91350557
8787878787878787879,91568789
87358A8,91739383
87Ji,91864888
879583,92053066
8787kiwi,92085170
87ISTHEHE,93610039
876559,93853194
871021-,94107706
872636-,94107799
87RedGerbil,94223720
87654321654321654321,94263061
8764442,94687250
879657547,94776436
8708Pizza,94954769
8760666,95011077
87230920,95239398
877666,95560957
87gy87hgghgh,95628991
8754234721,96680466
877Master,96719260
87654765465,96721483
876543wer678,96721658
8765433456789,96802648
876668887,97007985
8748456987,97218803
87uzhgvc,97250944
879789,97501767
879rarara,97583932
878679879687,97672671
8786776867,97837748
87kingisme,97905319
8749651,97910440
8792uir,98163841
879Willow,98972145
8709269484,98975107
8734HKG,99521432
87403,99678795
87purple2023cs,99694528
8798778,99694820
878106_D,99988370
876yt5re,99991164
879240c,100009477
871lapu,100101966
873555,100207041
877_877,100467335
87thecretor,100933725
879asd,100959823
87Wolfgirl13,101041433
874115454,101219378
876543245,101311755
87banana87,101742655
87fan,101954254
8768dog5757,102295955
876866,103016399
87gl2029,103033614
87yum-lol,103114122
879693736,103184249
874930,103275844
879458794,103640767
87hg54,103823422
876tyr4y,104533919
87Lucas,104588412
877801417,104644912
873359,105253688
87dolphin,105861374
87yrite,105873462
87184,106023143
87935,106143284
87d87dwq,106489912
875575,107177546
877222stem,107177547
872579stem,107177985
87613hf,107185534
873622stem,107509862
8710acodeS,107522698
878406IK,107787085
8737406,107834672
877060,107859939
877060GAT,107860304
878years,108270102
8765322,108358663
8766gj5tuhjghbjg,108613324
876yt5re_tutor,108702037
87yyu6,108760822
876287,108840832
87385,108912315
87424,109206882
87sEbAsTiAn78,109544670
878Cash,109549687
87424kf,109617663
87thoughts,109669800
877-music,109677867
87as9,109822172
87987897,109829910
87emon3,109838071
87umjdfss,109842884
871_jp,110170477
87Emanuel,110322926
87286,110576151
8738738isgreat,111227927
876laciffo_nos,111336991
8767yuhyhj,111348500
879wam05,111683655
875chti,111708813
873v37,112250581
87h87h87h,112425186
8754012qaz,112457589
87minion87,112622127
8732ZAFLA,113199863
877419,113397006
8778755e87ditdd,113432952
87epee,113510008
87Panda46,113802030
8773150,114927235
876yujio,115296680
87sEbAsTiAn781,115965908
87-_,116174931
87075959,116644397
87DD,117391598
877978019,117552554
87A1E390,117552793
878258406,117594426
878258406A,117606418
877-banana-8nana,117676914
8756KK,117895699
877315-,118172424
87390168,118186618
877cap29,118255848
879688ec,118741821
87DRH6,118931367
87DDG5,118949177
877190yuuma,119264822
87Make,119475931
8729825wlgm4mf,120025533
87654ui,120161723
8736121,120377101
875673hr,120908916
87juju,120909854
87132___,121370562
870katkhu,121386627
87solar,122929581
87biteof,122960485
879568,123826644
879568sai,124303982
879urjegfu7rbd,124381582
8775Rese-puff,124512927
873620,125183906
87477,125388272
87615,125401201
876481M,125573587
873777r,125703356
876umm,125908790
87546785,126904423
879WillowALT,127989323
87farah8,128101106
87d2a703,128117850
879WillowCS,128173225
874550,128422463
87qh,129254902
879569,129792445
876ty776t,130200596
878161Saeed,130822128
878161,130824064
8789990,131668842
87mikan,131982121
87777795,132808995
8765vin,133910528
8764r,134077493
871gg,134516284
872268,134996845
87user2763,135634598
875_connor,135902240
875connor,135902357
8798g756f652,136551471
87483748,136719341
87tnv38btq23o87t5b,138565041
87qywiukeydahszd,138978442
875nived,139285328
8734890,139908151
