657,55749
6543210,62637
654047,87712
654321,132238
654,142844
656rainbow,149326
65iceball,163912
657909200,188655
658,213545
65639,220647
65432123456,298561
653,326527
6514984,349489
6518,356204
656569,356358
659,365368
6552329,381494
656,407670
65kidd12,421510
656565654,473443
65506,473747
6552kk,485357
6567,535616
6543213,540609
651girl,586139
654239812245453,595925
651,629780
65148,643636
65S,656406
650,698165
6517,731041
6574839201000,733843
654321jake,968052
652,988917
656457091,1062925
65226,1075469
65530018,1086853
657050891q,1087364
65432100,1119053
65186518,1121871
654das,1314899
650c,1325489
656806079,1373265
65TDOG5,1374813
654123,1408160
6565544,1801926
65_Redroses,1863585
6553eilrahc,1881927
654793240,1890342
65066506,1894320
657531593,1894606
65805,1906475
6574,1923896
656580497,1969024
65018461,1977174
65117,2171792
65402538,2261523
65208111,2308646
6511,2392874
653mOker,2420389
65maliburider,2515073
6598214,2517258
6578,2536748
657483,2541429
656student,2592120
6546,2627061
65556665656,2628972
657482,2638481
65002010,2660880
658315,2685541
6589289,2774437
654897,2862001
650821,2880832
6505,2888550
656388dps,2896931
65123,2956558
657742,2985256
651324908,3069503
6541,3096660
659332,3161968
651203,3176528
657481,3201058
65f6,3251333
655lala655,3299823
6599javaking,3323207
659720,3348170
6580,3440035
6503,3512852
6520Emily,3592019
6547264657,3594256
65985,3683721
6592638sel,3787669
65003301,4158912
65helpme65please65,4393564
654321r,4613449
656619,4709969
65003831,4761303
652295,4772621
655761,4772635
6599581,4781953
6542,4786515
65082014,4793037
654059,4953306
6558024977,4965490
65932,4972980
65436,5124272
65lamby,5279150
650492,5483058
652823,5707210
6504,5795124
65652323,5917948
658fdg,6000220
650678,6122258
65512,6250146
6534,6874068
654OGmarquis,6989304
65745,7219240
65006863,7401756
65em65,7488966
65c02,7495484
655162845,7537988
654811,7554926
658035,7710338
65_kat_garcia_b,7838958
656546,8019994
650j,8885644
65009532,9562970
65007154,9589952
65007211,9905356
65566556,10093646
65007190,10109456
65006598,10220730
65140,10630138
655,10636650
65770,11038314
65040,11113314
65k,11275134
65291,11551816
65384,11551896
65809cs,11552080
6575,11845456
6502,12101480
654114,12181386
654320,12203156
65007155,12275294
652557325672,12279280
65112,12621114
65143,12621144
65335,12621154
65366,12621168
65061,12621190
65273,12621196
65014712,12837060
65004577,12837076
65003242,12837136
65004876,12837138
65football,12870644
654123981011255,13033544
6568tank,13117716
656574,13242977
65174,13272451
6567tuck,13346357
65002225,13366720
65013837,13868472
65267,13914346
65228,13914451
65371,13920828
65114,13939113
65037,13939247
65056,13939362
65063,13939489
654321O,14211004
65760,14270900
657695285,14298361
65265,14686786
653410,14686817
65188,14686960
659492ad,14711975
652699,15604370
65219,15929536
65053,15929649
65e,16114688
652534,16310192
65supermario,16443573
65014077,16693531
65227,16716772
65057,16716802
6530001856,16781642
65392j,17105890
657504,17122549
65F,17188308
654654654,17242926
65482,17377527
65987,17736397
65536,17788021
65625,17915054
65762,17915079
65593,17915113
65592,17915118
65075,17915166
6530167,18015511
65002661,18023452
656arabeno,18116319
657chlwong,18116660
654556327,18125448
65G,18131653
65000kjj,18185036
65011269,18271019
655158,18306340
653296083,18316368
6561cvusd,18329962
65696,18438406
6545435454545,18490144
65Malia,18493135
6569257768,18599147
6563482627,18634173
655302,18658978
650495,18669741
65vg,18689224
658172,18792118
65913,18894245
65602,18894270
6511651436,18899355
6573177398,18923057
6597719328,18924477
65phoenix,19018433
6562672937,19152542
658545784,19153406
654Manja,19169345
654David,19169367
654Can,19169381
6595535947,19179329
6563421,19190131
6592118bub,19228161
65533,19239375
658210,19255957
656014_656014,19255970
65004577test,19268313
657SK,19378338
65099,19638333
6504buttp,19638766
6504bp,19639362
6598,19797262
6563268846,20014421
6515nelas,20037042
655697,20093691
65238,20139701
65829,20176597
65014024,20222758
65009639,20223962
65010333,20224032
65007146,20224035
65016090,20224039
65014445,20224042
65009646,20224052
65009463,20224059
65010014,20224060
65018229,20224066
65010208,20224068
65009802,20224081
65011808,20224082
65010457,20224095
65011545,20224096
65009628,20224102
65009999,20224103
65010100,20224104
65010261,20224106
65015221,20224109
65001800,20224116
65009715,20224123
65385,20298095
651393,20389135
654642,20397457
654636,20397674
65010458,20399794
65006253,20430091
659820,20454280
6554443333,20495249
654games,20528335
65heads,20564193
659907,20629588
65Thousand,20707773
65830,20734858
65cities,21070069
6585618815,21134821
65914,21191630
65538,21191794
65632,21191812
6563124488,21265971
6575mendoza,21275488
65t6ty,21279446
65010940,21481265
654773,21575716
654663,21575717
654809,21575720
65867BAL,21620684
65t,21736592
65o,21785778
650012583350,21899480
65Stockman,21904730
6588cvusd,22017165
6594cats,22200472
65585,22328141
65736,22328181
65Victoria00,22334442
657azra,22401469
65021EW,22409425
65274,22416531
65498,22521236
657466,22571926
656879,22571927
659124,22571928
658449,22571929
656873,22571930
659194,22571931
658451,22571932
656266,22571933
659185,22571934
658416,22571935
657824,22571936
656127,22571938
656009,22571939
656242,22571940
658496,22571941
658866,22571942
656207,22571943
656213,22571944
658661,22571945
658670,22571946
658837,22571947
656111,22571948
656219,22571949
657673,22571950
656187,22571953
658657,22571954
659602,22571955
658874,22571956
65-9650,22571979
65132,22881253
652147,22956506
656440,23221295
65C_group10,23229266
65C_group2,23229267
65C_group4,23229269
65C_group5,23229270
65C_group6,23229272
65c_group1,23229278
65C_3,23229305
65d_group10,23230367
65d_group4,23230377
65d_group1,23230430
65d_group3,23230514
65d_group5,23230519
65d_group20,23230694
65d_group11,23230766
65694,23250579
65d_group30,23401763
65d_Group100,23401834
65979,23570804
657890,23604336
65112895,23915699
651992,24003914
65407Darren,24043169
65757566885,24211822
65superbendy,24705042
651274,24756366
6568test,24919040
6565456,24948491
6529999s,25106650
6539999s,25106652
6509999s,25106653
6559999s,25106655
6549999s,25106656
6519999s,25106658
65524,25142011
65545,25142063
6569999s,25154285
6579999s,25155102
650000009,25162356
6589999s,25176454
65715-MH,25243610
65991,25246621
65882s,25248705
65953,25248713
650645sj,25251236
650663,25256722
65Davidp,25265512
65KaranJosh,25265555
65HanL,25265567
65shanet,25265572
65NadiaG,25265573
65Vaniab,25265581
65AdamE,25265583
65finn,25265584
65Leannaf,25265585
65Roryc,25265586
65tessr,25265593
65lincolnn,25265595
65SienaG,25265596
65willu,25265598
65TrishaS,25265606
65ShotaroH,25265607
65ishas,25265611
65KateH,25265620
65TrishaSh,25265628
65EGolding,25265770
65OliverV,25265788
65gigobbi,25265791
65OVasiljk,25265806
65SylvieW,25266055
6599999s,25308606
65868cvusd5,25309286
65726ES,25370911
65Noadb,25376527
65Hector,25401010
6561324315,25423414
65185,25433332
65817TZ,25433377
6576626967,25450802
655566,25454843
6577597758w,25532592
651909,25570656
6593635456,25584607
6522352761m,25584651
6583148412,25675602
65xscratch,25926407
6564695284,25939334
65841525456235241,25955319
6509test,26120783
65743498,26159900
65h,26184843
65907mac,26215021
650581,26254231
6573396537,26477418
657484,26615934
65881mac,26635348
655641,26768694
65666768,27085675
65716,27247978
653332,27287503
657030,27287920
659280,27288586
65ktinanh,27344960
65790,27440148
65420hue,27646007
6509010256,27741745
6509010181,27742081
65TheBeastConnor65,27775243
6512012371,27786030
65605yellow,27968898
650057,28086651
650300,28122567
658992,28123497
654pop321,28307978
658122,28309696
6598cutie,28400984
65005400,28557764
65168bhe,28643042
65421gf,28801227
6529263853,29646105
65he,29684166
655jd,29710908
654cc,29711309
656de,29711327
653km,29711443
654yy123,29748223
65667890,29838787
6596549526mcsd,29891872
651nb,29973822
65DS39K,29977364
652224,30024534
653ar,30091269
65849739,30095786
65A,30196220
654321puppys,30282703
654356,30472290
655011abc,30474484
654789321,30526881
6543789,30709748
65sadik,30715542
65banna,30738937
655ertey,30755560
65321CAN,30837653
656e64,30928046
6593418323,31004823
65gars,31093702
657507,31120774
65010598,31125171
65006168,31125179
65009816,31125187
65010866,31125322
65011400,31125881
656656,31285760
65010211,31332853
65010220,31332861
65009549,31333338
6562393728w,31371249
65834das,31453492
650350,31845434
65628KIN,31962291
65r,32105067
6599851169,32127489
65917fms,32219039
65568fms,32219056
65940fms,32219068
65fille,32347448
65240wsd,32490988
6508008799,32531716
6530004237,32531717
6511012026,32531718
6530004319,32531719
6530002163,32531720
6508009113,32531721
6508009027,32531722
6511011467,32531723
6509009660,32531724
6511012040,32531726
6512012347,32531727
6530004387,32531728
6512012119,32531730
6511011450,32531731
6511011958,32531732
6510010818,32532438
6511011930,32532439
6511012025,32532440
6509010259,32532441
6509010184,32532442
6530003832,32532443
6510011087,32532444
6530004659,32532445
6511011909,32532446
6510010706,32532447
6512012107,32532448
6509009710,32532449
6508008649,32532450
6510010790,32532451
6511011496,32532452
6511011929,32535150
6509010258,32535152
6511011934,32535153
6511012029,32535154
6530003256,32535155
6509010271,32535156
65Computer30,32535157
6511012060,32535158
6530001723,32535159
6507008124,32535160
6512012264,32535161
65Computer17,32535163
6512012138,32535164
6530000972,32535165
65Computer20,32535166
6508009101,32535167
65Computer22,32535168
65Computer13,32535170
6512012293,32535171
6511011948,32535173
65Computer33,32535174
65Computer18,32535175
65009925,32537892
65009630,32537894
65011166,32539736
65013690,32540285
65240,32541298
6546454657,32561217
65014814,32565229
65240s,32567248
65013600,32567893
65009343,32567910
65013527,32567969
657ncs,32570041
654ncs,32570565
65758656,32585263
65009841,32632858
65011249,32632865
65018813,32632871
65005216,32632878
65007003,32632880
65016593,32632885
65011699,32632903
65021547,32632957
65010401,32633010
65010465,32633176
65008755,32636130
65013702,32636131
65013606,32636144
65013741,32636148
65013543,32636151
65018370,32636152
65013499,32636153
65011325,32636155
65013637,32636156
65021945,32636157
65015217,32636158
65018541,32636160
65012524,32636169
65025094,32636175
65011321,32636214
65053528,32636280
65010823,32664691
65015949,32664692
65019160,32664693
650180605,32664694
65021404,32664695
65009862,32664698
65010672,32664699
65010467,32664702
65022198,32664703
65020580,32664704
65022202,32664706
65011005,32664720
65010241,32664771
650090628,32664773
65009579,32664784
65019765,32664823
65002689,32664836
65013507,32667048
65014806,32667053
65010270,32667054
65014227,32667055
65013591,32667056
65013583,32667057
65020806,32667058
65014402,32667059
65018032,32667060
65013761,32667061
65009811,32667062
65016594,32667063
65017925,32667066
65018933,32667068
65017079,32667070
65013826,32667073
65014303,32667085
65014605,32667093
65024977,32667094
65012826,32667858
654321turtle,32691715
65025007,32720540
65012787,32723222
65008388,32723253
654321cl,32738864
65009037,32762220
65020745,32762473
6511spencer,32780256
6512jack,32780257
6517sofie,32780258
6505matt,32780260
6520coby,32780261
6506joseph,32780262
6518ethan,32780263
6514callum,32780264
6504lucy,32780265
6507alfie,32780266
6508maisie,32780267
6500paige,32780268
6522josh,32780269
6516emma,32780270
6502emily,32780273
6501molly,32780274
6515rosey,32780275
6503leila,32780276
6513louis,32780277
6523timothy,32780279
6510nel,32780280
6509nathan,32780282
6519nathan,32780283
6509duke,32783112
6504buddy,32783338
6510kubica,32784038
650211945,32832657
65006090,32834929
65012871,32835014
65014685,32865325
65010244,32865430
65027259,32867508
65018605,32867571
651wg,32893654
65rt64,32910363
65240sw,32920020
65785,32985115
65018818,33415202
65Fastback,33519564
6588106882,33619923
6542133,33627405
65lu,33700069
653056,33718991
65DigiKid,33990954
6548331184,34006829
65165468,34158461
654flame,34222794
654tac321,34238058
654321abcdef,34318564
65020270,34407990
65Angels,34473208
65605isaac,34689438
65W,34727860
65balooobk,34739712
65flash28,34782349
65Warriors,34804872
65011573,34807973
6505bb,34824289
6511bb,34824300
6511012046,34830576
6530000363,34830578
6530000321,34830579
6511012014,34830580
6530004662,34830581
6530000066,34830582
6511011686,34830583
6511011597,34830584
6511011366,34830585
6511011367,34830586
6530000804,34830587
6512012478,34830588
6530000970,34830589
6511011761,34830590
6511011368,34830591
6530000977,34830592
6511011628,34830593
6530000866,34830594
6530000841,34830595
6512012283,34830596
6530000915,34830597
6530000911,34830598
6530000916,34830599
6530000933,34830600
6530002913,34830623
6530004339,34830624
6530000924,34830642
6530000455,34830644
6511011866,34830646
6530001838,34830647
6530000906,34830648
6530002677,34830649
6530000778,34830650
6530001477,34830651
6530001475,34830652
6530001247,34830653
6510011088,34830654
6530001773,34830655
6530003786,34830656
6510010877,34830657
6530000800,34830658
6530003285,34830659
6530000098,34830660
6511011763,34830661
6530000037,34830662
6530004976,34830663
6530003910,34830664
6511011979,34830665
6530000952,34830666
6530001106,34830667
6530001041,34830668
6511011972,34830669
6530001047,34830670
6530004182,34830671
6530002136,34830678
6512012693,34830679
6530002673,34830680
6530004636,34830681
6530004293,34830682
6530001274,34830683
6511011776,34830685
6530000360,34830686
6530000266,34830687
6510011035,34830688
6530000934,34830689
6530001737,34830690
6511011988,34830691
6530001132,34830692
6530000332,34830693
6530000931,34830694
6511011448,34830695
65mariokart,34854174
65yee1243,34887626
659265,34905190
65936354564,34954100
652Roxie,35028345
6562393728,35134457
6562393728s,35134517
65slesmanatees,35270224
6509_80309,35360825
650674,35377135
655339,35377170
65603elmhurst205,35384794
65fish,35389571
6572714,35390304
65633elmhurst205,35426562
65475elmhurst205,35426566
65754elmhurst205,35426583
65689elmhurst205,35426586
65623elmhurst205,35426604
65894elmhurst205,35428329
65685elmhurst205,35428338
65947elmhurst205,35428344
65898elmhurst205,35428346
65884elmhurst205,35428350
650023,35487330
65748Elmhurst205A,35558751
65905elmhurst205A,35558758
65794elmhurst205A,35558769
65912elmhurst205,35558861
65580elmhurst205A,35558890
65880elmhurst205A,35560893
65893elmhurst205A,35560906
65890elmhurst205A,35560919
65804elmhurst205A,35560920
65imagine,35567109
65005229,35615251
6509-1,35621391
65hola,35642047
65earls2018,35681224
657Magnolia,35765816
6589491259s,35785161
6558345,35826233
651888,35872911
656mrsfly,35882473
65866,36134601
6530002246,36135768
6530004477,36135804
6530004819,36135834
6508008659,36135868
6511011418,36135924
651021240,36195411
659aleswam,36331465
658366,36442781
658997,37398616
6530004748,37578043
6530002413,37584486
656swd656,37650388
655dwc655,37650417
6517693,37656504
65SuperStrong65,37667500
6512012198,37958202
65158,37970275
65486755332756426854,38015574
6543ozne,38115380
6510010747,38267148
6530004154,38267377
6512012099,38267420
6530002941,38267447
6512012648,38267451
6530002415,38267532
6510011103,38267541
6510011106,38267578
6510011185,38267612
6510011050,38267634
6530002111,38267666
6530002871,38267693
6510011107,38267694
6509009433,38267733
6508009036,38267746
6509009796,38267834
6508008498,38267891
6508009168,38267917
6510011019,38267947
6509010068,38268157
6508008493,38268309
6510011116,38268444
6508008857,38322952
650900964,38323447
65175hoa,38432895
6530000143,38497888
6511011964,38497947
6530000196,38497959
6530000144,38497962
6510011093,38497974
6530003397,38497982
6530004354,38497996
6509010254,38497997
6530000186,38497998
6510011023,38498006
6530000242,38498360
65090102,38499888
651001063,38500463
6510010644,38540320
65827elmhurst205,38580286
65691elmhurst205,38580391
6530005192,38581624
65755elmhurst205,38621759
6511011640,38622298
65013117,38631646
654kitty789,38651748
654321NELSON,38678618
654567894,38681635
65tacoman73,38753207
659gengabr,38811116
65022958,38817777
65339nol,38843287
65693leo,38844043
65tacocat73,39035366
6569876,39377568
65370rot,39415966
652766,39452214
658989,39452262
657961,39452268
657048,39452483
651fp2018,39823640
652fp2018,39823946
653fp2018,39824358
65GamesHelper,40027723
6548947cows,40218604
6568s,40313625
65633scratch,40426549
65016903,40428962
65017120,40429234
654fortnight_god654,40432763
65017203,40470421
65vpxwsa,40534650
65013864,40550191
6501995,40550194
65017307,40550195
65027437,40550238
6517275,40550339
65017275,40591521
65017479,40670123
6586429668,40677546
65017448,40711392
65012708,40711517
65pawagon,40752211
65017274,40843173
65016958,40843382
65020484,40851350
65025659,40851356
65012507,40851361
65020610,40851364
65020537,40851373
65029336,40851386
65012964,40851391
65027811,40851417
65013818,40881756
65022057,40890404
65020834,40890416
65020297,40963044
65020581,40963047
65013494,40963048
65021792,40963049
65021119,40963050
65020082,40963051
65020845,40963052
65020822,40963053
65017322,40963054
65020056,40963055
65018711,40963056
65022759,40963057
65020573,40963064
65022379,40963065
65020110222,40963066
65020454,40963072
65020713,40963086
65017637,40992319
65016787,40992320
65029170,40992329
65018805,40992389
65018803,40992391
65022205,40992393
65017475,40992394
65023162,40992395
65018423,40992396
65016989,40992398
65017280,40992399
65029191,40992400
657027900,40992401
65024747,40992402
65019766,40992403
65017405,40992404
65019072,40992405
65019095,40992406
65012694,40992407
65016923,40992408
6506593,40992412
65016985,40992415
65026149,40992425
650727900,40992670
65020168,40998672
65022195,40998687
65021018,40998694
65025793,40998714
65025139,40998715
65021044,40998716
65018896,40998717
65020566,40998718
65020836,40998719
65020054,40998720
65020710,40998721
65021167,40998722
65019622,40998723
65020555,40998724
65025516,40998725
65020115,40998726
65020191,40998727
65026320,40998728
65020154,40998729
65016261,40998730
65020124,40998731
65029364,40998741
65022174,40998742
65020847,40998744
655111,41184270
65A_Emilio,41193590
65D_Max,41193591
65V_Noelie,41193592
65C_Louis,41193593
65D_Romain,41193594
65M_Thalia,41193595
65B_Loic,41193596
65R_Amelie,41193598
65A_Samuel,41193599
65E_Erika,41193600
65A_Evan,41193601
65P_Elise,41193602
65D_Aurelien,41193603
65M_Melany,41193604
65M_Agathe,41193605
65M_Leo,41193606
65B_Mael,41193607
65F_Emma,41193608
65E_Arthur,41193609
65B_Tristan,41193610
65P_Rafael,41193611
65M_Matis,41193612
65A_Noa,41193613
65C_Stella,41193614
65F_Alice,41193615
65011166r,41211620
65011083,41324266
65moiz,41324952
655bulut,41474467
656Aysenur,41531367
658_ayse,41538652
65026593,41551990
657TALHA,41574529
650062,41620032
6563801,41789718
65717,41827441
65836kc,41915018
65671qf,41915019
65989sm,41915031
65540om,41915051
65824gp,41915057
65837mp,41915093
65850LW2,41953526
65991al1,41953545
65711kg24,41953566
65814in27,41953598
6567598646,41999738
65995mc,42001515
65436IS,42437057
6543254,43445719
6555263,43741213
6532ncs,43883923
65cupcakes,44043247
65s56-,44074299
65F_Allam,44140399
656kkerim656,44145161
654576,44256427
6595jliu,44491191
654roboman321,44624399
6530_Sasha,44629005
65Roadster,45183405
65yotengo,45491283
65m,45847656
65F_Erika,45925229
65unicorn31,46285662
65W_Mlg,49079271
6565000,49762669
65j,50080958
65b,50259218
6510943,50396236
65016cvusd2,51294751
657413,51435430
65533wsd,51446716
657lion27,51538266
65031199,51619758
65439la,51705447
6546456456,51773831
65167plc,51774479
65919SP,51774671
65645,51807041
654321CG,52104557
65bailey,52132045
65485eman,52158200
65971,52158202
65564jiyoon,52158207
65497sophie,52158212
65723chloe,52158232
657438231,52184110
65losers,52235243
65ultra,52606460
65l,52765184
655465,52767596
65634,53236239
659496,53289813
654678,53399321
659495E,53765790
654her,53839414
65ali65,54064989
659492,54390816
65-tcsu,54553919
655451,55822740
654car,56338683
65zgaytan,56338997
652528,56385814
655405,56406344
652216,56575602
650667,56663915
651907,56791041
653anil,56817751
653TurtleBoy,56860413
65436-2,56949608
65576565,56964587
65amg,56969116
650naz650,57078486
657TALHA657,57078492
654simay,57078503
65079410172008,57268199
65641LP,57299024
65030676,57393182
65020489,57393327
65032651,57393394
65020215,57393617
65031143,57433431
65031240,57433696
65015632,57444247
65656565656565,57530603
65020072,57538245
65031292,57538334
65026021,57538462
65030684,57538512
65012893,57539227
65031294,57539282
65030813,57539339
65021649,57660280
65024590,57668033
65023760,57668038
65023697,57668052
65024623,57668061
65022503,57668062
65023712,57668063
65028452,57668072
65029514,57668078
65018123,57668093
65024473,57668101
65023672,57668102
65025054,57668104
65022634,57668117
65024133,57671835
65022704,57671837
65023008,57671859
65020206,57671861
65018949,57671862
65016114,57671863
65022928,57671864
65020110,57671865
65031220,57671866
650201709,57671868
6501305,57671869
65021006,57671870
6502545,57671871
65017141,57671883
65021870,57671891
65013896,57671892
65016002,57671899
65018302,57671914
65021002,57672126
65025021,57674304
65014193a,57768742
65436v2,57779711
65024967,57817968
65022197,57817969
65020129,57817970
65020287,57817971
65023600,57817972
65024261,57817976
65025487,57817978
65024403,57817980
65027690,57817983
65024991,57817994
65023289,57818008
65023812,57818024
65031287,57889812
65018608,57889814
65027854,57889815
65023151,57889816
65028742,57889818
65023393,57889820
65025092,57889821
65029355,57889823
65020839,57889824
65032010,57889825
65029117,57889826
65023168,57889827
65022948,57889828
65022936,57889829
65023950,57889830
6502378,57889832
65027630,57889850
65032492,57889856
65023130,57890461
650355,57890734
6517901,57910329
65024682,57945989
65021188,57946024
65023713j,57946304
65020904,57951274
65018303,57951283
65021110,57951284
65022018,57951288
65030838,57951306
65021766,57951327
65019593,57951332
65031332,57951339
65016117,57951342
65020143,57951345
65016928,57951347
65016219,57951356
650208057,57951360
65017525,57951361
65021795,57951365
65023631,57951370
65021110e,57951376
65016988,57951420
65020857,57951445
65019593j,57951465
65015631,57951546
65017525s,57951595
65027871,57951608
654073,57952700
65018551o,57953736
65744329,58400812
657mintgreen,58771656
656878,59376757
6556s,59410107
65438970,59584991
65o_gracee,59593480
656552,59807556
655261,59885780
65kitten,60029238
658658,60377335
6577123,60518115
65756712,61003492
65pennies,61347332
65i,61366182
65020014,61386008
654321-_-12356,62386458
65565565656,62468876
65342825,62642393
65000122,62708278
654PO,62938679
65444435,62959945
65PES2023,63301515
65PES2025,63301987
65PES2026,63302136
653322et,63345245
65456a,63471353
656927a,63814768
6544112631,64003633
65timucinuret,64410196
654huts,64727550
65c,64788246
65c2020,64789079
653519,64805880
656d2010,64807534
6505212304,64885577
65438690,65006750
65rygdbfcg,65159916
65_65,65173665
65ytt13,65228073
6533sames,65414591
6512osmanz,65414596
6534sanghg,65414598
6516patels,65414614
6541singhu,65414615
6532salota,65414618
6550truskj,65414715
6509omaraz,65414716
6543sudara,65414732
6563zhouz,65414734
6517paynej,65414735
6553waheea,65414738
6548torrel,65414743
6556yasinm,65414745
6506noumam,65414747
6558yeasmh,65414754
6518rafiqh,65414755
6543210115647565,65427944
650703,65466201
65Devilzz,65616763
65031micah,65742566
6543sytori,65820458
65974916,65974969
654655,66042202
656ceylinsu,66160227
658said,66160252
6547839398286478,66171125
65BLUE,66293301
65Hermione65,66378548
652dila,66672641
653576,66748551
658700,67079140
65601BMS,67146233
6508807613,67717256
650504359,67763916
650sstang,68136872
65Cyclones,68172624
6512514,68188290
65-,68207031
653478291,68403989
6547257584,68440563
6547257584AR,68442094
6556931179,68446820
65_,68469553
65z,68543771
6547427,68709263
65555555555555555556,68925031
65466778u,69071605
65zz,69159955
65466778,69210180
65856787e9282645,69245698
653803B5,69253850
652181B5,69254057
65cremor,69356437
6545354,69503106
656562a,69678762
654667,69956641
65436_2,70030310
658qwerty,70347072
65rgtdgfdgfgh,70405831
6557214829,70405976
6546677454,70412003
6598362,70433219
65466774548656346785,70583068
6571966,70717017
6578657458676578767,70988057
65-78-590,71153747
650956,71252981
655862,71253159
659417,71254287
657707,71321356
65321hp,71443009
65pizzy_pupy71234567,71508454
65pizzy71234567,71531203
654667745486,71652047
6573898jfkfgkdr,71714675
65vSway,71739831
65pizzy712345677,71804546
6530005328,71847235
65q,71902728
65126536,71923840
6554665776,72088430
6546475764,72089840
651ginger,72136389
65Hz,72403890
654revoLlevraM,73002162
65-6F,73056257
65r0ses2,73297236
65r0ses4,73297488
658789_skylar,73446039
65randomuserr,73463574
655gu4,74336365
65t97t756789,74385589
656386,74496489
6553346,74890720
65739533a,75286898
65013117c,75304503
65Ping,75362175
6555555535,75579662
6593683957,75643668
65086508,75741100
654654546544,75800184
654iraH_yrraH,76124341
65658945989589895489,76294745
6556562556,76734852
65020297_test,76954460
65674657657576575865,77069161
65786574586765787679,77707399
653315,77961738
6512232,78061396
6542gnithgiLdeR,78062067
6574466,78139844
654t4y4,78187752
6513660735,78286175
65billionyears28,78458404
65kakeru65,78603160
65lifetime,78644024
653315613081,78725412
653315653315,78838240
6515161,78847019
65--Aadi,79254429
6545489,79401871
656754768079048,79652762
659saratch,80119873
656765_,80828130
654pink321,81048264
6523253,81054987
654scr22,81099956
65car,81115880
650364,81205370
65_s,81249281
6582ou5,81387611
654654654654654,81813165
6502698969,81897839
653e6456734757634,81959219
656565656566,82087080
65434444,82251695
656670cs,82270614
656927cs,82270623
65903242,82438563
65lukas_lulle,82459286
654yeet,82536446
65986586,82629670
6598658,82632550
6597991672,82704402
657809y,82729123
659848c,82808707
658515e,82808785
653756k,82808810
650257430y9,82952899
65ydhd,82971127
65x,82982840
65halime,83161604
65_tl,83168229
651022021,83362870
651002021,83363236
65465i87,83384041
65e687,84089928
6589485,84306555
6573465498437,84928830
6556678,84938266
655mmcc,85112258
65qtx4,85515562
655261belike,85548113
659444,85668172
6500_beans_in_a_bowl,85741835
65earth65,86134793
655261account,86174705
655261account2,86174914
655261account3,86174970
654isnice-mp4,86205923
65y,86240709
6543abc,86347850
654456654,86491749
65197a,87027880
6534610,87108782
6598448212,87159940
6534235,87349983
65ers,87506864
65D,87585307
65N,87585308
65V,87585310
65P,87585313
65U,87585327
6565tyuhg5t67iu7,88557260
657AQIF,88612760
65Falcon,88838456
657657RI,88977051
656_hey_bay,89623571
65Mystery_,89947631
654174883,89947904
6565656565665,90071631
6574839201123456u,90124042
6530005330,90392361
658enver,90473046
65and,91038354
651-Yagiz,91604876
65shadowlight,92350142
6578973,93061464
655261wastaken,93109591
65andtt,93224725
655soph,93645267
655261teach,94117652
655261st1,94118639
6546465,94161655
65pu9560u69065u09856,94251649
65gl2029,94383618
654mp4-nice,95065095
655gu4_the_2nd,95330854
654321codergamer,95380978
65454350,95425478
65850696,95680660
65gt56gt,95768841
6550155,95834756
653211arahc,95881720
6584897133,95969481
653-rkn_,96068622
65767799899,96478943
65ducks,96504967
65nine,96690275
6549877,96729212
659wii,97461545
657657856876,97656730
651-kusatu,98012248
656sss,98058245
6544567i6543,98331599
65JAnton,98402409
65JLulu,98402433
65JAlex,98402436
65JCallum,98402440
65JBob,98402442
65JAranya,98402443
65Jmaggie,98402450
65JKathryn,98402452
65JZahra,98402455
65JSahithya,98402457
65JLara,98402458
65JMia,98402460
65JAlice,98402461
65JMessina,98402464
65JAlberto,98402465
65jJhen,98402476
65JLucas,98402479
65JGrace,98402480
65JSamuel,98402482
65JJamie,98402483
65JEamon,98402485
65JZoe,98402486
65JRyan,98402506
65JAmelia,98402508
65JEric,98402509
65JS0NNY,98402533
65JMatteo,98402552
65JWilliam,98402570
65jjazz,98715163
65JJargal,98715170
65JIrmuun,98715198
6543067,98753375
6536789876,99216682
65831cs2022,99530876
652robot,99578556
654awaw,99814988
654awaw90,99815451
657867,100584753
65bruh,100596334
65670w,100647855
65Bluefalcon,100672491
65bluefalcon2,100674138
65DIreneD,101364818
654awaw343,101429312
65487Madizon123,101514795
654321taptap,101607166
6568y_mtk,102021649
65432110,102132642
65scribe,102229510
65120987,102283210
6578ABC,102299608
659062wo,102575191
65432like543,102674941
65365363,103235335
65821,103317141
651574rabbit,103359616
651574bunny,103359915
651574unicorn,103360528
651630monkey,103369679
658212,103392090
65757468,103475029
6543abcdef,103791184
6510098,104114743
65abcr2604,104143672
65438a,104237671
657482bake,104630413
6514nolan,104662563
65kalaka,105015238
65y45646,105079884
6574910,105293867
65snaeB,105378559
6547548,105410818
65sLittleSister,105433313
654901jl,105572446
65434567fjas,105586120
65676757,105646458
65dolphen,105857436
65dolphin,105892527
6549255139,106060061
65775lo,106084173
65371hi,106363688
650619083,106399032
650419073,106399033
650719113,106399039
651819094,106399044
651719091,106399045
652719654,106399048
652920586,106399049
652319646,106399050
650819116,106399051
652419647,106399052
652819657,106399053
651219656,106399054
650319016,106399055
651019648,106399056
652119133,106399057
651619088,106399059
651318909,106399062
652519650,106399069
650919118,106399071
651519071,106399073
652019127,106399074
650118975,106399077
651419001,106399082
650519079,106399083
650218980,106399086
652619651,106399090
651919121,106399091
652219613,106399094
651119652,106399103
650119113,106399111
6556uzuz,106711437
6565777,106761566
650767,106770930
652EnotsdeR,107472337
654668,107854413
654solu,107919838
6556445,108031098
654344567,108031113
650319016_atom,108174486
659lj,108617260
65394kh,109207180
65320j,109228251
65nipxela,109560082
65358i,109809910
65haunted,109935093
65rippaper,110021706
6541th,110642066
657ii,111133053
651QUIV,111937303
6511-1647spring,112307172
65frdb,112771059
650sstangalt,113113344
65starwarshi,113317707
652broganr2,113485591
658shannona3,113485605
651series-1000,113524471
653-ed,114181002
65342s,115092693
657lavender,115144918
654zoro,115327971
651jobanline,116790475
654754,117124722
6529267,117231316
659in,117329479
652256,117525648
6585757,118161185
65timidparmesan,118345882
65Bagui,118535694
65timidparmesan3,119166585
65Make,119411260
653755331,119928367
65oceans9,120165818
6506AS,120461395
6517JN,120510217
6595u9564856,121936029
65-75-74,122249367
650k,122268084
655Z6,122282061
651465,122677768
6543ee,122952642
65656589,122983669
65656556mck,123039170
654Racer098,123884054
6577ccb,124659897
650373,125045976
65rytu,125184568
6565434,125779166
654320990,126439851
657y6uytrtr,126849028
651hi,127235571
650_Angel,127339008
6506AS2nd,127771983
657483210,128445650
654ysbxnz,128785836
65444321,129148234
65unknown1234,129402627
650230___,129509849
65gl2032,129877576
654790,130013908
65545e,130543671
65CRAWFISH1LION17,131100114
6517qw,131737368
65madisonhusecelina,133193066
657oof,133197245
654theboy,133412331
654466645,133415815
6564roldanillo,134073855
65EV9,134608813
6584000,134840519
65Rosesxx_forever,134858734
659202,135860348
6546199,136584774
65acimar2024,137621496
65t65trgt56tt,138839161
657473,138860128
65444321_code_acc,139361851
651461797,140077058
