411,89430
411458,104544
41EX12345,139181
415,167036
410,231306
41starwars,255608
418,276830
413,377321
41402,378302
411ipek,388154
415tim,404418
412,424847
41jacket,464161
41003,473704
41017,473754
41me,475507
4117,486171
4198,517164
417dallas,587369
4112,613666
4111,637317
412150231,654930
4162000tater,677826
416326510,695844
419,709485
41_maik_domi_23,870674
4103505,984488
4103487,987764
41223,989113
41628,1008014
41880,1008018
41774,1008037
41500,1008061
41817,1008071
41256,1009507
41984,1009518
41667,1009528
411633,1061078
41997,1078198
41131465,1111871
41215,1162497
419leon,1195503
41617,1239540
41573,1239588
4133,1260913
416614999,1275092
41125972,1286676
41ferhat58,1309522
41251,1406393
41117,1406421
41745,1408926
41785,1408942
4120,1708097
41289,1713889
4122189,1716621
41w4y5,1730113
4106922,1794061
4114513,1794065
412459,1794283
4112460,1796754
4117119,1803557
4110279,1804657
4142,1826121
411owen411,1889543
416D616E,1891460
41047,1912662
41437428,1931324
417092557,1955594
41846972,1955659
41415,1982154
41627r,1990941
41408,1990952
41934,2056769
41236,2056869
41987,2148717
411245817,2169731
416899834,2175981
41399,2226588
41136,2230396
41254123,2234966
41492802,2273422
418801863,2277586
4181971150,2286197
41295,2392891
41595bacon,2411970
4151124,2412433
41816457,2431514
41022,2489561
41748250410,2515439
41wlgus,2515617
41154,2579047
4123,2651396
41713,2651773
4106279,2664251
4122,2667220
4123449,2667349
4105,2713240
4106006116,2725988
410shotgun,2743827
4118300,2771750
4113218,2796013
4174,2803172
41612,2823307
4132857,2864917
4106661,2864991
4136889,2866159
4136688,2866167
4110448,2870492
4118690,2870555
4100534,2871053
4128174,2871164
419745,2878866
4126506,2880936
410617,2887686
413762,2899473
4118792,2903793
41484699,2918786
416580734,2973698
419383730,2985753
416593,2991448
41376,3034420
41614986,3069226
418essa,3106786
4183,3172510
4176,3185988
415115,3221853
4170321,3228946
4174778,3228952
419397,3231041
418Gremlin,3235377
41duxbury,3448182
410608,3465593
415965,3476081
4161,3563218
41307,3573537
41673732,3592007
410410,3596382
4102599708,3741035
412alexandra,3897433
4191,3943283
4173,3943297
41229674,3949677
41842001,3956746
4169703,4235630
4102scratch,4242477
4174scratch,4270052
4109006584,4350202
4181,4409368
41scratch2014,4465991
41064501,4687495
4119287,4795878
413_CTH,4822327
411533,4865142
41165,4872560
419525277,4980948
41596,5046206
41369,5091938
412692,5241946
4109scratch,5304502
411300,5308054
416807,5444752
412768,5453654
419050,5455822
413158,5455956
415635,5578416
412029,5625986
414958,5661280
4141hi,5724910
4142561,5900440
41950,6142200
410354,6243846
41773,6516004
4163Busd,6533642
41396,6613286
41296351,6743064
4132181617,6865430
4178516,7029962
4156793,7165160
416186,7701726
41_jim_jimenez_r,7738420
416ZAP,7859454
416800,7896114
414,7940854
41D,7951264
41_jul_cardenas_h,8072710
41T,8108224
41076895,8186434
416,8626780
4188scratch,8824468
4139,9289886
41044104,9454104
41ph4837464mm4,9589946
415588,9591518
4140,10022564
411192,10339336
4170891,10766738
4145121,11548160
41733,11551520
4117933,11554448
4123096,11554458
4131194,11555856
4121443,11555970
4139533,11569612
41175682437,11578210
4103919,11745402
413951,11779048
411cats,12000708
4111012,12046646
4174371,12182048
413936,12334360
4194fc2015,12534098
410195,12625700
410110,12625722
411217,12625788
410186,12732888
410164,12732898
415633,12970936
41580759w,13197960
41sqn,13261689
415781,13539117
414studio,13764915
413305,13929672
41A,14471438
41747,14475180
41053,14708676
41352,14751081
41D4N_5,14869106
415407hw,15667761
410870mendez,15698845
417,15936978
41_lor_vasquez_o,16013885
41816,16352698
41019,16359476
415834_mu,16377026
41STUDIUS,16443279
410_cizzy,16860459
413298,16978312
419041,16978314
4181help,17021149
4112007,17435415
415mitosen,17487554
4111002610,17810973
41102,17918706
4165882,17947444
4146467,17975805
413X04,18000127
410HHH,18062817
410014UniOulu,18072458
41022crowleyisdtx,18094180
41369crowleyisdtx,18094240
412haskari,18116465
41830crowleyisdtx,18117625
41AL,18206897
41Isaiah,18493130
4112368,18617646
4105767mp,18617651
4154557,18617666
4148199,18617739
4112368yd,18617793
4151731,18641194
4151731tm,18641250
41545571,18646302
412862,18768336
411988,18768342
411753,18768355
413097,18892143
411941,18919371
416162,18919395
419342,18921047
4131857685,18924467
4194526848,18925036
4112116119,18927241
419474994,18940995
4113748489,18941495
41038,19002118
419938,19083451
418660,19083459
418584,19107562
411974,19108692
416458380,19165790
4184696392,19179585
4138493344,19202151
4135795579,19202484
417668,19231312
41blue2017,19291269
419818,19294567
41Jade,19315506
41Luis,19315507
41Savannah,19315509
41Destiny,19315510
41Christopher,19315511
41Yandel,19315512
41Raquel,19315513
41Alvaro,19315514
41Ashely,19315515
41Ellame,19315516
41Ruben,19315517
41Tristan,19315518
41Chase,19315519
41Jahmel,19315520
41Diego,19315521
41Chris,19315523
41Edelyn,19315524
41Jesse,19315525
41Edwin,19315526
41Daniela,19315527
41Alexya,19315528
41Angelina,19315530
41Juan,19315531
41William,19315532
41Nevaeh,19315533
41Brooke,19315534
41Alberto,19315535
41Sofia,19315536
41Meilani,19315537
4100Horses,19319810
410_shawn_,19372106
419999,19377358
418249,19377359
419265,19377360
419471,19377361
419932,19377364
419811,19377365
419556,19377366
419387,19377367
419340,19377406
4199822,19377415
4195833,19377420
4193877,19377426
419246101,19377434
419445,19377443
41635aam,19451244
413044,19456780
412138,19456797
413460,19457009
414267,19457010
414452,19457011
419862,19457012
414017,19457013
413061,19457015
414438,19457016
416557,19457017
414433,19457020
413527,19457021
413058,19457022
414440,19457023
413994,19457024
416272,19457025
415670,19457026
416001,19457029
415944,19457141
414686,19457142
413204,19457143
414249,19457144
415993,19457146
413531,19457149
414341,19457151
416032,19457152
414084,19457153
414430,19457154
414435,19457156
4182490,19486793
4168,19491775
4178693581,19606602
419941,19642327
419597,19642331
419416,19642338
419565,19642339
419508,19642346
419861,19642349
419304,19642350
419376,19642351
415079,19643739
415JulMata,19649623
418846,19673359
418974,19673361
418915,19673362
418794,19673363
418740,19673364
418435,19673365
418422,19673366
418880,19673367
418367,19673374
418369,19673377
418987,19673379
418775,19673382
419626,19673383
418556,19673384
418380,19673578
418843,19673579
418837,19673580
418970,19673581
418743,19673584
418771,19673585
419323,19673586
419287,19673588
418852,19673593
418855,19673594
418862,19673595
419452,19673598
418346,19673599
418722,19673602
418721,19673605
418459,19673606
418326,19673608
418738,19673609
418582bsd,19674098
418670bsd,19674099
418672bsd,19674100
419108bsd,19674101
419132bsd,19674102
419025bsd,19674103
418736bsd,19674104
418492bsd,19674106
418654bsd,19674107
418523bsd,19674108
419792bsd,19674109
418430bsd,19674111
418458bsd,19674113
418518bsd,19674114
412176bsd,19674118
418521bsd,19674121
418524bsd,19674122
418423bsd,19674123
419970bsd,19674125
418364bsd,19674878
418517bsd,19674880
418972bsd,19674881
418839bsd,19674884
418460bsd,19674886
419906bsd,19674890
418662bsd,19674891
418879bsd,19674893
418693bsd,19674897
418757bsd,19674898
418689bsd,19674899
419020bsd,19674900
419028bsd,19674903
419912bsd,19674973
418412bsd,19674975
419842bsd,19674976
418860bsd,19674978
418434bsd,19674982
418512bsd,19674984
419503bsd,19674986
418659bsd,19674987
419260bsd,19674988
418436bsd,19674992
418861bsd,19674996
418598bsd,19674998
418432bsd,19674999
418350bsd,19675000
418513bsd,19675002
418859bsd,19675004
412250,19675059
412173,19675060
412179,19675063
412237,19675065
411730,19675066
411915,19675067
414517,19675069
411729,19675070
411738,19675071
412657,19675072
412052,19675073
411783,19675074
412182,19675075
412249,19675076
412233,19675077
413533,19675080
412241,19675081
412153,19675082
412925,19675083
411330,19675084
413825,19675085
412080,19675086
417197,19675087
412168,19676475
412733bsd,19676630
415020bsd,19676631
411909bsd,19676632
415233bsd,19676633
411900bsd,19676634
412247bsd,19676635
412092bsd,19676636
411798bsd,19676639
412234bsd,19676641
412185bsd,19676642
412887bsd,19676644
411735bsd,19676648
412186bsd,19676649
412157bsd,19676651
412231bsd,19676652
412248bsd,19676656
412222,19676717
412166,19676718
411980,19676720
416356,19676721
412672,19676722
411745,19676725
411727,19676727
411918,19676731
411920,19676732
412254,19676734
412189,19676735
412245,19676736
412301,19676737
411325,19676739
415007,19676742
412815,19676745
413948,19697503
41Ashley,19702204
4157899090,19706506
410BrodyDog,19708555
413900,19729877
418ktanzer,19806472
413576,19815824
413483,19816571
413251,19816584
413903,19816597
413082,19816613
413102,19816626
413255,19816633
414497,19816634
413905,19816676
413274,19816693
413512,19816703
4135765,19816773
415531,19819447
415580h,19819477
416999,19908778
415999,19908806
41299,19908883
416702s,19955794
414899,19955991
413206s,19955997
413383s,19956015
415941s,19956017
415338s,19956018
413559s,19956019
415588s,19956022
413546s,19956044
414098s,19956047
414108s,19956056
413079,19957515
41Carmello,19975738
418754s,19979149
419286s,19979157
419730s,19979175
412373s,19987950
413157,20011081
412515,20011099
412590,20011343
411808,20011344
414889,20011349
412521,20011353
412508,20011355
412483,20011356
412465,20011357
412512,20011360
41-sds2018,20012864
41cf,20013593
4183581753,20013874
412258,20018724
414325s,20022940
419174s,20042767
419721s,20042825
418425s,20042864
413502s,20050965
4108014265,20090057
4108012302,20090140
4157599670,20090189
4109010302,20090306
4110004589,20090341
4157390570,20090407
418508,20093449
418760s,20096072
415003s,20096078
418800s,20096111
418733,20096137
418733s,20096369
413169s,20187949
414899s,20188043
419083,20303338
418650,20303339
419250,20303341
413026,20303343
418746,20303344
412551,20303345
419383,20303347
418472,20303353
419236,20303354
419037,20303355
419248,20303356
419190,20303358
419107,20334940
419280m,20334950
419402,20334961
419003,20334962
419407,20334964
418632,20335271
418281,20335275
419398,20335277
419785,20335279
419377,20335284
419244,20335285
418655,20335289
412395s,20376138
414903s,20376153
413461s,20376157
413366s,20376160
413300s,20376170
412137S,20376177
414424s,20376179
413509s,20376183
413733s,20376192
413665s,20376197
413195s,20376213
413378s,20376216
413708s,20376220
414359s,20609345
413248s,20609350
413281s,20609355
414763s,20609360
414921s,20609371
413338s,20609380
411907s,20609404
417815s,20609410
412440s,20609414
414763ss,20609573
418916,20629160
418727,20629182
415872,20630309
417999,20645764
410999,20645769
41999,20645772
414999,20645827
413999,20645872
4164612,20743294
4163730,20743297
4164849,20748930
4152harriet,20763161
410allstars-2,20786482
41399999999999,20803355
411999,20803495
4167103,20956978
4169487,20956980
4162924,20956981
4130558,20956982
4161099,20956983
4161137,20956985
4161239,20956986
4163502,20956987
4161236,20956988
4169048,20956989
4169061,20956990
4166931,20956992
4180264,20956993
4169044,20956995
4171675,20956996
4171001,20956997
4170168,20956999
4169008,20957000
4169128,20957001
4168403,20957002
4160620,20957003
4169023,20957004
4161061,20957005
4164793,21027507
415128,21055079
4168807,21097064
414913,21109961
41382,21112452
41381,21112459
41640,21114346
4158363772,21121155
4153441,21124518
4149130,21138438
414969,21216343
4132644,21222509
412167s,21281930
417021,21321922
417005,21321923
417024,21321924
417003,21321925
419566,21321926
417028,21321927
417040,21321928
417481,21321929
418432,21321930
418297,21321931
417008,21321932
417045,21321933
417441,21321934
418884,21321935
419651,21321936
416992,21321937
418317,21321938
417403,21321939
417419,21321940
417375,21321941
417027,21321942
417990,21321943
417381,21321944
417689,21321945
417565,21321946
419238,21321947
417035,21321948
413103,21348699
413116,21357653
411584,21369877
416826,21369885
411389,21373960
415787,21382471
4107008946,21416240
4111777,21447684
419155,21514668
412203mcps,21533580
41258,21560454
4103m,21643073
416365s,21696081
413053s,21696108
419805s,21696126
419267s,21717330
418806s,21717354
419806s,21717369
419427s,21717374
418806,21717387
419731s,21717411
419313s,21717433
416819s,21724257
41kg,21726786
410_bilgekagan,21736374
413116s,21752696
413473s,21752711
414836,21752713
412295s,21752721
413506S,21752731
413981s,21752740
418113s,21752746
413126s,21752752
415060s,21752759
413407s,21752771
415089s,21752774
412851s,21778178
4103ma,21795796
410_johnnyboooyyyy,21843972
413111,21869271
413ipylWert,21876713
4173325959,21891387
418966s,21900141
4195962652,21982672
413573,22023393
4132wad,22095213
419844,22162221
419921,22162242
413347,22169993
415339s,22170059
4142142114,22295966
4114242415,22295976
412121424,22295994
4141424142,22296000
4122ls,22387123
418251,22388869
414572,22492625
4149130554575,22492647
4149134456789765578,22492730
41457200,22492745
411116ec,22508359
4149130989,22531467
4163hz,22648359
41382sc,22799732
4110F,22904432
419731,22989127
414033,23012705
418847,23061073
412851,23068225
41981812,23277772
414_Mark,23344747
413117,23460746
4153959871,23508082
4153rodra,23808519
41494b,24014014
41494BP,24014106
41420,24014424
41304,24014437
41420d,24014694
41304586,24035419
41550,24039833
41073,24039897
410112021,24045270
412845,24457995
414338,24458083
418635,24575205
411821,24575220
417256s,24575314
413081s,24575334
418022s,24575353
411821s,24598217
418022,24598258
41blast,25054552
4106007849,25080914
410189-Mendez,25094789
416954-MENDEZ,25096393
411001,25108952
4169999s,25121315
4119999s,25121318
4139999s,25121324
4109999s,25121330
4159999s,25121334
4129999s,25121348
4149999s,25121353
4179999s,25121354
4199999s,25121356
412000,25124531
41franka,25193030
41oscar,25193031
41simon,25193032
41rufus,25193033
41marcus,25193034
41hampus,25193035
41andor,25193036
41alexis,25193037
41zion,25193038
41alexander,25193039
41caspian,25193040
41ivan,25193041
41nicole,25193042
41benjaminH,25193043
41benjaminK,25193044
410isa,25193107
41nils,25193108
41frank,25193109
41linnea,25193111
41dario,25193112
41letizia,25193113
41chloe,25193114
41judith,25193115
41emil,25193116
41dexter,25193117
41ludvig,25193118
41adrian,25193119
41fredrika,25193120
41josephine,25193121
41mollys,25193250
4170834,25199551
41testelev,25214855
411sheldon1,25236277
411wonder1,25236302
411wonder2,25236309
411wonder3,25236310
411wonder4,25236314
411wonder5,25236323
411wonder6,25236329
411wonder7,25236335
411wonder8,25236342
411wonder10,25236348
411wonder11,25236354
411wonder12,25236356
411wonder13,25236362
411wonder14,25236364
411wonder15,25236372
411wonder17,25236378
411wonder18,25236379
411wonder19,25236380
411wonder20,25236383
412panda360,25240219
41vendelaK,25251964
41martaR,25251965
41alexanderF,25251966
41elliotF,25251967
41vibekeT,25251968
41julianO,25251969
41matteusN,25251970
41johannaG,25251971
41milouJ,25251972
41wilmaK,25251973
41axelI,25251974
41henrikR,25251975
41milouO,25251976
41arthurW,25251977
41dylanK,25251978
41beataA,25251979
41patriciaA,25251980
41mahrkusF,25251981
41busterF,25251982
41frankS,25251983
41tyraK,25251984
41adelineD,25251985
41douglasK,25251986
41aliceT,25251987
41oliviaS,25251989
4132476995,25274828
4175853294,25322549
4189999s,25336723
41784,25370929
41-ZGUI,25512254
41-AZGU,25512255
41-MELI,25512256
41-TRAO,25512257
41-MAIL,25512258
41-BENY,25512259
41-BAUD,25512260
41-PARI,25512261
41-LAUZ,25512262
41-BLEU,25512263
41-KITS,25512264
41-NIAN,25512265
41-DORM,25512266
41-BREM,25512267
41-BENM,25512268
41-COLI,25512269
41-SAHR,25512270
41-DELG,25512271
41-MIOS,25512272
41-DJOC,25512273
41-DELO,25512274
41-MORE,25512275
41-DUPR,25512277
41-ELKH,25512278
41-OLLI,25512279
41-LAHM,25512280
410430,25520316
4189592781B,25530871
4113653887t,25531051
4113748489t,25531056
4113,25553857
4199531979353717123,25572409
411wonder9,25578826
41QUA,25594081
4100664,25644892
419353,25678270
4119949362C,25729331
418830,25739289
4195jimmi,25923251
4131857685G,25924337
41H,25981637
416adalasw,25982821
411marmaja,25982826
419jaidena1130,26338958
418962bsd,26342163
419055bsd,26342165
419603bsd,26342166
418742bsd,26342168
41b5,26376094
419622bsd,26410101
418863bsd,26410105
418725bsd,26410106
419474bsd,26410111
418343bsd,26410114
419268bsd,26410115
418565bsd,26410118
418609bsd,26410122
419587bsd,26410123
418730bsd,26410124
410595,26432972
418106x,26434306
413TO,26514212
41Mark,26533716
41Kaylah,26533717
41Emily,26533718
41DanielaRuby,26533719
41Jesus,26533720
41JosueOR,26533721
41Taylor,26533722
41IsaiahG,26533723
41Miranda,26533724
41Jayson,26533725
41Rohit,26533726
41Johann,26533727
41JuanPablo,26533728
41Jaquelin,26533729
41Gurjot,26533730
41Alana,26533731
41Cintia,26533732
41Gurnoor,26533733
41RyanC,26533734
41Raeesha,26533735
41Andre,26533736
41Nana,26533737
41JosueIG,26533739
41Ariana,26533741
41Esmeralda,26533743
41Nikil,26533744
41DanielaFV,26533745
41Naomy,26533746
41John,26533747
41Hafasah,26533748
41Yulissa,26533749
41Angel,26533750
41Aileen,26533751
41794,26565464
413333p,26586109
417805,26793802
41-7882,26793803
4111915,26793804
418292,26793805
418931,26793806
418069,26793807
418813,26793808
41-8962,26793809
417904,26793810
418838,26793811
417795,26793812
418468,26793813
4112083,26793814
418857,26793816
418363,26793817
41-13123,26793818
417720,26793819
417806,26793820
4111881,26793821
4113124,26793822
417834,26793823
418328,26793824
417693,26793825
417666,26793826
41-9263,26793827
417665,26793828
412469,26811460
4116082,26816253
41k,26830460
41B18,26848943
4127598,26855412
41b,27002122
418810mt,27076952
4146AdAd,27202327
415622,27279462
410871,27279470
418508s,27293518
41-ALAG,27357503
418847s,27376173
41966S,27376380
418809,27418208
418047,27422742
416003,27486141
41A18,27487781
419lsmith,27560995
4167tc,27565392
410102boy,27731368
410no,27744807
419272,27746146
4167007,27777948
419239ahp,27797717
417494,27826261
41-7951,27903952
419134,28012533
419282,28121763
41404Tara,28125274
410000,28199844
41max,28275733
41Takuma,28284406
419641,28315378
4167364,28348232
4115377,28348405
412092,28380668
41711,28409248
417911,28409278
41909,28465047
416716,28644052
412946,28644060
417528,28650810
411510,28650849
418376,28650877
412735,28650888
410203,28655594
418036,28655754
419281,28655764
416046,28655768
418070,28655772
419581,28655873
419959,28655875
417847,28655878
411547,28655884
4194462211,28688914
4165375357,28688915
4165893,28740051
4141702,28740053
4163444,28740054
4163958,28740055
4166868,28740056
4143212,28740057
4170149,28740058
4153132,28740059
4163420,28740060
4161239d,28740061
4142268,28740062
4164571,28740063
4142631,28740064
4162092,28740066
4163535,28740068
4161733,28740069
4146863,28740070
4163739,28740071
4140081,28740072
4181293,28740073
4169485,28740421
4153522,28740422
4159130,28740423
4140506d,28740424
4164128,28740425
4143357,28740426
4154091,28740428
4165307,28740429
4143536,28740430
4183061,28740432
4141449,28740433
4164455,28740434
4163396,28740435
4154498,28740436
4163439,28740437
4163706,28740438
4180590,28740440
4168300,28740441
4167103d,28740442
4161207d,28740443
41568542,28843365
415057Tomkinson,29198314
411004,29526725
410311,29526735
4148025,29545973
4117452681,29547100
4126546189,29547543
41914,29562511
4178966,29610676
41501,29651107
412832,29677449
418443,29708729
414Reese,29715229
41777fra,29734739
419130sausdlearns,29737424
411902sausdlearns,29737427
417037sausdlearns,29738083
4151697,29777309
4144973,29777353
419965,29860524
419542,29860532
419540,29860534
41N,29889540
41411,29897959
411908,29900384
4157917924,30022273
4157897728,30022275
4157924031,30022276
4157897654,30022278
4157901523,30022279
4157917768,30022280
4157633510,30022283
4157909767,30022284
4157901500,30022285
4157910733,30022286
4157909370,30022287
4157648610,30022288
4157902329,30022289
4157894184,30022290
4157902447,30022291
4157913835,30022292
4157918710,30022293
4157649830,30022294
4157906560,30022295
4157538630,30022296
4157614190,30022297
4157918353,30022298
4157907561,30022299
4157920947,30022300
4111009652,30022301
41efsasila,30026223
41sds2024,30257089
41778,30269401
419934,30313675
4101691CG,30396615
41lumber6,30405799
419774,30529432
419538,30529447
419536,30529451
411482RA,30597467
4147710Jaylen,30730254
419803Z,30792951
4115v201802,30816872
4118v201802,30816882
4122v201802,30816888
4194190,30844281
4101cheongwon,30853522
4120603_lr,30880442
4175337ef,30880549
411yy13o22,30899027
412286,30907155
41753372017,30955120
4175337efv,30955179
410525023,30961527
4101cw,30986755
4104cw,30986950
4150cw,30986951
4102cw,30986953
4145cw,30986954
4113cw,30986956
4105cw,30986957
4147cw,30986958
4110cw,30986959
4114cw,30986960
4115cw,30986961
4109cw,30986962
4107cw,30986963
4142cw,30986964
4152cw,30986965
4144cw,30986966
4141cw,30986967
4103cw,30986968
4153cw,30986969
4143cw,30986970
4148cw,30986971
4108cw,30986972
4111cw,30986973
4112cw,30986974
4151cw,30986975
4149cw,30986976
4146cw,30986977
4106cw,30986978
4173439431g,31011935
4142cw2018,31106274
4152cw2018,31106280
4103022,31201128
41-LTEC,31229423
4114cw2018,31315203
4129tc,31347262
4108ss,31348408
416CS,31351363
419033,31369443
419458,31369541
4188MarB,31377560
4157901561,31928347
4157649750,31929703
4157335090,31929704
4157902608,31929705
41579075610,31929706
41579198560,31929707
4157920117,31929708
41576498300,31929710
41579251530,31929711
4157652570,31929712
4157335910,31929713
4157355350,31929714
41578953440,31929716
4193325598,31963059
417762,32012129
41579112790,32052192
41666,32079528
410w,32153672
411w,32153681
412w,32153687
413w,32153692
414w,32153697
415w,32153704
416w,32153712
417w,32153716
418w,32153727
419w,32153736
4101683jv,32173124
4117lm,32265167
413846,32345585
417329,32345669
41stADMIN,32459216
4180527,32589251
41102annika,32762773
41glasses,32769523
416Barrett,32795224
419498,32795611
418Alex,32822324
419Zaedyn,32822765
419Alisha,32822770
419Alinson,32822780
419Amira,32822785
419Lila,32822982
419Tom,32823013
419Lauren,32823050
419Aiva,32823076
419Zaylie,32823120
419elena,32823174
419Jaylon,32823299
419AiLin,32823313
419Elijah,32823401
419Jeyla,32823770
41454,32867213
41pmaiL,32881584
41133567,32893058
414eminebahar,33318570
4140414,33333077
410392,33507958
414169,33608256
410243,33608268
410376,33608280
410246J,33608311
414159,33608479
410289,33729001
411349,33732756
413891,33786918
41DigiKid,33910922
414025,34033944
41westie,34095162
415411,34211302
41nurseza41,34291342
4131jh,34313589
413j4ndr0_P4di114,34338436
410521072,34353559
412262,34550853
4150463,34573829
4153521,34686693
4175735,34686694
4181333,34686695
4162872,34686696
4182028,34686697
4164094,34686698
4174539,34686699
4163425,34686701
4171841,34686702
4195930,34686703
4176510,34686704
4174072,34686705
4195505,34686706
4168807d,34686707
4164199,34686708
4150249,34686709
4181551,34686710
4168339,34686711
4161063,34686712
4171752,34686713
4149914,34686714
4154737,34686715
4162236,34686716
4153112,34686717
4155864,34686718
4170009,34686719
4177230,34687195
4195329,34687196
4160324,34687197
4164958,34687198
4178093,34687199
4170946,34687200
4164915,34687201
4172275,34687202
4178090,34687203
4196327,34687204
4164276,34687205
4196107,34687206
4174672,34687207
4153993,34687208
4196371,34687209
4177524,34687210
4153876,34687211
4154091d,34687212
4163656,34687213
4172596,34687214
4196509,34687215
4163524,34687216
4162153,34687217
4169753,34687218
4161282,34687219
4153881,34687265
4154191,34687267
4164405,34687268
4162592,34687269
4154093,34687270
4184421,34687272
4173176,34687273
4171892,34687274
4174128,34687275
4163298,34687276
4163284,34687277
4169478,34687278
4162927,34687279
4163287,34687280
4179822,34687281
4182923,34687282
4196695,34687283
4196318,34687284
4162246,34687285
4172015,34687286
4153928,34687287
4172725,34687288
4196676,34687289
4161430,34687290
4159982,34687291
4173669,34687292
4176067,34690336
4153995,34690337
4183034,34690338
4177024,34690339
4169053,34690340
4196485,34690341
4180142,34690342
4153478,34690343
4165572,34690344
4169777,34690345
4163406,34690346
4153509,34690347
4174309,34690348
4175295,34690349
4174819,34690350
4152074,34690351
4176859,34690352
4160558,34690353
4161237,34690354
4196502,34690355
4173212,34690356
4177829,34690417
4176708,34690418
4164346,34690419
4153553,34690420
4175966,34690421
4171153,34690422
4179998,34690423
4162807,34690424
4163536,34690425
4171217,34690426
4168100,34690427
4181898,34690428
4174247,34690429
4153717,34690430
4164338,34690431
4175544,34690432
4176110,34690433
4107002056,34702028
4171877,34706826
418074f,34707127
417389m,34707142
417203d,34707152
417384d,34707162
417433a,34707178
417409l,34707179
418167a,34707191
416067j,34707314
413917j,34707341
4153703,34737370
41baloohgj,34739623
41specialforces,34788693
41382506,34821447
4113bb,34824231
4175178,34915825
4183581753w,34945502
411wkes1,34958654
411wkes2,34958661
411wkes3,34958664
411wkes4,34958679
411wkes5,34958683
411wkes6,34958692
411wkes7,34958703
411wkes8,34958710
411wkes9,34958715
411wkes11,34958724
411wkes12,34958729
411wkes13,34958733
411wkes14,34958738
411wkes15,34958753
411wkes16,34958762
411wkes17,34958770
411wkes18,34958777
411wkes19,34958781
411wkes20,34958784
4177955,34994908
41ab5,35071731
41ab4,35071732
41ab7,35071733
41ab6,35071734
41ab1,35071735
41ab3,35071736
41ab2,35071737
41ab9,35071738
41ab8,35071739
41ab15,35071740
41ab14,35071741
41ab11,35071742
41ab10,35071743
41ab13,35071744
41ab12,35071747
418kedens,35084271
411ymymaa,35085112
414ymymaa,35085134
4197m,35105358
4181795,35110328
4157902141,35110744
41131JRS,35185758
41slesmanatees,35270167
41is41is,35498837
41imagine,35566905
4157929449,35594790
4197665,35607575
4109033-MR,35607581
4155662,35607953
4172566,35651990
4152444,35652560
4100782,35690499
4173984,35694757
41onjj,35706351
41011861,35735852
415RaJiang,35769129
415JuLe2,35769130
415TyHuang2,35769131
415KaLeong3,35769132
415SeMai,35769133
415CaLuo,35769134
415ShChow,35769135
415CuNg,35769136
415WiKuang2,35769137
415KaLei1,35769138
415LiLee2,35769139
415AnXu,35769140
415ChWong20,35769141
415BeMa1,35769142
415QiZeng3,35769143
415ZhZhao,35769144
415ChDiep,35769145
415TeHuang4,35769146
415DoChen4,35769147
415CoLi1,35769148
415JiYe5,35769149
415YuMa1,35769150
415KALY,35769151
415ELTSUI,35769152
415WiWu4,35769153
415KaHuang5,35769154
415AaHuang4,35769155
415LuZuo,35769156
415ZiSitu,35769157
415JiHuo,35769158
415BRZHENG4,35769507
415IVTAN1,35769508
415JATOLENTINO,35769509
415QIHU,35769510
415ANLIAO,35769511
415WIJIANG1,35769512
415JILI34,35769513
415SUSZETO,35769514
415MuZhang,35769515
415COCHEN8,35769516
415JOZENG1,35769517
415MACHEN20,35769518
415ELMA1,35769519
415ERHUEY,35769520
415LUCHEN6,35769521
415GRBAO,35769522
415CAYU,35769523
415KACHEN21,35769524
415RYHUANG3,35769525
415FILIU,35769526
415DEJIANG1,35769527
415ALZHENG,35769528
415ANZHAO1,35769529
415BALIU,35769530
415CHLIU6,35769531
415KYWU,35769532
415XIMEI,35769533
415MASU,35769534
415JAWU2,35769535
41sqI518DI,35777960
4111008143,35785387
4109009271,35785434
4109009271qrrgqweg,35785585
4157927854,35786095
418640bsd,35789118
4109009271sergwe,35826330
4157920116,35826877
4157365410,35826925
410Lisa,35853450
4157387391,35868340
4109009271retertw,35869763
4157926071,35871104
415newei,35875519
415vimai1,35875639
415hoyu2,35875823
41573873911,35909141
4153462934,35917250
41OMGTech,35940722
41090092711,35944791
4110003738,36042458
414071,36051035
417624mendez,36052926
413-,36087635
4107110,36109885
41tegaset,36118097
41noash,36118098
41vebeto,36118099
41elaiz,36118100
41yael,36118101
41neorai,36118102
41mishel,36118103
41elaim,36118104
41mazal,36118105
41eden,36118106
41orel,36118107
41shoval,36118108
41avigail,36118109
41noat,36118110
41yonatans,36118113
41noam,36118114
41liroy,36118115
41ana,36118116
41mai,36118117
41oriya,36118118
41harel,36118119
41noga,36118120
41yonatanb,36118121
41yuval,36118122
41elinoy,36118123
41mosheb,36118124
41moshea,36118125
41zohar,36118126
415Karen,36130313
41718jm,36144945
41BERFIN,36149834
41819jm,36173600
4190201,36196838
410king,36217574
4155667WTW,36235292
4150727,36260205
4196897,36272145
412233NW,36297866
415AlDelgadillo1,36306610
415MaHidalgo,36306611
415IvHuynh,36306612
415MaFortson,36306613
415AnPham1,36306614
415LoPan,36306615
415NoPhan1,36306616
415RiPedroza1,36306617
415DoMejiaTupul,36306618
415JaValdez,36306619
415TuTruong,36306620
415CaTran,36306621
415DaYam,36306622
415AdNguyen3,36306623
415AaLe-Roeun,36306624
415LiLam1,36306625
415CeHernandez1,36306626
415GATagaloa,36306627
415DaBevis,36306628
415JaZhou,36306629
415ChHuynh,36306630
415ZyMoore,36306631
415PhPhun,36306632
415MaClementeDeLeon,36306633
415BrSaavedra,36306634
415IsGarciaGalvan,36306635
415BoElsasser,36306636
415DaDuong,36306637
415PRNELSON,36306638
415SkNguyen,36306639
415JoDiaz,36306640
415JiLiang8,36306641
41ab16,37428541
413500,37562227
4182262-mukom,37575311
4128222,37596906
4157921987,37649530
41TIRADOR,37687457
41VITERBO,37690734
418707mendez,37750999
410701Mendez,37751010
414180mendez,37751025
416626Mendez,37751066
41QUINON,37806589
41ab20,37843171
4157901453,37965074
4157900244,37965087
4157929357,37965101
415Cha-,37998544
411Dav-,37998546
419Dia-,37998547
413Nic-,37998548
414Ver-,37998550
417Rae-,37998555
410Lau-,37998556
418Nel-,37998557
416Luc-,37998560
412Lin-,37998564
4157911201,38007780
4157927637,38007823
4157920852,38007846
4122claire,38066873
4197953,38152485
41192018,38161927
4118jenny,38232575
4157349330,38398944
4123421,38409758
41084JRS,38417731
41chinchilla,38429384
41mokujin,38451084
4178167,38474796
41188999johann,38547804
419Alex,38570982
419Zairin,38570993
419Nathan,38571003
419Alexandra,38571108
419Meron,38571125
419AlexB,38571334
419Jailey,38571550
41YU,38572290
413X54321,38584276
41JTIBUDAN,38596028
419Esmeralda,38632366
419EsmeraldaR,38633073
4157928552,38793199
410SLA,38818024
411SLA,38818027
412SLA,38818031
413SLA,38818034
414SLA,38818037
41naomiy,38853649
41royal2018,38889629
41royal2017,38945526
416768ch,39006337
416949he,39006433
410322PV,39006453
419536OJ,39006508
412234jw,39006795
41celines,39038389
41loreyn41,39038420
41marym,39038433
41sarab,39038455
41francog,39038494
41171pop,39038982
412110,39161516
412731,39161616
418099pda,39161621
416938,39161635
417204,39161711
412110i,39161715
411915PF,39161716
412725,39169170
416891,39169214
413672,39169288
41TANAN,39187096
4184810,39213463
415xovaldez,39214645
4198124221,39259339
4131857685M,39260925
4154cw,39275392
416949hge,39304648
416768,39312578
415224,39379891
415521798,39388917
41chinchilla28,39460907
41SUPERFICIAL,39482207
41bi45,39549004
413_666_8324,39552079
4133s,39559708
41victorinox,39571494
413876,39601962
412Pittsburgh,39617607
412006dory,39645224
412215,39649274
419491,39697754
413BEL,39854696
41y,40006381
411s6,40056431
411s7,40056432
411s4,40056433
411s5,40056434
411s2,40056435
411s3,40056436
411s1,40056437
411s8,40056438
411s9,40056439
416s15,40056442
416s14,40056443
416s17,40056444
416s16,40056445
416s11,40056446
416s10,40056447
416s13,40056448
416s12,40056449
416s28,40056450
416s29,40056451
416s19,40056452
416s18,40056453
416s31,40056454
416s30,40056455
416s5,40056456
416s4,40056457
416s7,40056458
416s6,40056459
416s1,40056460
416s3,40056461
416s2,40056462
416s24,40056463
416s22,40056464
416s9,40056465
416s8,40056466
416s20,40056467
416s25,40056468
416s26,40056469
416s27,40056470
416s32,40056471
416s23,40056472
416s21,40056473
415551,40080122
4155010,40080154
411569,40080186
416417T,40081711
412363a,40081728
418933,40081765
413567,40086774
416775,40086906
4142434,40090533
412363lagat,40106941
41-8214,40124038
41-8215,40124039
41-8235,40124040
41-8202,40124041
41-8236,40124042
41-8800,40124043
41-11999,40124044
41-8377,40124045
41-8329,40124046
41-8245,40124047
41-8208,40124048
41-12005,40124049
41-12004,40124050
41-9122,40124051
41-12001,40124052
41-12017,40124053
41-8384,40124054
41-8406,40124055
41-15538,40124056
41-8877,40124057
41-12000,40124058
41-8266,40124059
41-15558,40124060
41-9148,40124061
41-8655,40124062
41-8656,40124063
41-8760,40124064
41-8651,40124065
41daniel,40134592
4104638,40192684
413379s,40209214
41791hin,40300337
41726,40300385
417949,40306195
411mtg05,40350694
41stEliteCorps,40566280
41523,40585266
4155694379,40677526
4157921777,40679695
4157929828,40679738
4157929388,40679739
4157929384,40679755
4166878158,40711178
4157909289,40718498
4157391610,40718557
4157928850,40718600
4157902858,40718607
4157900803,40718608
4157902469,40718647
4157649290,40718656
4157903608,40718703
4157613130,40718851
410027512,40855933
410050502,40855949
410041003,40855957
410010004,40855964
410778,40876233
4116210,40916961
418091EB,40949040
41177jaymisun,40962220
413262,41037195
4113653887M,41054133
413ymym,41064991
418104,41087243
419student20,41115161
416_spiffy,41124867
418247cp,41155803
41proayg,41162566
4123k,41162749
41Characters,41226079
41047181,41241309
417678,41259535
419810,41259573
416155,41259618
41457robbie,41267392
411847,41317257
411923,41321728
416-Esra,41465782
411-esila,41466109
417398,41542160
417398CW,41542378
41yangzheng,41569850
410-Erkan,41574445
411893,41683411
41540dylan,41696356
410toine,41731274
416750,41777320
4161400953,41914849
4161201656,41914895
4161400763,41918105
417150,41989967
413985,42042570
41eagle,42053205
4106915,42075670
4147359,42075803
4179338,42075960
4127501,42076249
4166851,42076639
418elisceylinmercan,42161477
412936,42165774
415JuONeal,42212273
415TiChen14,42212336
415JoONealII,42212447
415jaevans1,42214003
415Jerry,42224984
41tigist,42372362
41426alexx,42447946
412334,42502951
413880AM,42553097
417407VB,42553111
4175352,42577365
41g,43797979
4167502,43800096
4173075,43800438
4157928691,43975052
4157925185,43975087
4157334170,43975116
41579026260,43975121
4157902378,43975143
4157902619,43975190
41127,44156099
41576713090,44212336
41x,44401294
415_JK,44796419
415_sb,44796420
415_BO,44796421
415_AVM,44796424
415_DF,44796426
415_SJ,44796427
415_BW,44796431
415_VW,44796432
415_DRA,44796436
415_FR,44796438
415_DJ,44796450
415_SJ9,44796473
41Q,44814742
414_EN,44863173
418_LG,44914812
418_ZG,44914815
418_RF,44914818
418_CJ,44914819
418_KJ,44914833
418_YDK,44914841
418---EB,44914842
418_SDB,44914862
418_LDB,44914871
418_DT,44917132
418_LVDL,44917134
413424,44937848
415_9008,45073173
4129333,45170236
4171802,45387170
4127969,45387243
4147289,45387268
4142650,45387277
4174153,45387294
4171934,45387479
4192976,45387632
41918764191876,45407722
4144310548,45413457
419187641,45489878
415_LV,45572871
4128100,45750366
4185011,45750424
41918764894,45828574
419187648944894,45828596
41arranz,45856543
4170510,46145439
418E88UOKx9J,48058492
4119cat,49393662
4136951,49914617
410j69,50146791
4178710,50157456
4185685,50157457
4177681,50157458
4185241,50157459
4185688,50157460
4185381,50157461
4179710,50157462
4172911,50157463
4188434,50157464
4195188,50157467
4185807,50157549
4185491,50157550
4195455,50157554
4166931d,50157555
4163946,50157556
4173545,50157557
4176016,50157558
4177212,50157561
4185637,50157562
4185784,50157566
4176632,50157567
4185871,50157568
4185860,50157569
4185069,50157570
4177298,50157571
4178151,50157572
4157931791,50207314
4157901203,50207409
4157917278,50207411
4157938164,50207412
4157913744,50207419
4157433930,50207420
4157915937,50207427
4157903361,50207430
4157917185,50207523
4157929440,50207524
4157917364,50207534
4157916956,50207549
4157908108,50207571
4184701,50233243
4193171,50257993
41m,50281153
4184741,50295771
4100001384,50299119
4100001284,50299127
4100001642,50331545
416087,50362800
4151401306,50364951
4171500240SG,50364969
4183367,50431381
4172832,50431383
4188168,50431390
4136025,50431391
4181460,50431393
4135882,50431397
4135367,50431404
4162331,50431405
413315,50502274
4143530,50644267
4129745,50644269
4146119,50644273
4130535,50644274
4145894,50644276
4184503,50644278
4129932,50644279
412032,50653842
41070,50665796
4184752,50678203
410014503,50727521
41c,50761825
4167139,50810777
4199404,50838657
4131967,50838658
4128721,50838659
4147521,50838660
4134259,50838661
4182817,51006365
4182761,51006398
4166883,51006428
4167861,51006505
4157917240,51031853
4168410559,51129197
4182709,51171731
4185221,51171864
4167329,51172010
4171097,51172665
4152669,51172824
4195392,51173179
4168022,51173275
4168023,51173329
4166977,51173506
411943,51224292
4103453AM,51490167
4165246,51504569
4141146,51671392
4103758,51671433
4184367,51671493
4106177,51671568
4161301944,52147645
41388makoto,52158188
410047504,52281511
4129190,52355982
4145270,52355983
4173564,52355988
415226,52416930
417492,52476578
412456m,52477402
418skj19,52478165
418376lc,52947694
4194304,53048121
417919,53124533
4191506,53171336
41672,53262050
410Dog,53546075
410012007,53652890
410012504jolin,53696888
410026510,53696966
410026510myah,53697188
4140484,53708034
410044501jaja,53744195
41oo445o1,53798351
417334,54142949
4146986364G,54177181
4135charles,54199534
4115532,54364687
41J,54477962
4157936780,55583966
412752JB,55645005
4102026HillaryA,55657730
4101336,55891938
41monenen,55900464
41monene,55900503
41437usz,55926020
4114626158,55928257
412JJX_JK_,56167538
416operatiu,56323683
41kubo,56367112
41104OYE,56437245
41098ausd,56686200
415521798test,56736140
41shell_1221,56799529
41664256,56803511
419Yasin419,56827823
4184370,56911019
41Richkidit9,56937096
412850,56946886
410Erkan-TDOFF,57078473
415521798games,57367330
415521798projects,57367384
411907,57699651
416883,57699686
4152009_,58048912
41fortnite,58165039
417768,58205558
417301,58245697
41r2eiu,58864268
414915,59068854
4142645,59280435
410020501,59523389
415475,59579767
41Harry,59581069
41816Second,60234165
410161,60443972
41005527,60467841
4158971,60693596
415practicestudent,60795060
415samplestudent,60796250
41numberblockoffical,60863300
4131_Diego,61011045
41aluScratch_CPR,61113492
41tana,61588887
419kei,61659756
415475test,61660881
41store,61787533
4170765,61836098
4168912,61854906
412elab,61865288
4170020,61879269
4112010,61901660
4199414,61909780
416688vbstudents,61974754
4120578,62169356
413-824-8329,62456771
4157941831,62845135
4178190290,62847555
4157932023,63005728
414882,63141677
4184530,63216787
4190477,63216795
41PES2024,63301705
4157883210,63375125
4157393970,63375259
4194052,63447618
4172537,63447620
4178882,63447621
4160758,63447625
4155878,63447627
4179331,63447629
4168402,63447630
4136402,63447633
4186942,63447657
4139096,63447662
4143872,63447666
419gh,63460174
4157945888,63497720
41893dpt,63665297
413383,63763613
41873r8o741yr1,63828985
4106469,64006665
4148848,64006668
4115806,64006676
4111137,64006683
415170,64015830
41KeLeBeK41,64080841
4139131,64147860
41JIAN,64250000
412341,64358809
419FFF,64406826
414_Tarikyavuz,64409871
41Tio,64504112
41schoollmcg,64624550
4116328758,64694821
411ates,64809890
4157947411,64988063
41144,65017566
4149912,65044624
4172678,65044627
4170901,65044849
413X_7H3_84D,65086820
41369l,65211157
4157lt,65323336
413554ndr0503,65409762
41vin,65426768
41animal,65454411
417949NY,65651397
418630EA,65652057
417462SB,65652106
416808XC,65652119
417613EC,65652130
417212JC,65652145
419166CC,65652161
418871MK,65652232
418256IT,65652355
419538KW,65652386
410wood,65741708
41muhammet,65920022
417670JM,65970155
417Shortty,66285276
41-,66380278
41-Heidi,66382233
4149796,66397232
4149769,66397328
4191337,66397329
4192957,66397367
4127839,66397368
4193735,66397375
4160247,66397376
4150537,66397387
4192393,66397393
4191870,66397412
4150418,66397563
4155951,66398033
4180795,66404293
41sathompson,66426807
4180604,66434621
419024,66440169
4149725r,66474334
4166683_qwerty,66518704
4158426,66667420
41ash370,66776394
41gh20,66896896
41070a,67054275
41857A,67054327
4158906,67142975
4190042,67143069
4190099,67143082
4194629,67143091
4190073,67143148
4190075,67143170
4190070,67143249
4190066,67143258
4190068,67143344
4183076,67143401
41946299,67143576
419006,67165323
41-H,67170611
4162012,67434677
4156942,67434701
4161822,67434726
4161866,67434731
4161782,67434754
4160583,67434776
4161581,67434782
4161868,67434786
4161852,67434851
4161826,67434911
4161862,67435066
4195946,67435217
4161775,67435980
4161838,67436157
4162012H,67436796
4162008,67437257
4190077,67469775
41902222,67644061
41167,67699737
4161826A,67718919
41KeLeBek_pestik77,67785228
415-mina,67845285
418-mina,67851790
4125888,68081813
41069student,68182532
4188931,68310208
4188528,68310232
4188713,68310275
4188954,68310294
4194075,68310315
4188573,68310356
4161817,68310558
4188184,68310656
4194074,68310813
4188931dallasisd,68384072
41940755,68384114
41885288,68384417
4188931888,68384524
4188972,68405323
41EDA,68418541
4114157794,68446954
4114157794LB,68447185
4161826Alo,68447804
41i,68746910
4191166,68798263
4191129,68799009
4166188,68805340
4129224,68868719
41084PTS,68901081
411AKIS,69398554
41cherry41,69560257
4153Lizard,69726317
41724WIL,70561789
4142jc,70666606
4158186,70874977
413x14p,70907112
4167974330,70988143
411Atomkerne,71007851
41cat41,71326920
41581,71393504
418EGE418,71505295
411a_2011,72223558
412581,72331230
413josiah,72478509
41O,72556516
4141xolbor,72915062
4123duck,72916109
41651,72960235
417imagines,73019805
41S,73356715
4180235,73362304
41k_crimes,73394502
415Nancy2008,73464499
416401,73547386
419alifcum,74447958
41kcrimes_,74621284
418685,74648463
41hawraa,74814205
413pcc03,75225360
418hil-yes,75302732
41720-c6b,75497284
418mert,75512935
417medine,75512962
41MeeMee1010,75716344
4115kks1,75754670
4102kara,75943236
4178264,76020710
41SRF,76362703
41iloveanimals,76788015
4123423141234123,76886809
410-sato,77263153
413owas7516s5,77422674
419kiys2022s5,77422677
412ksgi5635s5,77422679
417nssn3882s5,77422681
411kmki2234s5,77422693
414seto4138s5,77422695
416ngkt7783s5,77422699
410onog9769s5,77422702
418tyak9365s5,77422709
415togo6670s5,77422714
41454_Fridge,77466877
4188564219,77504845
4114loving4114loving,77595242
411a_201,77747048
41325133,77879691
41kakeru41,78438236
4115swastik,78813532
41s16060,79577759
41_,80084259
41211122,80165398
41SaltyCat18,80345018
41000012861,80346173
4100001374,80401373
41Ember34,80521334
4161791895,80711643
41forest,80722484
41stelt1,80764687
41stelt2,80764716
41stelt3,80764904
41stelt4,80764926
41stelt5,80764952
41stelt6,80764954
41stelt7,80764967
41stelt8,80764970
41stelt9,80764975
41stelt10,80764977
41stelt11,80764983
41stelt12,80765017
41stelt13,80765029
41stelt14,80765038
41stelt15,80765046
41stelt16,80765052
41stelt17,80765072
41stelt18,80765099
41stelt19,80765103
41stelt20,80765115
41stelt21,80765149
41stelt22,80765163
41stelt23,80765167
41stelt24,80765170
41stelt25,80765178
417panda,80928943
41earth41,80954820
4142474669s,81620802
41026870,81875963
41033271,81875964
41077275,81875965
41028215,81875966
41023491,81875967
41028423,81875970
41056195,81875971
41028427,81875973
41029052,81875974
41058784,81875975
41028348,81875976
41046132,81875977
41028394,81875978
41034415,81875979
41030888,81875980
41071125,81875981
41051486,81875982
41054564,81875984
41016532,81875986
41021055,81875988
41021957,81875990
41028255,81875991
41031098,81875992
41028590,81876159
41016649,81876278
41019876,81876279
41034808,81876281
41028374,81876282
41021258,81876283
41028356,81876284
41029185,81876287
41028073,81876288
41029309,81876289
41030570,81876290
41025681,81876293
41030899,81876294
41028614,81876295
41028556,81876296
41028398,81876298
41028852,81876299
41046612,81876300
41029194,81876301
41069537,81876302
41023327,81876303
41028424,81876304
41048530,81876305
4177277,82027006
4157120,82154057
4191563,82154326
4178383,82225186
41028416,82259343
41028592,82259344
41028421,82259345
41028245,82259346
41028599,82259347
41030913,82259348
41029324,82259349
41028355,82259350
41030900,82259351
41028587,82259352
41028604,82259353
41028560,82259354
41028802,82259356
41028562,82259357
41026543,82259359
41030524,82259360
41039366,82259361
41020361,82259362
41045464,82259363
41028198,82259364
41055359,82259365
41065576,82259366
41044617,82259367
41211122_sub,82366145
4148091,82474636
418sassa,82517459
414mustafa,82585958
4172839,82657862
414340,82675761
4194092,82768625
4188899,82873716
4191922CoolDude,82873790
4193472,82873793
4191858,82873796
4190498,82873948
4191914,82873954
4191906,82873972
4191808,82874043
4191949,82874114
4191922CoolGuy,82874307
4191840,82874349
4193472h,82874404
419gh_123,82877895
41y884,82928103
41919,82989968
419ghNews,83003936
4190634,83050790
414996,83064640
4191922,83067294
4159029,83138358
4159023,83138368
4159006,83138416
4159660,83138468
415175,83270439
4130331,83444684
41tracen,83471406
41EtKu,83479833
41JoRo,83480124
4100574,83674669
41y88a,83802449
417108417108,83831116
4157954548,83939652
412abfutil,84136739
4105iPad,84321164
4118game,84321165
4111liamu,84321168
4103DORIA,84321169
4104win,84321170
4102cyawanmusi,84321171
4107art,84321172
4117panda,84321173
4123mochimochi,84321174
4114cook,84321175
4115smile,84321176
4116yes,84321177
4113cat,84321178
4121DOOD,84321179
4109rice,84321180
4108bee,84321184
4112book,84321185
4110book,84321186
4122cat,84321187
4101Flower,84321215
4120shiningmoon,84321284
4106aipad,84321342
4119bread,84321346
411121,84322298
414ep,84512010
419jw,84512013
415tr,84512021
417js,84512024
412ep,84512025
418rt,84512027
413np,84512030
410ao,84512034
416fs,84512036
411mp,84512047
41596600,84859648
4160849,84859649
41590060,84859665
4160971,84859672
41590230,84859698
4196484,84859718
41590290,84859729
415900600,84864994
416084916,84904141
413chc,85308168
4132200047,85350641
41356rw353hj,85366200
4157347,85412852
4174145,85412971
4193288,85412975
4157346,85413027
4157464,85413032
4164432,85413217
4166541,85414478
4168273,85422036
4164409,85432227
4196843,85432368
4195966,85432561
4157375,85432568
4167218,85432687
4107craft,85468248
4157349,85488361
4174411,85506317
41axel41,85583555
41919requests,85684896
4193955_201110,85820523
4116Dad,85852473
4151122,85983983
41r,86467621
4191294,86761955
4191295,86767253
418owl,86850345
4102128coder,86867739
41816Third,86971499
4102605coder,87029509
419341,87045461
4119bead,87061431
4119braed,87062586
4180331,87114217
4119braaed,87149483
4119beead,87204208
4119beeead,87204368
416508,87547697
41bink,87559776
41E,87573433
41F,87573434
41L,87573519
41U,87573524
41V,87573525
41W,87573526
41P,87573527
41Z,87573530
414_nolan_4,87645517
412kakeru412,87861612
4100000sc,88014198
4105706,88130407
4103610,88139791
41stelt26,88144169
416panda,88197703
413Lucy,88445505
4100095vdg,88499021
4100491mc,88499060
4100046vb,88499066
4100699hv,88499068
4100921cds,88499069
4100053ed,88499070
4100129SN,88499073
4100855vl,88499074
4100665ef,88499077
4101841tp,88499078
4101499mc,88499079
4100436rc,88499086
4100582jg,88499087
4100897gd,88499094
41015ml,88499101
4101010ec,88499118
4101416jl,88499154
4101549tg,88499155
4100707,88499313
4101465jl,88499348
4101622LL,88499357
4100954sl,88499358
4100970cc,88499368
4101598ID,88499375
4100285ev,88499377
4101473VH,88499378
4100715WR,88499380
410244lm,88499381
4100145ac,88499386
4101374CH,88499390
4101606Lc,88499392
4100111vg,88499403
4101069dstp,88499407
4101242gm,88499412
4101051kerannaxb,88499429
4100442yd,88499552
4100160xc,88499568
4106aip,88525444
4113NekoNeko,88526577
41lemur,88642266
4145674,89277790
410epic,89435275
41BurgundyCoder,89636386
4119Breead,89730995
4124274455,89836741
4119braedD,89884636
4119breeAdD,89885271
41losaUru5,90412115
4122-Mani-G,90545843
411BTY,90656943
41TMSGolt,90759618
41D0UG,91035574
4152ab,91687433
41Tranlehoangvy,92169483
41batman,92173775
411give,92580606
41_Tranlehoangvy,93052284
41stelt00,93065564
415haru,93133383
4121200,93163771
411aprilmendoza,93400155
41stelt27,93537061
41166683_qwerty,93579797
419ghLifts,93583783
414094,93657942
4102406,93775499
414049,94761952
413Eylul,95402316
413Ceylin,95403824
414287Jamesydoo,95420143
4172653116,95864054
41ai,96009483
414688C,96209997
411K_ikeda-kokura,96446338
4115BBS,96446346
4162771313,96586916
4110hsj,96642264
41206Andrew,96756482
414632,96903165
4188632,97279262
4111024,97285990
4101NN,97441662
410students,97554904
416125,98575684
41CatZ,98669225
41411717,98725662
41-maria,98762993
4159148,98979769
416851,99160133
413xg4m3,99181559
4100001686a,99309380
4100001375,99313580
410000129a,99592559
41ison,99815040
4102141,99981252
41ison_rh14,100193063
41Tesla,100351108
4103081Rafael,100401994
4102554,100402265
41VioletHyena,100567637
414Silverquick,100583585
411jeaG,100641334
411darT,100641339
411fraT,100641348
411omaZ,100641349
411matP,100641352
411maiJ,100641353
411natZ,100641354
411sanM,100641357
411jonL,100641362
418vivL,100642383
418matP,100642384
418juaP,100642385
418javL,100642387
418zeeW,100642389
418aloM,100642390
418ausY,100642391
418jasL,100642392
418marS,100642393
418tifL,100642394
418ashL,100642395
418cecC,100642396
418matM,100642397
418vicV,100642398
418jayC,100642399
418isaR,100642400
418ivaS,100642401
418ameC,100642402
418nicC,100642404
418sarO,100642405
418nicM,100642406
418isaW,100642407
418elyM,100642408
418alaC,100642410
418danM,100642412
418vicM,100642413
418neiM,100642414
418mathA,100642415
4118600,100652042
415estS,100923213
415marC,100923214
415lucZ,100923216
415kenG,100923217
415matA,100923219
415kevL,100923220
415celQ,100923221
415subV,100923222
415noaS,100923225
415hasA,100923227
415kyaG,100923228
415dylF,100923229
415nuoL,100923230
415kayR,100923231
415jimC,100923232
415lilG,100923233
415jenZ,100923234
415priS,100923235
415sebC,100923236
415melF,100923237
415ilaC,100923239
415eliR,100923240
415derL,100923241
415thiaM,100923242
415sofK,100923243
416yueC,100923267
416geoR,100923274
416evaL,100923275
416jacB,100923288
416aminakhan619,101138611
415carter_,101371843
414697EZ,101934468
416649BSM,101934545
414393AL,101934612
414499EW,101934650
414606JB,101934651
414308MF,101934803
415403AT,101934841
414399HL,101934929
414318RG,101934986
414509CZ,101935638
414466,101935812
414447SN,101935888
41ktheymad,102060572
412gamer,102404881
413005,102583483
4170670783,102658860
418-mitsuki,102697057
414_Palle,102905440
412ryunosuke,103473112
4132adilynrose,103601669
416777832,103958519
4181130,103959183
413pro,104005409
4166411chinito,104072197
4121040,104073292
41d1nn1,104394421
416401p,104514942
415kei,105056698
41joshy,105573263
413_oig_sophia,105784772
41207-Tmint,105787773
41901512,105816863
419ghGames,105951490
410334,106029648
419niph,106229344
412314a,106319385
4152345,106349119
415shino,106350736
418VF2031,106711220
417VF2031,106711284
412VF2031,106711306
414vf2031,106711351
416VF2031,106711356
411VF2031,106711777
41am0,107005997
41021060,107170730
410711,107380153
415663,107577756
417nirotomamay,107673977
41433Smith,107722196
41760Khatri,107722816
41yhpargotohp,107758346
412612F,107890383
41246f,107890570
418is2223,107932645
419is2223,107932648
411is2223,107932650
416is2223,107932654
412is2223,107932658
414is2223,107932666
417is2223,107932671
415is2223,107932675
410is2223,107932677
413is2223,107932678
4111900086,108266060
414697ErZ,108668599
41k0_W0lf3,108883111
4123AaA1234,108909902
41043013,108968341
41041939,108968681
41040772,108976462
41ty41,109061816
41LRPACLC,109084888
41LRDACLC,109085159
419gh_124,109773363
414test,109811316
414othertest,109817990
41dragonfire,110017165
416iis2223,110099650
41fastcloud,110109971
4107th,110642055
4103h,110892972
4105h,110892976
41lI,112089188
414bombombombombmok,112229168
41358530,112696612
416sofg,113507861
419techr,113573549
415techbb,113639992
412-03_Action_Output,113745984
415-Livia-Hayes,113755970
418emiH,113822354
418pabM,113822466
410572,114065828
41mations,114277038
414_H3nry_St31n,114623213
41512294,115068860
41taiyou,115246279
41888,115583667
41-sumn,115589907
415830,115643899
4159433,115743860
418dult,115853363
41_boi,116055363
410point5,116843648
411ScienceLady,117039166
419ghforgottenpass,117386741
41redapple,117608162
41130Charlie,117709415
41611Ariyanah,117844981
41005Edmund,117844988
41992Finn,117845011
41448Isaac,117845023
41107Isabella,117845026
41064Bambi,117845063
41949,117846290
4199900,117878249
41072,117946575
41x-s9d4w,117972347
41AW,118202950
41MD,118202963
41Mg,118202978
41RR,118202991
41RK,118203006
41rj,118203009
41BM,118203010
41bha,118203014
41jf,118203015
41td,118203031
41kc,118203032
41am,118203034
41htl,118203035
41kd,118203039
41ll1,118203042
41eg,118203056
41ke,118203061
41GH,118203071
41msb,118203079
41sp,118203094
41aw1,118203112
41kjs,118203114
41jp,118203147
41-2011-zwlwd,118203153
41mj,118203229
41jillian,118203235
41AD1,118203248
41jillianswartz,118203664
41jp1,118203710
41jp2,118204049
410mom23,118256274
41spacecamp,118383325
41_Morales,118396522
41js1,119072779
414548,119233504
41KK,119412840
4161687D,119547948
4164275dallasisd,119663093
41VhDa,119677210
412616,120121262
410ns-stem,120279539
41683_qwerty,120480871
412ilovesushi,120915528
413x5,121210363
416701431,121772328
4137a,122047444
41_s13nn4,122253470
415technology,123045774
411technolgy,123045871
412Technology,123045876
410Technology,123045893
414technology,123045905
413technology,123045938
411sitech,123046053
41027060,123147082
4166578TC,123454124
4192543RD,123454187
4102960OD,123454218
4160347KG,123454226
4134715MB,123454247
4166175RB,123454283
4193518YA,123454337
4177060CL,123454393
4159671DN,123454498
4163390VD,123454508
4178427HC,123454525
4134756CR,123454550
4131937MXP,123454595
4177060CM,123454805
4191663MJ,123454887
4126413OE,123455104
4126413ON,123455178
4195865PL,123455465
4163747JC,123469384
4139921TR,123469386
4143047VS,123469392
4159592GM,123469395
4186744CM,123469396
4161494GL,123469397
4164562LJ,123469400
4164856VH,123469401
4193555DA,123469405
4127365BJ,123469414
4184039HS,123469415
4190298SD,123476983
418hnfdh,123525889
4132746RB,123714431
4138jfdnjrh,123878885
413pm,123958505
4126cheatcode,124181927
4131094AB,124585525
4100409,124936314
41ice_,124984806
415_cupcake,125123124
414n2010,125745763
41t0r_1C,125750963
411matt,125956238
411harc,125956239
411aina,125956240
411helw,125956241
411haoc,125956243
411hugf,125956244
411syan,125956245
411geol,125956246
411matm,125956248
411angl,125956250
411rasg,125956251
411this,125956252
411isaj,125956253
411libl,125956254
411jerc,125956255
411sana,125956257
411jayl,125956258
411yulw,125956259
411josm,125956260
411zhez,125956261
411yoab,125956262
411marp,125956263
411estc,125956264
411emis,125956265
411seoy,125956266
411saml,125956267
411dulp,125956269
411ales,125956270
41chou,126186457
4140bible-srelease,126334345
41S2ZS29,126530891
41S2LV22,126530892
41S2AI25,126530893
41S2NL1,126530895
41S2EP8,126530896
41S2FM5,126530897
41S2YJ3,126530898
41S2RD27,126530899
41S2DS10,126530900
41S2RK24,126530901
41S2KE12,126530902
41S2YN29,126530903
41S2MN16,126530904
41S2PD13,126530905
41S2RO12,126530906
41S2FH20,126530907
41S2EB13,126530908
41S2LB22,126530909
41S2EG21,126530910
41S2DA8,126530911
41S2AS21,126530912
418440,126557064
413XR4Y,126593699
412655555,126949079
4183jonnyboy,127089447
41fauconnierleo,127310807
41lefevrerose,127310866
414901,127494817
41S2KD13,127538091
41S2AD8,127538146
410475,127850271
4101ti,128353021
41BZA5,128404212
412Joey,128929352
41487777,128980821
4131970NA,128981256
4178407AV,128984212
4191501QI,128984216
4178999KF,128984255
4194089vs,128984283
4131153AN,128984291
4163180GG,128984310
4194704IO,128984341
4128227AMA,128984353
4169577BZ,128984360
4163180GGG,128984423
417311_cnusd_k12caus,129078317
416160,129115547
4166683HJN,129488701
4124795JJB,129495254
4191715,129509218
4191673JN,129655380
41-7c-2024,129923974
417574686f72,129986285
417406,130131406
415570giovannipepin,130699586
41-khanhvy-87,130724327
419gh26,131295760
41789450,131408882
4178999,131566654
416v,131738759
4148777,131876667
4183yrrah,132095892
413gamer,132537503
414gamer,132537991
415gamer,132538091
416gamer,132538443
417gamer,132538697
41cavalli,132784093
4117958,133129889
412widkzz,133554578
41kos,134576793
41denisse,135213459
41ng,135537462
4194304scratchers,135643151
414MydogC,135773956
41fm7b,135868730
414_Mydogc,135895453
411687,137021513
41aka,137357625
4110-4110,139298624
4151205,139448174
41Chrst_,139559298
41919isinappropriate,139579351
4174532TTT-281,140823656
4174532TTT-280,140849423
416vMAX,140920350
4190199,141176050
4124as,141652367
