552commando,54130
551,54189
55391,56102
555,56637
55555,96011
555not6,100615
55aa,101566
5555,111733
555mac,120134
553,131661
55699,146132
5596599,162583
555555,166145
559,166474
555venom55,176283
555zzz,214370
55cent100,216268
555v,218678
55Matty,220678
550068,246378
5555555555,249807
556,259119
55jam55,273078
558545,293835
5527l,331915
55555UU,347774
558,361543
5505,370822
55372,388694
55555555,394600
555123666123,406602
55MASmith,440620
55728,473703
55729,473748
55209,473751
55948,473753
55271,473755
55chevy,474941
5529eks,498668
557,510554
550483,512925
550477,512928
554433,540574
551999,609223
552850,635252
557768,652357
555214,658806
55e,688448
5566123,697627
550,719727
5588,736335
55193781,738024
5532,738025
55660022,739403
552,740042
55LASmith,741160
5564336,756663
5544332211,820470
55633,839616
55349871337,959238
5586553,988901
557525,1019741
55theawesomeone55,1032000
553195644,1053209
557768557768,1129046
555-555-555,1143601
554321,1206508
555666,1243187
5513,1243285
5512,1243288
5555jerry,1251012
55822zzz,1368827
557711,1374963
5580115217,1451913
5580115233,1462713
55160084,1754442
55ee2,1759094
5515539,1778348
55113,1837469
55583266,1989946
55556653,2014455
55fubingxian,2038815
55phengcheng,2038817
555sean,2056925
550029691,2075302
553775138,2178951
55497,2230369
555gg,2279157
555jnw555,2304806
55419,2340784
5514,2387701
555_earn,2410926
55ikc708O_O,2427596
55carrots,2434653
55candy,2498641
555556,2515438
555man,2537225
55_55,2545820
550576898,2565834
55646,2568390
5505768988,2582943
5510717,2643482
5510617,2643484
5513514,2643485
5513416,2651743
5510216,2661708
55quest55,2698758
55an1,2699013
5508,2712376
5504winy,2716241
55harris,2732231
55543,2742208
55daddy1090,2769118
550549,2779926
55Particlearts,2796636
556464646,2798223
556_scratch,2881473
55628,2924058
55944,2924068
555513,2947391
55winner,2964134
551836,2993498
551horai,3016246
551horaimogyu,3016249
55041,3040274
55000,3040280
55158571,3045976
555-2368,3083148
555riley,3113347
5588sljiva,3123227
55db,3172450
55555hi55555,3196050
55alex55,3198763
55reth55,3226577
555potatoe,3252776
5564,3253157
5512828,3375803
555555555555555,3415118
55978,3473115
555555555555555555,3487213
5555566666,3503170
552562,3507731
55551111,3543957
5552,3560769
55123,3574799
557964,3585566
5568,3587135
555112,3591466
557772,3629806
5523bella,3787153
554798453,4022203
55057,4061567
555I,4151158
55fingers,4278086
5581411,4332917
55555566666,4375384
55scratch2014,4471474
55goo,4493904
555elias,4589944
55hotshot,4607972
5555A,4615245
55742,4685545
555512,4696007
555juliane,4751928
55men,4754754
55StarGirl,5705842
55buttsonawall,5836886
5524,6014582
5534y,6148272
5530km,6240970
55firefly,6283482
55435555,6328794
5555512,6368862
555225,6644640
5543mj,6996322
550maciek,7018714
5536371,7237084
55alien,7442474
555Jen555,7598118
555wolfgirl,7619606
555222888000,7624458
556677889900mmmmm,7629438
555luigi,7629894
55178,7747918
5534531,7776108
55JJG,7833678
55075507,7914204
55r,7952934
550knots,7989718
55_sinem,8379106
55956,8785110
55s,8846078
55651,9299260
554,9395584
5555carlos,9755106
5578,9974512
55kieranwhy,10125008
55967,11113848
55DogMilkshake,11186442
555BEATZ,11354650
556685,11368818
55gdog55,11517614
55375,11525684
55bradley55,11677414
55mnc1,11794078
55158,12206572
559436,12262382
555hellokitty,12628822
556OmegaGamer,12989492
55831,13056270
557aaa,13189195
5534,13231065
559386,13254949
555ddd,13850057
55557,13859829
55p,13948081
55ollie,13969456
5590998,14098176
55maisy,14184328
559933,14236643
5554565,14338902
55TAHA55,14482495
55555556,14586155
55249001,14638356
555817,14665920
55md67,14780605
555666444,14788959
55565,14839643
5554rex,15667501
55B,15699634
55h,15885995
555867555,15908025
5505843,16165332
55544443333322222101,16192213
5566774483,16193359
555555566,16227713
5555511,16274212
55313001,16317105
55482,16417109
55wombat55,16683296
558610,16936465
5598660,16942383
55a2k1,17054639
55robot55,17137280
55A,17369576
55shadow55,17377578
55755,17652463
555socer,17690718
55Crafter,17816773
55PatrickH,17882973
55_FlamingArcher_55,17958832
554347,18073828
55silky,18075400
5554271,18090286
5585,18137445
55007,18422477
5511cvusd,18422718
55555m,18428914
55Abrina,18493151
554ps1,18514453
558832,18539938
5589p,18597183
5581421757,18606191
5532818924,18634140
5578819265,18634188
55e55,18635078
55555123mw,18637088
55ASD55,18663589
551GloTown,18668853
55monkey,18703922
5542cvusd,18722510
555max,18804224
5592B26D56a,18921589
5533824944,18930253
55261,18942925
554433718,18952340
5548C,19001062
55572,19103578
5525754649,19153511
55l,19174024
5593262152,19177286
55Piper24,19187618
5578998372,19202619
5514358542,19209745
55K,19318188
5585138413,19347091
557612,19384643
55727aam,19451255
55j,19476207
559528,19544989
559478,19544997
556072,19545015
554782,19545033
555454,19545052
555651,19545079
554826,19545101
554807,19545132
554827,19545161
553872,19545227
553925,19545241
554790,19545294
554830,19545311
555968,19545331
553987,19545341
554794,19545358
555572,19545364
554910,19545375
554796,19545389
554813,19545409
554797,19545414
5574143941,19604925
5596543969,19606561
55099,19608235
55399,19608272
553902JO,19612947
553917MW,19612948
553867LJ,19612949
553680VB,19612950
554059AB,19612951
553905BP,19612952
553912GS,19612953
559512MM,19612954
559595IF,19612955
553691EB,19612957
553579BB,19612958
553727KG,19612959
5545502DC,19612960
555773AL,19612961
555954RE,19612962
554072MF,19612963
553831ND,19612964
553867LSJ,19613002
553917MAW,19615605
559558LJM,19615664
554150IH,19618444
5516618193,19623711
55Teacher,19702497
55savage,19778134
5544momo,19778602
55332,19859304
55qwerty1230,19867735
55005500,19888523
557Scratcher,20089842
559Scratcher,20199580
553Scratcher,20199606
553999,20294979
5511460,20398022
5511396,20416244
554376,20430392
5555553,20490436
554732,20525523
556026cb,20594169
555452ca,20594181
555452br,20594189
554693bw,20594191
555420bc,20594196
554816gb,20594201
555541kb,20594202
559487pg,20594208
554709aj,20594211
55SanSeverino,20647306
555timeric,20757619
55tt89roof,20811927
550113140094,20817394
55506zbi,20835519
558145,20891556
555nik555,21184788
55361979,21225383
552j,21273537
5555505550,21275644
5510551055,21275667
55909,21277979
55girl,21311915
556663,21398305
556673,21398306
556675,21398307
556674,21398308
556706,21398309
557434,21398310
558306,21398311
556668,21398312
558304,21398313
556586,21398314
558051,21398315
558364,21398316
556608,21398317
557494,21398318
557068,21398319
556753,21398320
556751,21398321
559175,21398322
557309,21398323
556696,21398324
556695,21398325
556548,21398326
559349,21398327
557704,21398328
556709,21398329
558435,21398330
556872,21398331
559264,21398332
558459,21398333
5586974797,21470001
55t,21487608
5502878787,21498742
5507oP9487,21498752
5511catRR,21498753
5503ken,21498760
5525Bonnie,21498783
5530viola,21498832
5526aa,21498840
555111222,21552450
555624,21576209
5505andrew,21632101
55215521,21632138
552246,21752980
555015,21854262
554545459475894,21937349
55Cloud55,21981782
55jade,22069032
555111333000,22268806
55mmmmmm5555,22328636
55555555444,22454426
55bc,22460905
5511637,22524547
55yy,22546910
5511469,22549768
55m,22584101
5565876141,22651569
55667777,22695498
5595i5jn,22723959
55y,22755609
55555EthanT,22874313
559A1,22893627
55dschiavone,23087148
55rose,23260663
559009,23345417
558855,23801971
556637832,23915416
55621002336,23981668
5542488978,23982679
55107,24043266
5511912336,24142173
5543455,24166761
555533333333,24240767
55905,24459452
559_237,24551449
556kayla,24558833
5555555555554444444,24568528
555doraemon,24607517
555616,24659729
555er,24772296
55038,24893031
55nori,24921060
5545151,24921255
55sunny555,25077980
5539999s,25100342
5509999s,25100358
5529999s,25100364
5519999s,25100370
555544213,25188907
55mrkimi,25196898
55632,25243611
5535991325,25250201
55green55,25263184
5582-V2,25316600
5572000,25393910
5511000,25393921
5507900,25393922
5507400,25393924
5582300,25422461
5545500,25422464
5589500,25422742
5506000,25423239
5536000,25423255
5557799,25519171
5560100,25532464
5559300,25532467
5548800,25532470
5593262152m,25532636
550003330,25544264
55Ziggy17,25574547
550600,25585578
550014,25585600
550030,25585604
550011,25585606
550313,25585608
550033,25585614
550022,25585615
550005,25585616
550037,25585617
550001,25585620
550038,25585621
550004,25585625
550036,25585626
550021,25585627
550019,25585635
550029,25585639
550028,25585640
550026,25585642
5500271,25585644
550002,25585648
550034,25585649
550009-1,25585651
550012,25585657
550008-1,25585661
550318,25585663
550007,25585668
550035,25585669
550025,25585677
550031,25585679
550018-,25585682
550015,25585688
5500241,25585693
550016,25585704
550006,25585717
550017-,25585725
550009-2,25585726
550025-1,25585727
5503121,25585731
550020111,25585839
550032,25585867
5500991,25630245
550080,25630249
550092,25630251
5500981,25630254
550089,25630255
550319,25630256
550105,25630262
5501011,25630265
5500821,25630267
550081,25630271
550112,25630272
550100,25630274
550076,25630275
550094,25630277
550088,25630279
550085,25630282
550106,25630285
550111,25630287
550086,25630289
550093,25630291
550113,25630294
550087,25630297
5501081,25630299
550109,25630301
550084,25630302
550114,25630304
550095,25630306
550091,25630312
550096,25630315
550107,25630317
5500901,25630320
550097,25630328
5500831,25630339
550110,25630340
550077,25630374
5501031,25630377
5500781,25630379
5501021,25630385
550118,25717427
550130,25717429
550147,25717430
550131,25717431
550139,25717435
550152,25717436
550141,25717437
550132,25717441
550320,25717442
550122,25717443
550121,25717446
5501231,25717449
550140,25717450
550138,25717451
550129,25717452
5501511,25717453
550135,25717455
550148,25717456
550137,25717461
550134,25717462
550116,25717463
550136,25717468
550149,25717478
550119,25717480
550128,25717481
550127,25717482
550133,25717483
5501421,25717484
550150,25717486
550117,25717488
550314,25717494
550143,25717495
550125,25717502
550126,25717509
550120,25717526
5585000,25733132
555698,25741287
555898,25742891
5500411,25753151
550040,25753152
550069,25753153
550039,25753154
550044,25753156
550047,25753161
550057,25753162
550064,25753163
5500671,25753164
550310,25753166
550056,25753167
5500431,25753168
550070,25753171
5500531,25753172
550054,25753173
550073,25753178
5500681,25753179
5500661,25753181
5500421,25753182
5500451,25753183
5500711,25753188
550074,25753190
550048,25753196
550058,25753198
550051,25753199
550050,25753200
550063,25753203
550065,25753206
5500551,25753208
550072,25753210
550062,25753212
550075,25753213
550052,25753219
550061,25753220
550059,25753222
550049,25753225
550325,25753226
550060,25753240
550fr,25789310
550146,25794593
55talia,25912208
55jonathan,25912261
5557557587,25919785
5533824944H,25924506
55xscratch,25926370
55894cvusd3,25945060
55468cvusd3,25945061
555dezmann,25982836
557q,25991590
5508000,26051379
5500500,26051384
5555rrr,26063087
5587400,26066464
5530123,26073479
551363,26094009
552_canbora,26113275
552k,26142614
5544325198,26174183
55614313,26195423
5560300,26233353
5559800,26233360
5502665,26236298
5502662,26236973
555avacado,26292245
555Catrina555,26332424
555alexpettus055,26337074
55318001,26341869
5501451,26359906
55157r,26406344
5508900,26409177
5539000,26409195
55555ffffhhhh,26428135
5594700,26441404
553467,26625276
550echo,26653741
55621245,26752031
556212454,26752058
557412,26795079
557689,26795080
557417,26795081
557565,26795082
557427,26795083
557555,26795084
5512014,26795085
557340,26795086
557456,26795087
557377,26795088
55-7670,26795089
557404,26795090
557030,26795091
5512050,26795092
5512073,26795093
557035,26795094
5512057,26795095
557441,26795096
557025,26795097
557024,26795098
5511943,26795099
557386,26795100
557385,26795101
558790,26795102
557393,26795103
558299,26795104
558061,26795105
554jyx,26841130
55weintraub,26859752
55Marko55,26872130
5585542516,26916516
557Ian,26925257
5575GABS,26980710
55naokuma,27058026
555Rose123,27081467
555Neki,27081477
555danial,27081508
555zuhayr,27081509
555azba,27081555
555XxxYussuf3456xxX,27081559
555yana,27081594
555aleeza,27081631
554b,27103356
5566LSB,27229824
55jasji,27237795
555X,27245425
55kamyk55,27248366
55716j,27321994
555RH,27438290
555tt,27522774
5559CCJ,27591404
5555dab,27713250
5512688529,27860573
559703439,27872085
555omg,27941727
555556555556,28119362
559fabian,28126284
555534,28170119
55AvaS,28284647
556CC,28305731
55dragon55,28351830
555Al,28426773
55286oma1,28470282
55555876,28474850
55FIRE,28581332
55612659,28649265
55612434,28653371
55612434a,28653444
550389,28655888
55613182,28673606
55615321,28673637
55615177,28673685
55615321a,28694951
55won,28780145
5516Chato,28781886
55EvilPenguin660,28873422
552277,28879762
550285,28890627
5575774893,28899824
55615533,28905440
559591ogden,29198355
558254aguon,29554508
55q,29716721
5513194,29722250
55dance,29934109
55i,29982638
555artcontest,30019203
55039428,30188932
55102,30401386
5515tnis,30403006
55205,30412317
558913,30456029
5513199,30479307
55555five,30508706
5505591215894515958,30588754
55686,30593364
55horse,30666974
555igloo,30809060
555dribble,30809062
555whale,30809065
55543218,30864638
55332244,30876479
55horse5,30956632
5552471Tucker,31001769
555ppppp---,31097175
55730515,31109992
55-LTEC,31229434
5534981164,31262432
55504455AC,31342844
55504565CM,31342991
55504515RR,31343033
55431231853211_,31490799
555244,31587333
55cat34,31839648
55betul34,31839679
5536B,31911127
5516B,31911129
556carter,31960732
55504543MC,32143302
55504386DM,32143432
55504457DM,32143443
55504476JP,32210213
55504569DS,32210337
55504531YV,32210393
55504451ID,32212628
55504567AL,32212682
55504558JU,32212786
55504571AM,32212826
55504571AM2,32214397
55bb12345,32248368
55takopon,32356800
55wwh,32380860
55647382,32391979
55468,32436537
55hasan55,32445552
55stormer,32500233
5566332,32535488
5557ncs,32570037
5521ncs,32570064
5527ncs,32570066
5587ncs,32570071
558ncs,32570077
556ncs,32570556
5539ncs,32570557
559ncs,32570562
55888723,32573127
5583675,32595880
555555555577777777,32754728
555B444,32835146
55394,33341916
559850cmsd,33419366
559850,33454513
55awesome0,33459183
55850cmsd,33542367
5598500cmsd,33542408
555koko,33581947
55legendary,33682972
557557,33755957
555Crystle,33887203
55DigiKid,33910997
55655565,34057538
555ra,34504614
555555_666,34538764
55futan555,34567989
5555BUNNY,34679063
553325cjuhsd,34692007
550799,34692584
551854,34692601
55baloogn,34739614
555666888,34782742
5506bb,34806724
555taylorgamer5,34854647
55sunset,34903304
55359913254,34954270
55664,35063665
55Hixiro55,35101083
5593262152s,35135073
55slesmanatees,35270243
550522,35299873
55OtF55,35368674
55515,35368821
559859,35382082
55Tanvisingh,35389149
556ame,35394318
556jos,35394378
556car,35394449
556isa,35394472
556gar,35394503
556bet,35394567
556min,35394642
556ave,35394689
55o,35421191
550524,35471064
556jas,35551217
556uri,35551549
557Kaylah,35557311
557Yolo,35557327
557Victor,35557337
557Jayson,35557349
557Hayley,35557368
557Madi,35557377
557Ange,35557405
557Pierce,35557420
557Devyn,35557425
557Nicole,35557432
557Keylen,35557441
557Brandon,35557455
557Mia,35557467
557Leart,35557479
557Jaila,35557512
557Zhion,35557532
557Janeice,35557545
557Amir,35557562
557Alli,35557596
557Axel,35557612
557David,35557648
557Niya,35557663
557Malike,35557696
557Anna,35557730
557Tinniel,35557754
55imagine,35566891
555555cooldude,35571066
556Samaria,35605620
556Luis,35605639
556Fiona,35605664
556Aaliya,35605682
556Tristan,35605737
556Jose,35605753
556Valentina,35605771
556Michelle,35605776
556Amer,35605787
556Destiny,35605804
556Brenda,35605826
556Presten,35605861
556Josh,35605871
556Desti,35605905
556Zahara,35605915
556Jayden,35605928
556Maleri,35605948
556Jeff,35605958
556Samuel,35605974
556Dasani,35605982
556Lupe,35605996
556Jaylyn,35606025
556Arleen,35606084
556Allisson,35606096
556Aayan,35606131
556587,35639488
55lange2018,35679871
55kmiotek2018,35683219
5514TNIS,35766576
55ny9,35782499
557Iziar,35793608
556Itzel,35835821
556Nasir,35835853
556Josiah,35836303
55614392,35848654
55620318,35888759
5543493762,35917253
55OMGTech,35940738
55SEVGINUR,35982857
5502danjou,36064208
555555555555555f,36148252
555tylsmit,36332091
55Emin66,37424262
558bms558,37654046
55g,37701661
551mjm551,37711535
55475,37905182
55450,37905228
55620342,38012197
55612929,38045853
55619924,38045855
55622608,38045865
55615385,38045866
55622593,38045867
55622813,38049162
55623272,38049166
55622601,38049169
55612753,38049175
55622619,38102973
55614501,38102976
55614416,38111457
55618076,38111469
55620341,38282242
55615400,38282244
55622625,38282266
55622712,38287033
55620974,38289272
557Brit,38290805
55612421,38295365
55614856,38295373
55622552,38295379
55615395,38295381
55624689,38295384
55612877,38303319
55612308,38303327
55614085,38303328
55619434,38330417
55622339,38330419
55612422,38330420
55611806,38330423
55612424,38330426
55618816,38331925
552769,38343925
55612423,38370212
55618118,38370236
55612746,38372618
556laken,38373202
556152290,38373390
55622583,38376575
55618842,38376576
55612418,38379402
55622576,38379417
55622084,38402816
55613215,38403959
55612185,38403971
55619808,38404890
55623149,38407334
55622693,38407336
55612356,38407339
55622585,38407340
55618862,38407356
55624427,38408452
55cat,38429377
55612132,38441462
55621534,38441510
55623681,38443670
553311,38450475
556jus,38474388
55621594,38494678
55621592,38495389
55612116,38495395
55624864,38534597
55612365,38535478
55624824,38536521
55614279,38540451
55614569,38544966
555Timer,38621608
55TD,38624688
55624865,38624693
55614703,38656403
55614077,38656416
55618259,38656431
55619927,38658439
55622913,38658800
55619365,38659556
55623742,38659565
55624084,38659579
5562213,38660247
5587904,38685684
55944Cag,38694110
55660,38751874
555kkk,38754606
55demar,38758385
550777,38797724
55624945,38798740
55624943,38810372
556249440,38848707
55943Cag,38882212
55-cents-please,38892979
55stormclouds,38905072
554009,38916882
55221fal,39001708
5500tree,39011822
55622021,39167554
550675_,39168081
551815,39168519
55619638,39179491
5589772,39280027
5541226,39311031
555cats,39312552
55rrh,39315047
558291,39351732
55rr,39382643
55619637,39412795
55623712,39413171
55cat1,39460914
55614319,39511607
5588j,39518447
55666090944yy,39596420
556zzz,39621545
55616664,39656289
551589-TD-Soccer,39691463
55614317,39693863
55624608,39693864
551fp2018,39823638
552fp2018,39823944
553fp2018,39824357
55yuigo,39996115
55383,40013407
5553b,40079975
55625358,40093323
555555555555d,40137661
55468555,40161633
5555_55,40190295
55620588-2019,40213572
55620741-2019,40213715
55622728-2019,40213769
55555cow,40215927
55620430-2019,40217560
55623802,40217984
55611509,40217991
5543Hhave,40221307
55620855-2019,40224302
55613182-2019,40224429
55620525-2019,40268324
55509anne,40344602
5536957678,40348804
556ndm20,40348987
5552GS,40396040
5562324563,40428320
55990,40591115
559927,40612114
5562662957,40677214
55panda,40737994
55620168,40754906
55622862,40754922
55624077,40757864
55622529,40757873
55622302,40758078
55625596,40788849
5576128,40929770
5562ccb,40944996
55everything,40997326
55chicken_nugget55,40999861
5581726,41004700
55SFS,41176420
55555555555555551,41209401
55gsGS55,41209425
5500ccb,41313581
55_Julie,41364332
55627320,41390542
5555567,41409356
555faiz,41471278
559t,41493218
551doruk,41531309
55623022,41729137
55623120,41773685
55614250,41773699
55614394,41773710
55050mor,41849113
55623902,41852030
555941,41852562
55663gri,41854575
55bananer,41937313
555gamer555,41953497
55614382,42080375
55633902,42080516
55zeynep55,42101443
55532879,42103086
557Alan,42166106
557Jayleen,42166185
55emirhan55,42204960
55fan,42234187
55happycoder,42278474
55inc,42534263
5525563057355840,42603665
55TrillionareIsCool,42610137
55itay55,42612696
55612706,42850465
55joyful55,43771722
5590519,43809566
555moon,43817251
555paul,43849033
5554433,43860029
5579215819,43912883
556400,44009620
55625568,44021659
55378008,44286556
55test,44338627
555piderMonkey,44453597
5508zjohnson,44491131
5588jcarrillo,44491172
55NewsOfficial,44630700
55x,44779205
5555555558,44891719
559590,45283336
556733,45375153
553634,45453550
55120559,45506696
55688822,45694108
55629039,45774549
55zz,45804863
55zx,46218535
550280686,46865811
558546783465ty,48147141
55555ethan,49132063
555bluelion,49487423
55Jessica55,49812201
555han,49870928
55624696,49978301
55gokuu,50029432
550imagine,50213610
553imagine,50213614
552imagine,50213634
551imagine,50213635
556imagine,50213658
558imagine,50213664
557imagine,50213666
555imagine,50213667
559imagine,50213670
55555G,50217418
5500045321,50294419
5500039365,50298875
55621538,50371806
559582,50394390
552619,50463745
552122,50463750
557639,50649033
557343,50649042
554116,50649128
557629,50649137
551689,50649733
556397,50649741
551494,50649746
552088,50649750
551856,50649751
553536,50649761
552110,50649825
557618,50649830
557623,50649831
551366MB,50653732
558813,50653858
551348,50653868
558185,50653875
551356,50653887
558166,50653909
55-,50997903
555romit,51026547
55ssss,51041349
55n,51117861
555944,51197296
5518jh1,51230796
556900,51241782
55Sapphire,51394876
553750,51764134
55yddaW,51962115
5566489486,52142209
55835,52158233
5555555555555999,52161819
5502MY3,52196376
5544rakk,52289461
556790,52434359
551091,52549008
55_Percent,52574184
552207,52600766
551763,53083608
555777ewew,53315936
55adarwish,53727882
5555455555,53742705
55445555555555,53743580
55BT55,54061431
55W,54096882
5521TE,54270165
55619197,54561663
554433890,55594697
555bluecat,55698306
55jj55,55874642
5546471778,55928147
55-iran,55949398
555MK,56002968
55623824-2020,56194513
55635179-2020,56194518
55632251,56236997
55635386,56237026
55633923,56453692
55626405,56453785
55634218N,56568596
55633911F,56578755
55615214M,56578761
55615450E,56578765
55618168K,56578766
55622577L,56578772
55632081F,56667591
55632882L,56667594
55629331,56782234
55676gru,56903518
55676gru10,56903576
55--Fishy--55,57028040
55afk,57088848
55Lee20,57255178
55Lee21,57255180
55Lee22,57255185
55LeeTeacher,57255191
55638400J,57259991
55620340,57343439
55623743,57343453
55629725,57442010
55613707,57442011
55612880,57442013
55629478,57442014
55636475,57442017
55624632,57442019
55622594,57442022
55627310,57442023
55631174,57442024
55621961,57442025
55629056,57442029
55612802,57442030
55632084,57442032
55asf,57455234
5553101,57558719
55tr23,57673725
55667788LLE,57710597
555chace555,57712653
556257,58152993
55greyant,58209818
555666DOG,58449732
55438692,58558967
5564042950,59040507
55619207,59220771
555402,59244811
551k,59370242
55e57886,59378905
55tiger55,59679559
55286,59761244
552210,59764117
556rtghhd,59830777
555_kurosawa,59972532
556677880fxxxnuf,60091195
55465523,60099829
5500F,60157460
5545664,60239849
55555555566,60278132
556loser,60376897
5565skbk,60607639
55thunder,60827093
55_-,61050125
55aluScratch_CPR,61113486
556dragonflyx,61128628
555444333778,61299498
5511714763,61335484
5568656765,61475069
555lemon,61611098
555cdh,61611850
555chy,61718594
55999dri,61723971
55523kr,61911892
555563,62052591
5510marill,62059964
55654344,62097965
5577733,62559755
5555551626,62641693
55619075,62744419
55kiyo,62938864
550to89,63049659
555ds,63091518
55PES2025,63301997
55PES2026,63302145
5594461,63344468
55sasdf,63411547
55523dwa,63416856
5533bb,63488460
5566rr,63603467
55homemade,63679541
55YugYug55,63696309
55639807,63826358
55636596,63911043
55636585,63911434
55555555555555555554,63916830
5511880,63931846
555073,64041416
5511600501ls,64183474
554354_chill,64278227
5531647425,64294848
556yob_ananaB,64402901
555rewaq,64450393
55555wwww,64462243
554360,64467280
55631779,64517922
55123445yeet,64580214
55what,64677714
5568313245,64694583
557241,64805778
550677,64805809
555665stu,64805851
550218_LS,64806076
551485,64806797
5514855,64816022
55_67,64877906
55555_5,64913199
550849,64939426
55631932,65109577
5563193-1,65245681
552675,65460829
5509dc,65480693
55koko,65552183
55Toys,65555579
550218LS,65681901
55iris,65690941
555Jaycool,65763457
55ninja,65841705
550728,65911143
55tea,66204179
55pies,66334138
551520JRL,66360781
555czx,66412707
553harun,66672643
55000426666,66688729
559438,66699966
555lila,66735764
556p85Adddf,66757436
55pear401,66775652
55472876,66849842
5555SREE5555,66856848
554wDdd,66902152
55638457,67100806
55623BMS,67146313
559890,67156201
555444654,67721337
55555544,67824013
55_,67831202
558cam,67897534
55fdbfb,68177685
55631779__----------,68299078
553-,68480346
553-5g,68480396
553_5g,68480484
5563193-2,68599168
5514A,68612162
55615215,68642693
55614942,68642849
55615097,68643993
556149421020,68645361
55640854,68656246
55620598,68806762
55611576,68809035
55616601,68809037
55620202,68809172
55616961,68809186
55612701,68809249
55616289,68809289
55630253,68809424
55624198,68809615
55613399,68886003
55555Megalodon,68886943
55612064,68888462
55629768,68888469
55619296,68888526
5561929,68889407
55ahmetyasin,68921200
55555555555566,69099478
55617337,69145474
55612082,69145820
55619423,69147058
55994348,69147998
55dog31,69157065
55612096,69202366
55641568,69258474
553392,69263027
55555555555555e,69284967
5555jonathan13,69358932
55555545746,69791586
556teengo,69850917
55akira3,69878406
55635235,70053627
555-ok-boi,70125284
555Wesleyc,70198947
556266646,70240725
550392,70246888
551054,70248255
555666ryry,70500602
55638480,70655401
55638430,70655581
5555redpup,70659376
5513_ARAWAB_3155,70731658
55611345,70763904
55612511,71160899
555Penelope,71454801
555mike,71510143
556th,71602453
55614003,71648963
55z,71719778
5537859378934739366,71800538
5564655665,72157543
55fries,72197966
555skateboard555,72214467
55zeynep,72290067
5544546,72431059
55kerem,72599522
55_bendy_55,72646623
551054nm,72762908
55555char,72831343
550241,72845145
55641807,72850387
555spiderman,73054796
555Eli,73136815
55808,73775377
5557453u,73834114
555X555,73944313
552JAGUAR,74039162
5530Ariel,74067384
553219021,74152912
5566g10,74169735
5566g16,74170054
556i16,74182454
556i16e,74182521
55667776688iiu8,74182575
55nn,74219784
5566i1777,74233470
556i166,74327428
5566i17879,74375467
55Menchan,74510504
55d,74602482
55gl2029,74708705
55F,74782284
55manasvms,74937382
5554465,75015763
55480-c6b,75497306
555Bear555,75537874
5555jjj,75597088
5568313245m,75779538
550376blue,75879166
55sofia1234,76052938
55555590,76160347
554230,76388179
554233,76388217
555-555-5555,76404137
551627mc,76934979
55yuko,77336947
5566myra,77411302
5532423,77465702
55khali,77492245
559211234,77518731
55756675656,77853777
55555Aria,77890840
55happy,77891893
55MALATYA55,77914735
55LOL99,78351483
55706461746573,78496920
55kakeru55,78518124
55Atonka55A,78752861
5555sotasota000,79110746
5555555555555555557,79126819
557555655656556,79212032
5553555323,79422980
555muffin,79642318
556579,79693576
5566hezi,79735656
5556rhysA,79802375
55duebro,79849947
559364YR,80031063
557237JRS,80031078
553240SC,80080249
558467ST,80080431
55s1stem,80312674
55s1gene,80314160
554erf,80411624
5500047012,80445354
5522521000,80453551
555omc,80474828
551598A,80516490
551584,80516628
551548,80516723
55616493,80790713
551113,80968080
556er,81060096
555scr22,81099953
555555676,81626778
555-ok-boi_group,81643449
555-LPG,81665649
5566778855,81667257
555black555,81737681
557790,82351388
55462357664423,82374699
5500huooyy,82543641
551irmak,82585930
551106094,82659135
55Goma,82664895
55990RHMS,82675865
55987,82676218
55172,82676474
55billnye,82693430
5581648131,82704291
555788,82944570
5555S,83049027
555555555555552,83168654
551nonikumann,83372248
55pupil25,83378009
5529117,83778254
555ryan234,83808156
55_math_is_the_best,84149589
550187,84294231
5589256,84342626
558KC,84766611
55uva,84853111
555LeviAkeman,85323756
55042OA,85424451
55yu_ri,85521713
55555555pp,85576064
55555eeeee,85669280
55551234,85730077
55632940,85833696
55555ITSA,86039546
5533ccb,86167072
5515ccb,86292869
55637040,86467462
55c,86624832
55Boogabooga123,86728072
55yagmurb,86922918
55291147,86991245
5555hep,87129533
55u,87198131
55V,87198140
556nv3rfcwcfdog,87416334
558srkiho,87532405
552851,87654499
55t_fzf,87677854
55peach55,87740250
55s43,87790828
5556734,87816420
55prokeleci,87899107
55565745,87944190
555Party,87950466
556656ultronrobot,87956763
55ceren055,88083747
552311,88117218
55199418795,88172776
55Menchan_sub,88262266
556876,88471915
5546345555555,88482549
558907,88580455
55wilddog,88642275
555iiii,88662774
5589598495804,88707128
555ROBLOX555,88746812
554657,88902537
55632106,89075505
5566457349523495,89490875
55555jjj,89695559
55627568,89959556
55bluejay,90133784
55XX,90393368
55WW,90393379
55HH,90393385
55__,90393400
55UU,90393407
55CC,90393416
55VV,90393428
55667890,90729197
55_hockey_55,90842244
5551F,90907517
553129,91069818
55dragonfire,91727248
55kylar,91813879
55Scrambled_Eggs55,91937008
551536,91946398
5500000benty,92130340
55555555555559,92275786
555skateboard555TEAM,92284134
55918JJ,92324949
559178,92489705
55954JG,92499007
55336NK,92499272
55thstreetmac,92774898
55GARDROP55,93104455
55cheese23,93116214
55chees__ey,93188178
55eli55,93437168
55624044,93637003
55485rk,93653511
55sandrock,93716903
553693,93868919
552466r,93868933
555450E,93868998
554292ar,93869071
552547,93869221
552915l,93869252
554807j,93869266
556091,93869275
55shy55,93958621
55505551,94016068
553726,94038833
557284j,94038927
553733is,94039027
555094,94039165
557694ge,94039166
553868,94096721
553334a,94152153
554362,94153091
55as,94176469
557855k,94199092
556677werqg,94234824
555-FAN,94243054
555idin,94283033
551023,94597638
5566657ygj,94791786
555hello555,95524989
55Mirac55,95528081
55784aok,95626326
55081mrm,95626333
55583bbk,95626393
55781jrm,95626394
55031hlk,95626405
55675831,95691256
5567583155,95772980
555555555555511111,96059492
55keisuke,96114351
55858582858,96377207
555_09MAN,96554179
555555521,96573224
5578006,96661617
555555555555555sss,96720704
555555524567,96721163
554as,96793775
553ymhtiw,96802712
555brand,96876062
55braideiras50,97358896
5555433433,97398944
55Kittens55,97411179
55Pokemon55,97411402
55_48,97511905
55marios,97710298
555faizu,97740046
555ok_,97775667
554543,98050625
559natycarrasco,98199246
55624755,98213747
556636,98221367
55245yo,98249784
55Nentaisei,98590081
55yamaton,98659484
55gohan,98755975
55631078,98795157
559029TestAlt,99151703
5500046992a,99267952
550004407a,99309318
55Babies89,99370237
5534435565656546,99377125
5500046444,99402581
5500045894,99402609
55tg,99649641
55634624,99663642
555andrea,99707597
555kaylee,99707633
5566nanajohnny,99845600
55KBCC,99885286
5555penguin,99901224
55632106-test,99923904
55milk,99956978
55cake,99957347
551392CQ,99984047
550848LH,100056219
55bread,100112199
555softball,100162283
55555master,100318861
555_heartss,100422172
55redcat55,100653133
5566tyuuegamer,100676946
55033171,100954510
550331711,100960398
55033179,101031406
556fyn,101383549
555_Jackson_456,101471525
555_---_777,101471588
555suta-,101548975
552210fun_HEBI,101594714
555gr1ms-,102005260
5519masa1028,102176049
55Tacos,102452749
55tteer,103073929
55BIGGUYS,103110951
55murakami,103199952
551-16,103233691
551-10,103233700
55555jk,103248369
55555JKL,103248442
555554ddd,103269578
55LOL99alt,103278455
557689567,103534611
55yakyuu,103546886
55166155,104067943
55555ooght,104129945
5555121,104209108
555ok_pro,104419518
555890a,104482711
55ivan,104591300
556655656,105409936
555fjtjfjrjgjt,105490108
555fhtkjfhdh,105490471
555gamercheese,105713205
555_jonel,105718870
55dolphin,105857496
555summer555,105950990
5555purplepig,106064159
55013Yoia,106115507
555dash555,106123627
555Povazhuk555,106231128
55summer55,106272248
55Aliadam55,106309814
554Redcar55,106342092
55624568,106463345
5593DG,106905633
5500LG,106905635
5539AC,106905645
555pri555,106931392
5527D,107116720
5556799,107203132
55cyr1bd,107335360
5566771,107381239
5567432,107452150
552Alina118,107828584
55yeet44,107937366
557koko,107949386
553700078,107982429
55kbccspring,108206905
55BurgundyCoder,108360547
55girlpower,108390469
55639889,108757669
55627380,108830970
556_0822,109909772
55monkbird,109941504
557g,109987862
55duckworth55,110096829
551144Ryder,110371513
5561scracth,110530407
5506th,110642059
555WCC25,111261583
555emiM,111308411
553553,111422206
555555gg,111433040
555555558,111443366
55isrealdeal,111608462
55555543,112008019
55Alisal45,112092247
55tt55tt5t55tt5t5,112167032
55guys,112275458
55trddf,112340522
556vs,112524139
555_222,112843340
55Mozart,113077856
55rff,113250310
555-sou,113407762
5519masa1028_sub,113442715
555harrisol121,113485595
5527smr,113527597
552iscool,113790680
55Nikki,113809049
555t5,114714567
55CHE,114864069
555PIKACHU,115011366
55639889bodyguard,115386228
555meron,115447949
555-sousub,115472086
55youtube,115582739
55goat,115701434
5555ok_pro,115817109
555Fluffy,116079998
5563_STET,116092700
55567_,116114125
555androidgames,116213769
555Roman,116229516
555android,116267352
5519masa1028nitizyou,116719785
5519masa1028-remix-,116721231
5519masa1028-sozai,116757179
5555ram,116917254
550k,116940221
555_colpc,117007098
555-sou-windows7,117026692
555999666,117145756
5519masa1028suteaka,117177608
5519masa1028-MUSIC,117265333
55f100,117796139
55799,117860796
55277,117860797
55966,117860802
555cricket,117891244
55504,118000322
553324,118033653
553324pasco,118033761
553960,118035736
552217pasco,118035769
551148,118083468
550705,118083486
551731,118083538
550926,118083613
5534444,118123287
556677129,118161799
555_44a,118255657
55ks,118577153
55hidude,118599011
55sl23,118662062
5568812,119124351
55791906,119201418
555android-fan1,119261145
551120_72,119307060
551120_72j,119307133
551120_74,119307175
55Make,119410756
55992,119439696
55720novmber18th,119930165
55Bata77,120048943
55699Fatball,120132265
550447R,120510468
55crimson55,120873466
5504CR,121000248
55soccercat,121097532
555Tomo,121468469
555657_billy__,121470926
5599116,121527772
55635664,121717377
55454c,121926976
5566223,121964428
558delta,122511264
55614135,122928489
55kan12,123114430
55599852,123405191
55665GGG,123486327
55544554,123719002
555008177,123875686
55alazhar,124131469
55623825,124229914
55YourFav_LightSkin,124592400
55555revol_XOLBOR,124915862
55ew,124941135
55firebeam,125151755
559699BV,125465135
5529Sammy,126745929
550840thfollower,126934929
555_K4RM4,127092435
556_2,127177633
55cng,127250958
553700079,127585182
55d542bf,128114087
55647450,128139497
555pita,128324272
55phasanm,128476434
555honey12131213,129089528
5556Porkbun,129802721
55gl2032,129877591
551958lk,130310389
55BANANA-,130760832
55got7Crwafhis15,131235906
55558662,131408908
55225612,131408916
555masha555,131588874
558cocoha,131905119
55kou55,132203360
5544rakk_20,132344866
553-cocomi,132493936
5555_letavozlop,132534040
555_Jakayla,132801872
55_kakau_,133126169
55_14_13,133513688
551BOI,133984757
5521265,135070349
55508DUDE,135393631
55popochan,135563985
5555_not_5555,135879221
55mmmmm5,135879985
555nintendoswitch,136232248
551054alt,136538474
5572742,136918592
550946yoko,138373227
55Seimei315,138877703
555helloitsmeh555,139233374
552iscooll,139956313
551423ee,139965166
5560-5506,140542540
55JJN,140666036
