359,48079
3508609,95707
354,101786
3552255,122351
358,170737
350,250770
357,253785
3569,276801
351,321169
35icyDaniel,376810
353,496871
3501500228885,529557
3530200052756,572988
35669858,575773
350450,626821
3579510,674841
356,698395
3567987,698400
352,701351
35r,723181
35668395,728084
35727466,738026
355,839733
35skylerg,876895
35641143,932350
35738396,956816
35633,986989
35974,986991
35625,986996
35886,986997
35392,986999
35660,987001
35635,987002
35970,987003
35690806,988400
35991,989109
35766,989110
35911,989121
35390,989122
35909h,998799
35280577,1008437
35516672,1075322
3520callo,1085514
351073,1185805
35931,1198296
35387,1198301
35925,1198302
35927,1198307
35630,1199974
35836,1199979
35600,1199985
35971,1199987
35604,1199993
35605,1217785
35543561,1223620
35516673,1225625
3532455,1443373
35836838,1747121
353662379,1757104
353405mendez,1759785
35402858,1771787
35269634,1873778
353362003,1890335
3567AB,1892056
355081170,1907445
35667582,1963129
35251267,2033823
350161535b,2043590
35372424,2045845
35143,2056770
35078,2056868
3558,2057105
35441799,2079024
353epd07,2112660
355081170355081170,2208113
35835481,2235290
35544148,2267667
353618046,2308264
35200177,2441258
351111,2487397
35tu,2533022
357715,2561692
351191,2697120
350968,2704923
35861,2709079
35901,2709091
35den,2747841
35089909,2823294
35702191,2862299
351513,2878853
352193,2878860
352760,2878861
355042,2878872
350524,2878874
3568,2922331
35841,2948798
358352810,2970868
35730824,2973715
3590,3036946
35wyq,3037011
35z25,3089503
350998,3111806
35847430,3131229
356282,3155134
3579spy,3178074
351690,3208084
35764,3220797
359197,3222474
358601,3223199
35M35,3223389
359585,3231029
352573,3231085
355028,3231123
351627,3234786
351219,3235056
3548rd,3252692
351226,3275339
35yd,3290379
35621717,3316989
3585HZ,3346944
35Durant,3469778
3571,3477773
357282,3560613
35743620,3586644
352372_hi,3705066
352nick,3708097
3541290,3863919
35sato13media,3865572
35linjinxia13media,3865596
357159456,3910375
359183,4004954
35451716,4219554
35639,4483751
3545488jh,4553065
351996,4642028
353084,4642352
350790mendez,4719015
350894,4870270
356654,4892884
354158,4931208
356937,4931342
3545515907,4966154
35bluemonkey,5023754
354369,5326524
35910952,5429386
35754,5627776
353766,5958194
3509KathrynR001,5995992
3526,6003102
35769,6038214
355253,6216174
35710682,6411446
35338001,6493182
35510mbe,6507992
3592Busd,6533646
35270,6864322
35454,7150544
352372,7255160
3502410,7334522
350952,7600620
354mih21,7624940
359bookdragon,8704790
35T,8957522
354354354,9375174
3577,10073870
35315-,10300424
3504agb,10532130
35281040,10627180
35646,11128716
356180,11559880
354840,11560086
3584-335,11567948
35o,11626792
359102,11649214
35dragons,11797048
354354blackdeath,11813792
35900272,11821810
35ReeliP,12032888
358834,12120536
359545,12120582
359NoScope,12443568
350785,12464950
35e,12564036
357630,13211014
357607,13242116
35_,13249775
35335,13367548
35028,13367939
35334,13368108
351408,13539108
356822,13539159
357780,13539178
357715e,13539213
352227,13682287
3501272,13685173
35263003,13719603
35187,13818515
3520641698,13865781
3552x,14634568
3547x,14634571
3519731185,14646899
35kevin35Durant35,14668344
35024ABA,14770555
35064CLD,14770571
356357,14939682
35063001,14945622
35turtle,14953346
350ian,15547799
35348,15651421
35161807,15763177
356666,15764901
35dimpat,15776972
3517yutyan,15994249
356920,16080041
35113,16285831
355650,16313846
352672,16315043
350320,16315052
355044,16315068
3500684romeo,16487492
3584gsa,16528024
3500527,17006437
3500386,17006511
3509JessicaR001,17409379
3532128,17460656
35264student,17732286
357115ad,17989857
3520011,18027193
354803,18102383
35tuardo,18441150
352064,18524975
3584155371,18578550
35hoursleft,18595488
3561p,18597255
3532459949,18597900
3551151393,18634066
350728,18640061
35A,18781654
3531kmk,18783743
3568946637,18898969
3562331738,18930152
356-256,19119671
3579532162,19126743
353826,19249873
351711,19250526
35blue2017,19291298
35801066BD,19297188
351269,19396992
352594741,19397680
355kitty,19580002
3508080886,19706496
3546720736,19706497
3556700928,19706498
3508820869,19706499
3546991034,19706500
3536430934,19706501
3535370769,19706502
3555950745,19706503
3509220727,19706505
3515390834,19706507
3554290479,19706508
3519140869,19706509
3512450834,19706510
3555350934,19706511
3575360769,19706512
3504110813,19706515
3578130869,19706516
3517260869,19706517
3538250935,19706518
3536260934,19706519
3515800731,19706520
3551290934,19707046
3569321034,19707047
3517610934,19707048
3555561087,19707049
3552931334,19707050
3528380931,19707051
3508300834,19707052
3524091379,19707054
3573311169,19707055
3510560969,19707056
3513580809,19707058
3555771069,19707059
3554161031,19707060
3508210834,19707061
3573351034,19707062
3530501031,19707063
3517980931,19707064
3578700936,19707065
3581641034,19707066
3569331034,19707067
3593901028,19707068
3535150834,19707069
35funny,19788573
3550928,19934760
3514041698,19938266
350000,19993717
357685778,20062534
359956,20094281
357896,20125695
35s,20150953
35malloryL,20329516
35391081,20391999
35556,20457182
35brn35,20549927
35mainstreet,20647974
356678,20668788
352951263,20895246
3581300088,20994787
35095414690,21060395
357829,21161535
350941jc,21238323
350849js,21267835
351198TL,21268088
35709,21276030
35976,21276040
352257,21283162
3580461725,21346431
3506540,21367797
355037,21368542
352243,21369847
353129tommy,21369949
354078,21383595
358383,21390328
356115,21414388
35217,21621835
352199,21622844
35oyunbaz35,21633322
35882,21773116
3582290996,21816697
359814,21822660
35mjs,21845691
359jak,21851054
359jw,21881965
3543816764,21891411
359JW1,22205465
3561mb,22387119
35_car_navarrete,22464597
3546548457656547,22566434
356546576875,22566480
3513648197,22602403
355123,22713695
354tr,22748839
358596,22853801
35Phillip,22871737
355597,22937636
35288kw,22989309
35Morris35,23221080
35532,23367560
35dking,23571958
3510vivi,23806007
35621404220,24077714
350461,24188698
352640734,24287408
35KevinDurant35,24382404
35myscratch,24400640
35Kevin35,24478354
35code,24690332
352kid,24756025
358203,24788991
352017-2018,24864077
352182,24915985
353568-Mendez,25066194
354452-Mendez,25066316
354749-Mendez,25066321
357201-Mendez,25081337
353538-Mendez,25081349
356788-Mendez,25081352
354704-Mendez,25081370
359868-Mendez,25081373
358543-Mendez,25081380
355761-Mendez,25081387
35kdmoney,25082200
358134-Mendez,25094780
358307-Mendez,25094830
354697-mendez,25096575
350578,25122218
350378,25137614
35durantsplash,25174603
357204-Mendez,25179873
350ewr02,25195879
357962-Mendez,25197017
3576574794,25322547
3561167349,25322559
35789876,25325992
357nmf,25326344
35elsal17,25329590
3578hw,25331443
3578000,25331541
35622plc,25370902
3583325834,25416589
3500816emm1,25455311
3526068,25456354
3500725,25459197
35Bryant2017,25490078
356491,25506700
3573691153B,25530863
358315,25538242
3502705,25637963
3503117,25637996
3503034,25637999
3503950,25638000
3505054,25638007
3503067,25638008
3502317,25638025
3504214,25638026
35007250,25638033
3507118,25638037
3503802,25638042
3503844,25638049
3503513,25638058
3505658,25638064
3504206,25638065
3503604,25638068
3500055,25638091
3504578,25638101
3503745,25638109
35000300,25638154
3504057,25638155
3502481,25638168
35001050,25638180
3502523,25638191
3507019,25638196
3505393,25638200
3502770,25638205
3504651,25638206
3502747,25638217
3502697,25638230
3502630,25638409
35730RID,25644805
3501164,25644914
3501100,25646633
3504214-max,25673316
354371,25678253
3570153,25702647
35684646,25875011
3562331738H,25924500
35640,25930960
35rhm,25995426
354559,25998591
359375,25999403
357538,26000179
35556m,26009236
35543,26037991
35324,26068730
35AerinS,26077202
35AmyY,26077203
35KatherineL,26077204
35JordenL,26077206
35AmberW,26077207
35NikolasC,26077208
35VincentK,26077209
35AnthonyL,26077210
35RadaGR,26077211
35PhilipY,26077212
35DerekY,26077213
35MichelleH,26077214
35MadelynC,26077215
35ClaraB,26077216
35AmyF,26077217
35PeytonH,26077218
35AvaG,26077219
35DonaldC,26077220
35AdenZ,26077221
35ReginaD,26077222
35EmilyL,26077223
35JuliaL,26077224
35MaxwellC,26077225
35CelineL,26077226
35DominicRH,26077227
35JingranC,26077228
35DerekL,26077229
35WallaceS,26077230
35TinaD,26077231
35ElwayL,26077232
35ErnestC,26077233
35JaydenH,26077234
356116349,26126399
3581a,26132045
3504b,26157839
351543,26191828
35769sac,26215074
35695,26225924
35gogol,26331040
35tebhts,26352794
355004,26434267
355638,26434316
350682,26434358
3560189463,26478587
35topsy,26510014
358359,26526581
353142995,26576386
3595770836,26604066
35dirk,26718809
35492LG,27052080
35040NM,27052081
35398MW,27052082
35875MN,27052083
35268JB,27052087
35867NM,27052089
35684MB,27052090
35587CW,27052098
35588AO,27052099
35490GM,27052100
35964EY,27052103
356lml,27121032
352871,27279472
352751,27279478
358126,27279479
357440,27279480
354191,27279486
354378,27456707
353683,27459136
35lions,27525898
35031mar,27529303
355635,27558218
35-,27615429
35500705,27660176
35290,27703439
3525005,27739919
3524007,27784618
353077,27788200
354764,27825905
35aw,27836470
355975,27876696
352rabia,27916680
350burak,27922396
356987,27954580
353514,27954609
359omer,27981856
35royal2017,28018442
359412,28076667
3599999s,28103190
35buckeyes,28120728
3530779,28133481
353092,28133508
351571,28133513
352231,28133519
353139,28133520
352969,28133521
3527462,28133537
353536,28133543
352979,28133548
351773,28133551
353144,28133553
353132new,28133558
358175,28133588
352969new,28133605
352442,28136220
358177,28166162
35chw,28171572
35puppy,28171599
353cagri,28217299
35Briana,28284295
35-176340,28292157
355669,28383748
35dilruba,28423396
3526090,28447302
3526069,28447306
3526044,28447416
35g,28470272
358246C,28501497
350aReaperMain,28615942
359386,28650832
359454,28655872
357990,28655899
359032,28676565
3563252998,28688895
355954,28694755
350536,28712501
35d,28735680
356322,28744499
356323,28744513
356324,28744527
356325,28744567
356326,28744575
356327,28744591
356328,28744709
356329,28744738
356330,28744759
356321,28744773
356331,28744808
356332,28744823
356333,28744888
356334,28744916
357825,28775624
35782567,28776146
35basketball,28828500
3567Dina,28848952
35langner,28869331
3534832,28892501
350813sanchez,29198481
353725Hedenkamp,29198989
350653,29526734
3506595701a,29536882
35903,29679668
359314,29742662
359772vbstudents,29767966
3556887487,29817609
350300,29829159
354098,29859492
352310,29936999
358309,29971304
3574638,30007795
35k,30117193
35coffee,30128512
353752TC,30145615
356335,30168893
35905LLO,30172976
35sds2024,30257085
354290YOBOY00,30262468
3546858379,30318800
358459317,30346563
354538bob,30351699
356336,30355088
356337,30355618
356338,30355629
356339,30355990
352753,30523036
350807,30584826
355468BM,30597510
350708cd,30597575
354032mo,30597657
356345,30598617
358500,30627823
35P,30631137
353576,30640040
353mehmetzakir,30715535
3552285,30758369
35onur,30867191
3578319538,31004839
355402,31006162
358584,31006493
350Boost,31018064
351641L,31060863
358954,31168903
35mat,31191009
35-LTEC,31229418
3557z,31305381
3526041,31331298
358kitty,31351129
352IA,31351310
35895405,31373423
35052312,31490639
35301606,31866909
352547566,31886823
35MILIA,31960080
3546711688,31963010
3529cp,32112393
3534cp,32112397
35ellabc,32145956
3535lil,32174427
3501131,32179368
3501090,32179430
356346,32490402
3573133,32505400
353300544,32621195
352682439,32621213
352704662,32621305
352660039,32621555
352767396,32621562
35chargers35,32746891
357oguz,32849775
3564lolXXX,32934667
35ui23u53,32962628
35nisa,33318770
353011,33331236
3500SIA,33373731
35rory,33411035
35ishan,33411036
35anise,33411037
35meera,33411038
35samuel,33411039
35edward,33411040
35nikolai,33411041
35myla,33411042
35prisha,33411043
35aman,33411044
35ahaan,33411045
35ria,33411049
35zahaan,33411050
35ishaan,33411051
35annabelle,33411052
35naoyuki,33411053
35imogen,33411054
35amber,33411055
35phoebe,33411056
35ryan,33411057
35adwita,33411058
35chloe,33411059
35ira,33411060
35olivia,33411061
352065,33551812
35b,33601946
35room31,33697028
35365s,33757005
35258s,33757016
35262s,33759092
3544353482,33907015
35DigiKid,33910908
35westie,34095128
353395502,34105484
35bwill,34200902
35rof,34240700
3592532,34251999
35snmitta,34255744
35_stem,34311347
3579415,34334825
35345346,34454312
354br,34475940
351a2018,34544339
351b2018,34544393
35baloohbc,34739713
3576tamana,34789931
3579Ali,34812858
356976,34827450
350514,35136577
35789654123,35171466
35769JRS,35185749
3501348,35230080
35013481,35230390
357860AM,35242547
3582178854,35250776
35imagine,35268311
35slesmanatees,35270163
351541,35299853
351531,35299868
352102,35300141
351593,35305195
351455,35305202
351488,35306642
351478,35306656
351457,35306664
351559,35306676
352228,35306679
351709,35306688
351686,35306691
352713,35306698
351462,35306704
351465,35306708
35monkeys,35307984
35m,35309152
351871,35331683
352288,35341899
35oLaluL,35398466
3501240,35436314
352581,35468910
351460,35468930
351575,35471041
351378,35471066
352703,35471082
351468,35471127
351461,35471161
35paraguay2018,35483061
357ty5mk,35496235
3515462457,35509422
35750JRS,35551339
35682JRS,35551341
35694JRS,35551342
35754JRS,35551345
35744JRS,35551349
35767JRS,35551350
35883JRS,35551353
35717JRS,35551356
35438JRS,35551357
35657JRS,35551359
359428AED,35558544
350205,35566427
351imagine,35569981
353imagine,35569983
358imagine,35569984
357imagine,35569992
356imagine,35569993
350imagine,35569998
359imagine,35570004
352imagine,35570007
355imagine,35570008
354imagine,35570011
35179aspen,35583100
358371,35697576
3501244,35700314
359066,35702120
358819,35702161
355293,35702184
358346,35702195
354664,35702208
357409,35702319
35Magnolia,35765779
355041380,35787418
35751JRS,35798201
35684JRS,35798202
35667JRS,35798206
35624JRS,35798207
35669JRS,35798208
35671JRS,35798209
35753JRS,35798210
35612JRS,35798214
35163JRS,35798594
35c100,35838600
35c101,35838611
35c102,35838637
35c103,35838671
35c104,35838684
35c105,35838743
35c106,35838754
35c107,35838806
35c108,35838825
35c109,35838833
35b202,35839254
35b203,35839317
35b204,35839420
35b205,35839468
35b206,35839519
35b207,35839578
35b208,35839601
35b209,35839630
35b210,35839691
350040,35848772
3501541a,35882852
3591129a,35882877
3500527a,35882916
3501624a,35882960
3501327a,35882995
3501319a,35883038
3501152a,35883137
3500956a,35883938
3501467a,35884082
3501301a,35884242
3501780a,35884439
3500485a,35884482
3500493a,35884554
3501798a,35884571
350242,35928614
350673,35928622
35OMGTech,35940747
3501160a,35954981
351DORUKHAN,35983044
35677JRS,35989362
35318JRS,35989364
35royal2018,36013799
35LilyMclearen,36044511
3571818,36075895
3502226a,36100348
355MURAT,36149847
354334,36196812
35QUERUBIN,36210079
35PAMONAG,36241944
35678910,36250733
353420219B,36266313
350404,36297864
35Spacemonkey,36540210
35SERDENA,36860444
35YoungGangsta,37211539
35Tacderan,37463224
35HELLO12,37473169
350468lw,37488915
350393sg,37489348
35savageboy,37569270
35smedenelev,37592097
35SANTORCE,37685074
35MALHABOUR,37690663
356aft356,37710063
35KIOK,37806550
350slesmanatees,37951561
358811,37952127
351slesmanatees,38033704
352slesmanatees,38033717
351633danelly,38100057
350397,38282165
35PANGILINAN,38391551
35118atsbaha,38432947
35PANAGUITON,38482447
356646,38503445
354408,38503484
35611JRS,38507064
356166,38634440
35aDjN2018-19,38678387
35Bellinger,38698472
35182scs,38849922
35648,38849942
35787,38849965
351685-IJ2,38871232
350101-IJ2,38871237
35297scs,38886541
353514847,38949987
353546450,38949989
352712863,38949994
353485253,38949995
353636863,38949999
352856389,38950031
35000SR,39182626
35143AG,39182836
3556tsd,39188642
354226ab1,39257667
353885ab1,39257682
354379ab1,39257684
354972ab1,39257687
357008ab1,39257688
354286ab1,39257689
357614ab5,39262676
357091ab3,39265663
354228ab3,39265668
356448ab4,39266025
3569111111111,39433723
353546464646,39472666
351551ICT,39622419
350976ICT,39622513
350927ICT,39622515
351685ICT,39622532
350101ICT,39622533
352547673,39691483
359113,39697771
357742ab5,39733669
358879,39767515
356adel,39767566
352813687,39800223
350072AC,39804521
351fp2018,39823632
352fp2018,39823940
353fp2018,39824329
350955mf,39928033
352969018,39945995
355948,39956676
350358be,40068921
352562,40081712
351060,40081759
350580,40086555
352157,40086614
3588179374,40195890
353slesmanatees,40206827
354slesmanatees,40206905
357159E,40265871
352913,40306281
3549481454,40677237
3552849955,40677525
3578875112,40677559
352650188,40710535
352637094,40710576
35brodyowen,40852372
352157001,40882663
35215700,40955549
35098carlin,40966016
3598aa,40982320
3573691153M,41054139
3510600,41089315
35RicardoG,41118946
35TYLER35,41126666
3553961,41146947
35355,41154943
35375,41155777
353755,41155889
35n,41220165
351465418465,41493207
35yangzheng,41566892
35ezoduru,41568282
35308ref,41728893
35273,41737906
35308rwh,41811263
353465420N,42037207
35Ge,42083194
350153mh,42163107
350741rj,42222691
351134lb,42222716
3556235372147,42248798
35017573,42495329
35Owls6th,43767494
3528592494,43963026
357308,44324065
356779,44324130
351324mh,44816305
35h,44818937
355slesmanatees,44971434
356slesmanatees,44971445
35ssawyerc,44983003
356837,45133054
3594028252,45413437
352204,45544958
352056,45545199
352833,45545369
35Sofia4A,45561611
35codybell,45617532
35KAGAN41,45709818
352740765,45977753
352572564,45977789
353255656,45977805
3516nate,46037425
35775479874872354778,46315954
35w,46371703
35fvmrlight,46511009
357754798748723547,46555052
35621890,47012559
3518jc,49508293
3520jc,49508295
3564jc,49508302
3576jc,49508304
3552jc,49508311
3518jc1,49508333
353049778,49774393
35sai,49811085
35marmar,49972931
35RPG,49986530
35v,49998489
350171,50079474
358582,50118564
356448AB5,50127902
350806la,50148775
352499ag,50205816
350017579,50318131
354226ab2,50388955
357264ab4,50500470
354228ab4,50500475
357091ab4,50500495
352689sp,50526983
352553kingston,50582667
352838pg,50606216
352625mh,50608479
350156hamadlakhan,50608483
357008,50778402
35777,50779972
35529,51091703
353276348,51116301
351bumblebee,51230234
3574marv,51241094
350177,51487085
351251,51490348
353425,51490935
350381,51490990
350214,51534454
352560205,51754639
3547flamingosir,51931742
351359es,52022938
351309lw,52023603
352751dj,52023725
3526965536,52191825
35016jShirts,52265831
3512746200,52310241
352871560,52320131
353274152,52320147
3584601,52335831
35998488,52379822
351153,52393366
350892,52429585
351z,52849579
35thirtyfive,53019344
352562045,53474966
3546kennedy,54199531
35j,54272368
350XWB,54272571
3579127942,54286468
356580,54510570
3516869623,55280621
3565beckham,55297573
35650beckham,55298452
359634legit,55607430
352273jsm,55655126
35Fz,55900451
352649800,55994752
35dgunn,56326630
35trayy,56385772
35F,56766424
355ecrin,56817346
352260,56909127
35476,57199417
35350703,57368959
35252626,57393951
35vo,57402772
35stanne4,57443136
353047AA,57600851
353392DS,57601023
352948AR,57601201
352941AS,57603046
352562JE,57603550
352621KL,57608362
352586MM,57608379
353809tj,57608417
352868DV,57608438
352897SF,57608504
353454MA,57608741
351hi02,57772470
352863203,57824963
35ab,58456213
353189327,58504311
350657,58966132
357657,58984735
350646,59008985
3575152425,59085499
352574719,59168718
35342ts,59299675
35aras,59338190
35furkan,59338191
35furkann,59338192
35metinenes,59338198
35aliihsan,59338211
35irem,59347327
35ilke1,59347345
35beren,59347346
35selcukhan,59347347
35ada1,59347355
35ismailemre,59347357
35hasanefe,59347360
35denizefe,59347719
3581359516,59727333
352-899-666,59774517
35ab_test,59836938
3584385,60011599
35643725,60044183
3554543434353,60294451
35sd2026,60334552
3526hheh,60427268
35inna,60452335
35efe35,60499104
35inna35,60711017
35632,61061292
358kids,61091768
35aluScratch_CPR,61113487
3588av,61264762
35tda2020,61345485
3563563456,61388927
35RPGSABU,61462483
3520141831,61774082
35477940,61798919
35aertzg,61808117
35pla6q,61896038
355y54,61924810
355949,62398155
358Mark,62825452
35WP,62935871
35mhua,63093385
35615353559718751468,63095127
35547,63205495
351249AD,63551441
354807PW,63551542
353345LS,63551603
3567812345tyuio,63573192
353633tbob12344,63574900
351733ks,63721928
350103,63765386
35456dude,63809160
350354775,63992808
352658983,64239787
3554jojo,64347186
3582421,64398997
350YZY,64464332
350002390,64502570
351CODER7,64518928
35C,64788178
356stukipptexas,64924931
358762,64934536
35c2020,65211551
350176814,65359738
352670EW,65408699
352679CM,65408886
351166PM,65409577
35candleligh,65523277
35572,65541287
351245,65846222
35limestones,66107161
353275cvusdco,66140673
353602444MN,66190675
353050883,66190715
353070014,66190731
352834261,66191125
35-Sunny,66380406
358cebeci,66390522
357-ARD,66611765
35apple399,66775651
354575,66835994
351134gn,66981275
350597,67094539
357352go,67095680
35XF,67848902
351_Gamze,67857989
35kos,67965284
3547293,68102765
3589532289C0lin,68378329
356973,68412334
35sg,68590091
35cutefuzzycats,68594282
35unc2020,68983435
350364022,68993645
355555,68996132
350212247,69073183
35820,69385586
356PLUS,69607905
357ratsinatrenchcoat,69639219
350425997,69648680
355003FU,69660420
350312TB,69705087
352791TW,69705132
351275IM,69705472
352948AK,69705651
354659WB,69705828
3535356y74466765,69780778
350426011,69801288
35qazwsx,69809973
3552_reakun,69868454
350334918,70025280
35scratchb20,70184279
350169157,70344195
350304218,70422248
35stormy35,70428177
358370go,70517681
350192217,70645333
35kor,70716204
350203907pizza,70832947
350430096,71043780
35musa,71101347
35YYPuma,71121617
35vader35,71327098
353226582,71721805
350202222,71724733
350202214,71797687
351473,71907214
35X,72025430
3573343,72088051
359waterfall,72134924
350223558,72153908
354267,72400840
35678912,72565594
353353pizza,72638460
35Memoli44,72742939
355ei,72805735
354664JA,72842494
353439631,72849262
3534311522,73470253
35z,74008139
350z-EvoX33,74161046
35Picco21,74305633
35Spa21Ali,74374072
354566989099099090,74497526
3543335,74536835
35Crazy1019,74598723
359_35,74643533
3545669hughugfhriu,74664713
35898-c23,74710600
35574-c23,74710606
35-kwal,74892906
35vfvv,74904643
356446,74941430
354_TekinErenSALGIN,75108813
352_ezelemron,75116044
352_elifezel,75116437
352_elifezelemron,75123912
35016002,75298949
356bah-ozd,75302738
35LeoLion4E,75356384
35-SY2021CUR203,75436833
35213,75446356
35Mappppppp,76016637
35LargeLeaf,76214206
353025083,76288861
35QAZ,76326278
3514wen,76360537
3545669000000,76697627
35th_Mario,76705148
353012305,76942122
355_jdJ294,77075812
35835844,77122096
35santos,77404831
357BAM,77614759
35y,77656076
3504smdingley,77894159
3500smdingley,77894160
3505smdingley,77894198
3508smdingley,77894202
3501smdingley,77894215
3503smdingley,77894248
3507smdingley,77894256
3502smdingley,77894257
35aIiihsan,77999812
355ham,78097529
354674rtyr6,78133470
3573343_TEST,78306004
35kakeru35,78391614
3578coder,78490316
352746812,78534311
35sea5,78591662
3545Mustafa,78848148
3529562,79314004
353SM,79350557
35623651837453,79386196
35-Hour3,80310599
35-Hour4,80310663
35-Hour6,80310795
35qazwsx_backup,80585360
35-akiyoshirasu,80646113
35xxxv,80753853
352107,81396149
35racer,81443246
35mh,81476536
35987,81668358
355776ntnhtr,81854002
35P5FallJT,81984665
35DoggyJT,82052672
35_boxes,82065740
358red9137,82620676
359_Fisher,84407665
353503,84676357
357564CM,84676908
357561,84677217
357721,84780197
352797,84780647
359267,84781226
354409,84932846
35valiihsan,84982016
353424,85248240
352603,85262436
35-panda-am,85270978
35-panda-ss,85271849
35-panda-amsgccF2021,85271853
3531colegio-puntagal,85301133
3572Wolf,85444458
35q,85548419
350712LG,85654355
350027074,85746595
353442,85762736
3503251,86512462
354387jb,86620184
3502tiger,86702021
350087433,87007008
35CoylePV,87169339
352694095,87500114
35L,87573145
35U,87573148
35I,87573170
358jumpstyle,87599174
35butts,87724030
356ikfyfgdsd,87769869
35metin3535,87810188
35538396,87907223
35pizzahcs,87948512
350307476,88066693
350746574,88130105
358-38-975,88606804
35you,89085153
35Myb7UPut85LZXK,89168136
3524764,89561497
35BurgundyCoder,89635979
35768553467543679,89769657
358163lion,90211519
358370,90236546
35th,90625604
3546576,90712368
35600-_-,90717502
35TMSGolt,90759608
359677,90897402
35432523,90982287
35-TAINA,91028648
35-TAINAR,91046242
35bootyball,91076103
3535yagmur,91087213
35gonca35,91095180
3535ayaz3535,91095206
35yunusemre35,91095316
35iobcipe,91223060
354ee,91332164
350085379,91503346
35year3,91985103
35nguyenngocxuanthy,92169482
35xthydiahuongs1tg,92169645
35295389895372,92631735
350-Z,92858642
35egemenoguz35,92894953
35021ow,92963716
3563876754,93081283
3559376297,93081345
353657r5453532454,93151867
3500091,93796476
3567-2217,94392850
35-liandra,94433175
353t34t34t,94454951
35iremmeric35,94706258
35535355353353,94868673
350327631,95179138
3562344019,95788275
350707428,95869560
35nhrtkn35,96324330
35thecreator_2_nd,96339232
357689,97016709
358743,97062130
350357190,97314404
350181251,97314430
350371920,97314511
350371123,97314750
3578kechi,97348986
35_ryanM,97386996
35RyanM,97387046
350371209,97402960
35skrrt,97867108
3556ij,98024111
35shb,98256415
35_497877,98828418
350371712,99120832
351542,99240325
35-5th_Hour_2022F,99322252
3500873,99764351
35353352,99851217
3500634-,99982396
35nutsormore,100067787
351huki,100102373
35rolf,100117906
35kat,100153662
35kat35,100153769
3510bvr,100458661
3598_Rehan,101335559
35book,101454881
35141041,101542184
3536zikra,101603740
3563ayse,101616238
35data,101731278
3536ZiKrAjrro,101789131
35-OKU,101806079
357063,102157466
357206,102293640
350096145,102655708
350279590,102793326
35Beautiful,102981663
35_butbetter,103189665
350life,103239234
3526044VCS,103245455
354062,103306156
350713,103351393
35579saenz,103598257
357is2223,103600318
355is2223,103600333
353is2223,103600336
356is2223,103600339
358is2223,103600344
350is2223,103600350
352is2223,103600352
354is2223,103600354
351is2223,103600361
35561saenz,103920588
35521saenz,103920591
3555666,104051069
35043200,104204945
350266135,104416141
35128_the_boss,104444884
35pandasm,104483199
35pandaad,104483200
35pandaan,104483203
35pandafk,104483206
356289,104671800
350284575,104739241
3535035,104991216
356376jr,105155819
35541noonan,105171162
35598noonan,105171177
35590noonan,105171184
356watermelonn,105185129
350635,105299019
35-gustavo,105322664
350795969,105413280
350704409,105477978
35UPSmith,105563199
353024748,105565916
3506k,105572709
353594575,105617825
351372,105774960
350505Foxy,105950279
350136925,105999322
35dolphin,106007535
35SH2032,106268745
35tc_otheraccount,106457476
35Mincrafte,106831753
3568012,107175991
354086738,107448818
352996,107525512
351955,107530083
35kSohan,107564598
350334926,107694831
350287896,107783576
35sharks,108112196
35F4ADI,108127469
3507Scratch,108334327
35tg5trgf,108902772
35PPEACLC,109084691
35xzbobcat,109308388
350217,109318433
35barbozawill,109428497
35RandomPerson0122,109444792
35-JW,109635994
35alunojw,109868447
35sgccab,109946605
35sgccrp,109946616
35sgccet,109946617
35sgccew,109946620
35sgccsp,109946622
35umbrellabird,110017176
35kingpin,110109960
35NOAHGAMER,110289869
35paula_ferreia8a,110333006
35PPE2ESOC,110433950
355061,110482530
35219,110628221
35228,110628453
350145918,110640891
350700282,110643289
35yasmsilvv,111057541
35731178,111233654
35859565,111300716
3507c,111702112
35amo35,112347094
355Shuny355,112371301
35teamyu,112898707
357smg,113489873
35mitt,113510046
353175946,113747573
350127114,114166264
353609878,114263783
353790108,114264285
353575418,114264743
353519183,114264857
353557010,114349202
353603749,114349351
353530215,114349436
353597602,114349596
353230169,114349664
353602055,114349796
353519142,114349901
353602139,114350235
353721020,114350316
353568512,114350399
354223480,114350587
353754391,114350679
353766363,114350749
353791189,114350794
353743239,114350881
353693681,114350996
353735319,114351121
353791247,114351194
350Desiro,115073793
359381,115290104
35-DVJ-BS,115290306
35-SVJ-BS,115290734
35-sumn,115589397
35larsolyd,115763578
35joao,116447036
35gab8a,116451720
35-ruan,116536230
35-ruangui,116536567
358045,116609220
35victor8b2023,116783685
350Sonic,117226830
350205449,117366503
35-bluerabbit,117607736
35bluekale,117608183
35Incredibox,117699256
35298,117724416
351926,117946706
359UCE,118102917
35kSohan_iPad,118154893
3502th,118285378
3574LS,118291767
358611p7,118298382
358538p7,118298385
358651p7,118298388
351002,118345348
352781_6,118352069
3573pj,118529790
35rqrwp,118540938
358runaria,118664841
359885,119086897
3598856,119087018
354254542,119264587
3514-111,120022128
35SB_SSTAROSA,120935324
350670014J,120961553
35p_,121231842
354831,121687402
35Rises,121846388
35ideas,121873696
35-MISLAYNE,121932223
3568true,122354543
35David0122,122397679
355231l,122752257
352883706JL,122875907
352829980,122875919
354Big,122970646
353225634,123366259
350801,123668786
355387,124066141
35A22K52,124214894
3540sadewboi,125077550
35GT-35nismo,126568337
35tguj7,126691556
350191383,126711575
35p23550,126735535
350331898,126784144
350321729,126784419
35hf88p5w,126841525
3557465,127405148
35lin,127650502
354226618,127818556
358201,127837405
354281918,128602504
35toshi,128876772
353240419,129238895
35-7c-2024,129923957
35sham,130108213
35salma,130201841
35VH6D,130325251
3543547,130330586
355159AP,130694879
35PhxSuns,130742047
35721051,131408881
35722225,131408901
35Annaju,131529548
3504qw,131737371
3523qw,131737376
35Appleradio,131838370
35minutes-gaming,133843055
35-2nd_Hour-2024SQ4,133967424
35GilesQ4P6,134197700
353039779,135019493
35_Widnica8B,135405633
35fm7b,135868749
35789wolf,136181429
35ROBURSO,136192270
354221791,136340550
353452767,136631506
35p_pi-ya,137122640
35843584_Andia,137514932
35PRIMO_BRAWLSTARS,137759966
350802583,137773500
358davi,137877056
353534534,138088678
350025771,138350019
355_3qPlays_,138766753
35Cordelius,139038826
359_and_2017,139339679
3502769,140440548
35potatoez,140706237
350IQ,140718966
35189316,140992301
35barn,141081199
35bidc,141081253
35gnae,141081296
35hane,141081453
35hooa,141081593
35mccr,141081813
35mcgc,141081894
35part,141084762
35warm,141084965
35whia,141084983
35allo,141085506
35rops,141085517
35shae,141085560
35stoc,141085600
35belh,141086510
35berm,141086542
35covh,141087284
35gibf,141087320
35hole,141087364
35kinh,141087403
35kond,141087551
35laii,141087568
35mcbi,141087594
35oehs,141087612
35patj,141087643
35turo,141087667
35weaa,141087682
35wook,141087705
35samantha,141111250
