7188370,83914
711duostar,90619
714,92738
718,99356
711Zorbak,127282
71kavj,132217
717,182831
716,251286
7128493,267336
710330,268530
713,269037
7101057,299859
71307j,313834
71426,473752
7138,482616
710,517551
715,534389
711,552856
71Oline,613078
7120,621327
712,649335
713604020,860568
71spark,862845
717019455,942665
71267,958684
71476,989124
71itu35qnia,990984
714902934,993573
715732232,998102
712672,1013987
712673,1016227
71947,1026993
71070365,1071615
713jmc,1094846
711811911,1125438
7191-2011123456,1228647
7100023105359,1228677
714826594,1243156
717411253,1251074
7135,1423405
711ava7,1453172
71232,1749577
71chapman,1777975
719612440,1884469
71540,1912722
71112,1931593
71185659,1960846
714758960,1989898
714716714,2031552
7117,2165605
71781080,2169916
7133a,2361350
7133k,2364035
71050zine,2458799
71501,2485340
71494,2485354
7100,2501942
71803,2544453
717_Big_Power,2559170
712191,2710550
7112jsp,2758342
719509,2782649
7112,2800503
71CAMARO,2814799
7133,2832252
7173,2890374
710725,2898062
71665a,2934904
71182512914,2936143
717717foohoodoo,2957831
710308,3015430
7124172,3034324
71kr71,3078208
719197,3084877
71145886,3106223
710166,3122490
71234,3131892
71880,3134771
71508,3148827
71408,3149299
71202,3149302
710katelyn,3160561
71437,3163708
71434,3163774
7132003,3177163
715254,3222793
718awesomeness,3224453
718366,3241514
719_forever,3294045
7165aa,3345414
71n450n34nd0n1y,3350092
71435,3382808
7123,3446996
712588,3450182
711bmw,3474267
715000,3808042
71digitsofpi,3833559
71673,3833631
71819,4075138
712822,4211449
715034,4682318
717395,4682341
711bebeblue,4816007
7110661,4883996
711122,4945254
712569,4945292
710056,4945314
7187dog,5442320
719164,6285782
7144391,6529490
7109,6552398
7180,6808788
713727,7112534
715nawibo,7238188
7104449,7528240
719,7815858
717069,7960554
713089,8644458
718857217,8916116
717579217,8916132
718858217,8916138
713104,8942626
718860,8957438
713036,9286250
71854,9661032
711Beyonce,10004470
71105,11113300
710710jjjj,11131046
713061,11401168
712231,11478762
715dolphin,11798802
713612024,12895240
71spiderman,13088122
713117,13211085
710151,13521820
712343,13648300
719159,13826752
717515,13919221
711sylwia,14037600
717007apps,14127792
7118coder,14215191
71196,14247244
71325,14276540
711828,14408780
712541,14474732
712967,14474965
711386,14491785
710418,14528248
714claudia,14576263
71788,14579303
716167,14691449
711468,14805158
710088,14805363
71099,15786497
7187902789,16067524
710262,16102662
712650,16115521
713387,16350812
7114cvusd,16513477
711128,16642033
711girl,17914750
71311,17954699
71100crowleyisdtx,18117630
71612,18297247
7176c-vusd,18351830
711YAS,18412072
7181cvusd,18422673
7147cvusd,18439027
716466,18460124
71YiLin,18493155
717luke2003,18592131
71107B,18592324
7110cvusd,18594940
7146885321,18597865
7135987320,18599165
7134CVUSD,18624561
7150cvusd,18650606
718887,18792066
718351,18792111
717215,18801327
7188198187,18941938
7191251735,19152527
719859,19201681
71857777,19302798
7177435972,19318048
716334lfe,19353852
7100000,19357907
71630,19362361
714290,19367241
715916,19482615
716142,19494146
7157,19618770
7173295343,19623856
711498jj,19697545
711251,19697570
710913,19697606
71895,19704525
712578,19776221
7136mr,19879223
712136,19983683
716888,20018931
713199458,20065802
717331,20244280
7108,20434545
711justincollins,20460922
713_htx,20648380
7149999,20665360
7119999,20665381
7139999,20665399
7199999,20665433
7169999,20665498
7159999,20665552
7129999,20665582
7109999,20665624
7179999,20665723
71600,20743672
712364,20754356
714376,20754462
714375,20754465
714604a,20754495
71996,20775333
712980jk,20875024
716850,20909050
712082rn,20966378
713390,20966387
710217em,20966458
713468,21040677
715155,21107659
7117127139,21134822
712126,21301840
7148cvusd,21573297
715774604,21914176
711999,22166102
7150as,22387131
71Skittles,22464151
71786sf,22501568
713077M,22663867
711597P,22663891
7114456W,22663994
7116056W,22664022
71FA,22675999
710DL,22676288
7146338355,22689254
719015,22736400
71750,22745678
7171959937,22761680
717775,23186696
71i,23312820
7153932747,23508080
71527494,23916780
713713713,24105867
7171wolf,24677255
71_K,24816466
71339,24836341
715006375,24933880
7109999s,25062287
7129999s,25062293
7119999s,25062300
7139999s,25062309
7179999s,25062311
7169999s,25062312
7199999s,25062318
7138281838,25177242
7181671235,25177254
7151286422,25181859
713502,25220373
719072,25220375
714449,25220397
710653RL,25220529
714365JR,25220562
717028TT,25220568
710380JV,25220574
717207OR,25220653
711Boy,25242270
710pmj,25243204
71_fra_lopez,25275890
713579,25336433
7149429343,25423415
71241,25445535
7114479972,25450787
710653,25489209
7191251735m,25532645
716986,25545162
718097,25545171
717100,25545179
718114,25545193
719495jjw,25545194
714499,25545203
714248,25545210
713648,25545243
717635,25545286
71QUA,25594094
7151555,25605534
71718,25625975
7197460,25653824
71974600,25653869
71173,25658118
71426f,25883561
71440,25883605
71551,25949704
71823,25980394
714583635,25980749
71439,25981047
717eliman,25982832
711765nic,26017299
71998lon,26037712
713934,26039398
71305e,26076568
717elimanl,26079708
714078,26118376
712450,26118686
712508,26118975
712234,26119003
712505,26119306
710581BR,26119353
712252,26119382
711154,26119769
713553,26120042
711562,26120249
715264,26122299
716205,26126454
718169,26126489
717291,26126680
714890,26126689
714168,26126770
714538,26126792
719765,26126811
719639,26127079
714255,26127148
713887,26127157
710627,26127204
71609,26196367
7143521868,26211661
71manderson,26220531
713102,26220593
712victhom,26225269
717109,26249132
717109KB,26249617
713565MB,26249651
7102017,26275444
71319,26347939
710519,26414471
7199jf,26622722
715233,26626958
711440,26647436
716639,26647514
710323,26648570
714913,26648579
710549,26706146
713864,26706157
710239,26706186
711432,26749795
713wilden,26830110
714natorti,26830236
71759,26892132
71cole,26925226
71cullen,26925266
711145,27050394
711416,27050476
711135,27050709
711309,27050747
716039,27050752
7113550,27050755
711350,27050798
711227,27050856
714616,27050859
711898,27050867
718513,27050877
711347,27051135
711153,27051147
711189,27051155
711233,27051200
715956,27051204
711427,27051206
713223,27051216
71B,27058670
714kawai,27084753
710009,27091212
715703TF,27125703
710704ng,27125754
714892,27130034
718069dg,27155496
716713acv,27155605
716559JV,27155615
719309go,27155617
71293861,27242730
71CameronStathy,27268108
71CalebBray,27268109
71IsaacFitzpatrick,27268110
71JustinHall,27268111
71KeiraDronrow,27268112
71LarnaScott,27268113
71BillHammond,27268114
71HayleyAtkinson,27268115
71KieranKotulla,27268116
71AiyanaMorris,27268117
71ElaineRayco,27268118
710332,27288614
719126,27341411
71Anand,27390744
71HayleyAbbs,27390753
71HayleeAbbs,27390770
71KeiraDronow,27390830
7123abc456,27527731
71501oha,27750970
71980NOR,27751018
71jj8a,27911362
71799890,27930299
711772,28001336
712330,28001413
711590,28001493
712433,28099371
714167,28099647
718395,28099878
71645lucky13,28330584
719717,28347202
719403,28449174
713747,28451775
716268,28583340
71517,28693289
715766,28818283
718043,28818300
719564,28818308
714671,28868332
712358,29135655
712267,29575248
712570,29576318
719083,29679474
712ma,29711267
716001,29774459
714943,29834693
7169126483,30045240
71096maycen,30167696
7189N,30306163
718384746,30346581
71875,30601506
71903,30601513
71943,30601518
71903a,30601620
71911KB,30674400
71871KB,30674401
71947KB,30674404
71945KB,30674405
71878KB,30674406
716a,30756383
71731453,30968506
71918KB,31100999
71946KB,31101000
71288239,31243732
7152003,31344661
71273673k,31380118
7179,31551992
717lia-M-0dd0,31923142
7159675185,31962928
7129CSI2018,32018997
711marta,32049182
715728,32225194
716755,32225410
7183694933,32504162
714bri,32529879
715ncs,32570035
719ncs,32570078
713ncs,32570549
711ncs,32570552
710ncs,32570561
714ncs,32570564
712ncs,32570582
7117madness,32622321
71158,32633305
7199716,32695307
714365,32791047
71caiM,32881589
71enderdragon,32888618
710192,32911773
710219,32949523
711120,33695400
7102yk,33745583
7160hs,33745622
7126mk,33745657
7159ns,33745684
711091ko,33745802
7103yk,33745892
7154wk,33745923
7170ks,33745946
7163ys-2,33889885
711027hi,33889952
711191sm,33890022
718718718718719,33907488
7101338,33914413
717koze,33941303
712409tree,33984603
71DigiKid,33990971
71513351,34082297
71N,34138766
71charlie,34155847
716772,34184594
7143daniel,34418712
711YT,34544844
715306,34651809
71673isaac,34656322
71558,34658424
7176scs,34763433
71055,34790873
71771,34854878
7102268190,34885699
712812,34928824
718476,34928833
712049,34928835
714664,34928836
714092,34928838
713490,34929266
716552,34929271
710559,34929274
714558,34929275
714068,34929279
714888,34929280
710959,34929281
718266,34929282
718391,34929284
717135,34929286
713731,34929302
712573,34929303
719850,34929305
710246,34929308
716942,34929309
711592,34929313
710887,34929323
714841761,34945289
71355isaac,34952989
710419,34999555
714745,35000179
717491,35000233
717985,35000316
710839,35003105
7184428137,35024254
719202,35024971
710935,35036318
718egraciano,35084254
713230,35145829
7143411973,35250805
71slesmanatees,35270220
71717172,35295683
71149,35303702
71148elmhurst20,35386077
71189elmhurst205,35428352
719AW,35428912
7168517,35489481
71528moco,35537675
71imagine,35567108
7197762243,35635750
711109,35645403
71515r6,35695276
71064r6,35695280
71305r6,35695282
71f6zQ2L7b,35778028
7123454,36050814
716437,36057207
717073,36096029
71Century,36133784
71718jm,36144960
71819jm,36173605
71413red,36308840
71Q1BTim,37477811
71Q1BBel,37477895
71Q1BERA,37477960
71Q1BEmi,37477963
71Q1Bmat,37478005
71Q1BMEL,37478038
71Q1BDYL,37478040
71Q1Bjess,37478041
71Q1BCOD,37478134
71Q1BAMA,37478176
71Q1BBEN,37478181
71Q1BLEO,37478187
71Q1BHelen,37478880
71413wsd,37492890
71861,37498229
718205,37592111
710930,37629601
71207,37894703
718Darkness1,37920854
710034,37931951
71550sha,38432900
71204crawley,38432925
717083,38652479
7195193594,38664854
71181Cag,38694108
71Q2APao,38745915
71Q2AABB,38745932
71Q2AANJ,38745946
71Q2AMIA,38745954
71QZAAna,38745972
71Q2ABRI,38745978
71Q2AALI,38745995
71Q2AKAE,38745999
71Q2AFRA,38746011
71Q2AKYL,38746014
71Q2AMAL,38746021
71Q2ASam,38746066
71409,38754526
71Q2Amac,38833751
71220tur,38844000
7163963,38852944
71631Cag,38882213
717Code,38890625
719857D65,38891843
719gamer,38892336
715474,38908823
71Q2ASYD,38939174
71639nn63,38957831
714955,39209885
7191075503,39449661
7133s,39559770
710charliem,39725031
71Q2Bray,39842631
71Q2JOS,39842653
71Q2BRYA,39842658
71Q2BELL,39842699
71Q2BAID,39842773
71Q2BMAK,39842787
71Q2BRYD,39912793
71Q2BLAN,39912794
71Q2BISA,39912801
71Q2BDan,39912924
71Q2Byoboifresh,39913207
71Q2BEVA,39963091
71q2blkb,39963663
711rss23,40350745
711389940,40355471
716256,40361260
714488,40432092
710panda,40473608
710591,40559076
717726379,40638358
71Q3Aken,40660304
71Q3AMIA,40660341
71Q3Akev,40660364
71Q3AEm,40660416
71Q3ASAA,40660477
71Q3AMAD,40660481
71Q3AJEN,40660484
714528,40665608
7142633697,40677239
713741,40717637
71Q3AMA,40736411
715978,40756002
71808,40997141
712735,41056881
714528melvin,41082304
7144691279,41120309
710098,41279883
711443,41279888
710343,41280053
712554,41311693
7122371223,41328551
712020,41370893
718300,41388974
713Can-Drift,41465774
711uygar,41465783
716Su,41465833
710enes,41474515
7121313,41528360
712328,41695729
711450,41695767
712836,41695789
719yelda,41752727
71Q3BNJT,41765159
71QEBBRI,41765164
71Q3BIZA,41765244
71Q3BEMI,41765248
71Q3BGMW,41765277
71Q3BTom,41765279
71q38eks,41765329
71Q3Bale,41765381
71Q3Bia,41765416
71Q3BTer,41765421
71Q3Bama,41765493
71G3Ballison,41766046
717cole,41885713
71339ct,41915052
71557hr,41915114
710234,42018512
711151002,42312352
710819,42435573
7131868188,44050121
711779bm,44335818
718003,44423553
718148,44423554
718157,44423555
718043kng,44423556
718005,44423557
718096,44423558
718080,44423559
718119,44423560
718067,44423561
718082,44423562
718061,44423563
718057,44423564
718045,44423565
718042,44423566
718079,44423567
718041,44423568
718014,44423569
718131,44423570
718052,44423571
718140,44423572
718114kng,44423832
71oKnighting,44715484
7192196684,45457210
71160519,45902159
7174m,46427286
71183743,46592908
718582524,47732168
71639457,49857166
711imagine,50215090
716imagin,50215430
710666,50244983
710ak,50270405
71-,50353696
71-e,50353796
714xmarlyn,50366422
71234ZacharyM,50542723
71A,50599728
71C,50599742
71D,50599747
71E,50599758
71F,50599763
71G,50599777
71H,50599784
71J,50599797
71L,50599802
71M,50599821
71O,50599827
71AA,50599830
71AB,50599834
71AC,50599843
71AD,50599848
71AE,50599854
71AF,50599866
71AG,50599870
71BB,50599876
71BA,50599886
71BC,50599898
71BD,50599906
71BE,50599911
71BF,50599924
71BG,50599929
71BH,50599937
71CA,50599948
712718,50681429
713815,50692405
713841,51062480
7194029,51150131
71_lols,51442265
719128,52712749
71345,53131927
717981,53246137
7122x,53293499
715874,54045022
715285,54045027
715866s,54045144
717421Charlie,55169518
7169301,55589404
715868eleanor,55710990
717170,55877473
710079,56197139
719788de,56197204
710829,56223425
719946,56406356
718116,56406362
710698,56406425
718benita,56817337
71mph,56937675
71-Student,57188042
716637,57270596
71824KF,57299027
71563IS,57299030
711auhsoj,58257974
713wakana,58358610
71084,58623742
711108,58969647
7143986996,59040679
718201s,59073175
71R053,59089512
71477,59173354
717128,59206477
71djy,59224110
71W,60247150
713930,60247701
714300,60552288
7151555_Alt,60619923
7102009icecream,60712978
7151555IsBack,60998544
718499mohid,61004826
716178127672,61118220
71694,61791393
714JA,62116878
711_B1,62176729
71scratch71,62261688
7180aic,62280282
713517,62311433
71114GW,62321374
711Lyric,62825401
712162,62855861
712Josiah,62856805
713Yohannes,62856840
711sofa,63127913
71PES2023,63301544
71PES2025,63301984
71PES2026,63302134
713_Vera,63371597
71843,63658329
7184Yusuf,63718842
7114Mohamed,63718845
7113Yahya,63718846
715659,63724048
718632,63724084
719105,63724114
719024,63724130
719476,63724164
715873,63724171
71s,64043309
71x,64313623
710099002,64592018
710666-sub,64717817
711-0,64918713
71bigboymusa,64983573
718151,65017565
718172J,65018093
715594,65055639
7189152094,65276777
7138252906,65288295
71819Scratch,65695319
71cipeiob,65821648
712beren,66160233
711920,66303245
71695,66305198
7102011,66732301
715blue,66771484
7168541994,66880649
710atleti,67047281
717gold,67131435
718gold,67131754
710gold,67131874
719gold,67133071
71199BMS,67146120
71304bms,67146152
71402cms,67636777
71373cms,67636824
7135180,67655045
718cupcake,67810511
71934682a1,68214615
710583,68413179
719758,68740040
713z8u,68744674
71poptartDarnell,69058947
719kaleb,69214870
718test1,69218621
718Test2,69218735
715ReturnsAgain,69491248
71Pikachu71,69660113
71mustangs2021,69843990
71_,70014020
7132216,70095931
71Simrah,70246022
712172011,70348016
712087007,70348034
712166506,70348048
712244505,70348058
713047005,70348067
713055506,70348076
712309507,70348088
712309508,70348103
712085501,70348117
713021007,70348129
712159015,70348143
712224016,70348152
712120502,70348170
712353006,70348182
712151507,70348201
712108514,70348207
712272023,70348217
715OutForAHunt,70694935
712455,71045335
71djytest,71086265
716138,71253146
716492,71253437
718270,71253661
715590,71254230
710280,71254816
71GULSAHECRIN71,71505296
719758_2,71802119
7100028001,72020357
711worlds,72136456
719758_Test,72196339
719758_Trolling,72487146
717hb,72607465
713201,72707992
71Mike17,72797939
7172010,72828982
715346,73524054
718589,73541242
71499-c23,73826164
71tiger,73882792
718237,73997404
717id,74327016
710kk,74521397
715046,74645788
7182188796kl10,74879805
714124Bordewiscch,75137492
712221,75138084
715178zach,75138386
719kaleb__tv,75146694
71orange,75223707
71279CMS,75288171
711zel-ula,75302715
717naz-gul,75302742
711slushie,75796452
719508,75805092
717666hdm,75980385
7102008SH,76370903
71q,76772818
7101tr7301,77019167
712162001,77061324
712301,77076267
710aaron,77168621
7110box_a,77518983
7112smdingley,77894268
71338,78311752
7114aic,78319310
71soy_otaku3000,78331541
71kakeru71,78655695
71777,78904982
71books,79079904
71_and_a_half,79460341
7138228605,79612656
71_and_a_half_2,79768976
71_and_a_half_no,80157769
71maps,80174399
71ys1gne,80436260
71FP,80481575
7113aic,80693502
7115aic,80693528
717scr22,81088235
71z,81140395
714eleve14,81175956
713b,81188354
7156b,81188370
7128alsh,82040882
711836,82346614
7193250077,82354015
7121aic,82744986
716703love,83581225
712134,83665554
713059501,84119197
712246009,84321742
710_,84608940
712rainbowroom,84760135
711jesusboy,85156881
71k,85229838
710362,85757167
71q85y,85839859
712712712,85930423
71runers,86467914
71910Milkdog,86716238
71956,87174679
71956madison,87174761
714265,87444942
71R,87585751
71Y,87585755
71V,87585757
71T,87585759
71P,87585762
71U,87585794
71245,87983179
71yu,88110211
711coolboi,88193716
717216JCH,88337307
716838,88408286
715380w,88563617
71993,88571176
711063h,88593569
71mongoose,88642264
714885lc,88647194
710742SGZ,88851311
716990_kfc,89050068
716259A,89188045
71495,89250116
710202gr,89282853
71fortnite,89433683
718238,89642585
714112,89922962
712711,89931643
715ceren,90005292
716259AG,90049932
714urbiya,90270494
719yusuf,90338574
717Productions,90754643
7112011,90790750
71sssss,91092244
7110poe,91163906
71boy1000,91430647
71Froglegs,91680167
717310530,92527131
71seaturtle,92799396
714565,92951073
71927374,93239594
712053503,93374535
7123hello123,93525035
7120535035,93654793
712j712,93953338
71042111231216s,94262344
713755,94317498
71726736873464378924,94380830
711nosduh,94381827
71gl2029,94383626
713AnRi4,94642625
7123234590,95276740
710173502,95551000
71117717777711111,95563951
71414mrg,95626371
7181-8171,96799600
7143561,97105245
716104kami,97305838
712III,97582581
713Samyurama,97884718
71138Zara,98054400
718_SS,98235420
716ryu,98346213
719389,98669918
71137cs2022,99530894
71497cs2022,99535765
7171yuzu,100121724
7138gold,100206984
71042mlcat,100207072
718598,100335162
71000000,100406249
719718,100543520
710hira,100825700
7101F,100914468
71_shiru,101199657
7142124,101361204
71251fuesdorg,101665794
71danny,101666336
710danny,101666363
718090sal,101666913
7111kered,101815823
71isthewin,102017956
713_benito4life,102122679
712165502,102359850
71089026,103000866
710daisukidayo,103306531
7124ak,103544621
715mL,103748162
711ticlu,104303880
715TV,104488832
7100king22,104698211
71559k,104935026
71015Harry,104935438
711HananA,105188289
71610sts,105442936
713118,105478615
713118RLB,105478723
712631637,105534269
718saltukbey,105641382
713ericli,105656469
71dolphin,105857552
714dolphin,105936023
713dolphin,105936124
712dolphin,105936145
718dolphin,105936331
719dolphin,105936500
710dolphin,105936521
717dolphin,105936528
716dolipin,105936534
718dolphon,105936570
711dolphin,105937348
71218mk,106077649
71PLCoder23,106222706
71PLCoder31,106222707
71PLCoder30,106222708
71PLCoder33,106222709
71PLCoder32,106222710
71PLCoder35,106222711
71PLCoder34,106222712
71PLCoder37,106222713
71PLCoder36,106222714
71PLCoder17,106222715
71PLCoder16,106222716
71PLCoder15,106222717
71PLCoder14,106222718
71PLCoder13,106222719
71PLCoder12,106222720
71PLCoder11,106222721
71PLCoder10,106222722
71PLCoder50,106222723
71PLCoder39,106222724
71PLCoder47,106222725
71PLCoder7,106222726
71PLCoder6,106222727
71PLCoder5,106222728
71PLCoder4,106222729
71PLCoder3,106222731
71PLCoder2,106222732
71PLCoder1,106222733
71PLCoder9,106222734
71PLCoder8,106222735
71PLCoder26,106222736
71PLCoder27,106222737
71PLCoder24,106222739
71PLCoder25,106222740
71PLCoder22,106222741
71PLCoder19,106222742
71PLCoder20,106222743
71PLCoder21,106222744
71PLCoder18,106222745
71PLCoder28,106222746
71PLCoder29,106222748
71PLCoder40,106222749
71PLCoder41,106222750
71PLCoder42,106222751
71PLCoder43,106222752
71PLCoder44,106222753
71PLCoder45,106222754
71PLCoder46,106222755
71PLCoder38,106222756
71PLCoder48,106222757
71PLCoder49,106222758
71PLCoder60,106222809
71PLCoder61,106222810
71PLCoder53,106222811
71PLCoder52,106222812
71PLCoder51,106222813
71PLCoder57,106222814
71PLCoder56,106222816
71PLCoder55,106222818
71PLCoder54,106222819
71PLCoder59,106222820
71PLCoder58,106222821
71PLCoder0,106224049
71Kadir71,106488565
713-40,106508646
710group,106544290
716448,106562226
718014salemkeizer,106562339
710--,106566990
717449e,107013540
718594608,107538443
719321,107701120
719321t,107701963
7162012,107776104
711bluedog,107927151
710080002,108130339
717172,108580741
7128389,108737198
719321tj,109503551
719321tjf,109503616
71Wonarz,109743393
71heartcard,109935090
71loudcar,109935091
71smelltell,110037715
714803,110227022
716rinrin,110523695
710er_kiel,110567137
711hanan7,111049014
71857r,111519553
712brlu,111708800
711_,112334040
71Among5Us,112502156
71433169,112913135
71640312,113114848
719104kami-2,113232379
718561,113330800
713345,113335717
710-Faaaaa-,113337057
71xmaster,113369435
713vcv6408,113483749
718Banana,114728676
711798,114881793
71310428,114902416
71fruit23,115344580
71PLCoder90,115648350
71HSAN,115806210
71scratch,116548748
711_Aegis,117110938
713group,117244032
71367x,117291434
712KM,117319422
71634b,117921081
718Eb,118100778
712390js,118300709
71Anevi,118337455
71Bmarkcoun,118528012
71AJB6,118586576
71ANS5,118598656
716259ar,118614191
71140Mia,118698397
71236shio_,118815129
713303c,118982458
712412bc,119245828
713207,119453545
713212,119453628
71Make,119474984
71dh,119514646
711PBM,120089483
713366,120179365
713357,120180437
711hasmydog,120599039
7119241,121797358
717135_0,122370359
711x,123185846
71092make,123368167
71ders,123463967
71292038Error404,123483817
715243a,123483964
713kei,124428271
71yu_sabu,124500832
711100,124700749
71343hi,125768028
711182,125965543
71PLCoder100,126281829
71PLCoder101,126281830
71PLCoder102,126281831
71PLCoder103,126281832
71PLCoder104,126281833
71PLCoder105,126281834
71PLCoder106,126281835
71PLCoder107,126281836
71PLCoder108,126281837
71PLCoder109,126281838
716-12,126517422
71Silver,126725655
7181F,127294079
7134598,127501547
7161PC,129162991
71022justapotato,129264491
71gl2032,129877577
71NH,130774536
71KC,130774835
7147tial,132046777
714elizabeth,134903587
715-rex_tyrant,135636508
71606000,136145445
716060000,136145718
714686salemkeizer,136214791
71PLPenguin143,136852267
71PLPenguin142,136852268
71PLPenguin141,136852269
71PLPenguin140,136852270
715SriyaG,137182180
7148N,137747680
714382,140338334
712937855,140709435
