4916,62220
4915,62230
4934,62231
4909,62233
49pop,62814
492,66836
491,143840
498479,166249
499,224732
497,269110
493whitey,279747
4922,283559
493,309453
495,321940
4912,354088
49nersboy,359831
4906,368965
494,391213
49684,416319
496,469386
498,508626
49crystal,561990
496331056,616934
49192,773265
493pkmns,935844
4900,989138
498880372,1083298
49497330,1094738
49246375,1131394
49397,1199976
49906,1220619
499098509,1363279
49Theory,1380850
49ers21,1811313
4911,1873212
4995,1880631
494martin,1908608
492349860,1977787
49059589,1979606
494810500,1989580
496293748,1989876
492042571,2169868
495336615,2176119
4910blackbear,2181835
49792,2285053
49ers,2304723
49154739,2373193
49309,2392884
49039,2430236
49ersteen0126,2586825
49ersfan,2699050
496811295,2700225
4901,2719011
49percent,2793117
49erz-rock,2796336
49niny,2860122
49486178,2867249
49ers35,2908323
49780,2923475
49ersfan1680,2925262
49ers1233,2997551
499305,3031948
49432,3034410
49702,3034424
4940634,3035957
49erfootball12,3039483
49409,3040311
4940624,3043443
497433714,3053305
49199226,3069231
49erz,3088791
49835941,3132630
49erboyy,3156620
49ersbest,3194338
4999125,3258012
49490590,3316974
49erminer510,3333201
49ert,3396559
49Cent,3405919
492534,3411870
4905ve,3417403
49ers100,3457897
498372,3477798
49ers89,3557698
49Studebaker,3570412
494322656,3579400
49er-miner,3693762
49er4life,3819668
49746220,3884999
4993423055,3937388
49400,3943871
4985,4060442
49clips,4343515
4910,4444898
49scratch2014,4465919
4903,4467589
49ersfan3,4826128
492002,4880502
4997wils,4899076
49ers128,4953978
494949,5095812
49erskaepernick,5139910
49golden,5141744
49687,5429490
49ers50,5540858
4917325,5718338
49ers12345678910,5778674
49erjammer,6273920
4965,6305316
4985009,6438062
49281,6457702
49winter,6635714
491897782,6663654
49727714,7060208
49ersandbears,7338920
49ersman,7628498
49ersrulz,8116758
490000672,8331528
49M,8946794
49ashlyn49,9748504
4909085,10941824
49greenteam,11070290
49ersgorp,11444866
494gwi,11724254
49ersfan2,11791936
4902,12711188
49tv,12845748
49ers80,12974382
49010,13516523
49ersboss101,13580701
49320178,13740744
49ersgorpshelper,14141702
49ersgorpsalt,14256646
49ersgorp2,14256685
49Pixels,14438630
4913,14605543
4906cjy,14837052
4932,15708051
4972,15903236
490,15994087
49509102,16168003
4987584,16198109
490gamemaker,16540357
49663,16951071
49QH,17011479
49416862,17254144
49ers4life,17970485
49122crowleyisdtx,18094197
49966crowleyisdtx,18094236
496emigonz,18116430
49931crowleyisdtx,18128921
49k,18134443
49189crowleyisdtx,18148017
49leo,18298527
49ers_Life,18324657
49051,18367669
4905,18442659
49Kayson,18493142
4995594,18773043
49Messi10,18775399
4958757716,18942310
4978356261,18999018
49542,19016489
4944859341,19202136
4923848219,19227546
49blue2017,19291407
4923608,19434250
4991,19439133
4978621755,19484377
4915962652,19623854
494835,19644736
490850,19644743
496217,19645666
496509,19651246
497630,19651250
499724,19779126
4947912,19826264
490435407,20065796
498980,20310512
49089,20465742
49code19,20919141
4909264,21059038
49271,21191599
49221,21191660
49489,21191667
49272,21217040
49682,21217073
4932809438290,21248440
49136,21273244
4935,21384983
49260,21403299
4929927927,21470011
49299279275,21470951
4954l,21643044
4941f,21643046
4909o,21643048
4904p,21643054
4947a,21643059
4960o,21643063
4976a,21643064
4900le,21643067
4939j,21643071
4930123,21698898
499261592swag,21725611
4900202,21740036
4954la,21795790
4904pa,21795793
4947ar,21795798
4960oj,21795805
49kill,21800254
495738,21879553
4977625196,21891394
493macncheese,21986459
494999,22265605
49086001,22419006
497420,22853805
499s214015,23229925
4914scra,23305672
4986cmar,23334360
492735,23421808
496593,23421958
496527,23422120
495s,23520149
496974158,23565936
4962462873,23606987
49f,24085269
49893bro,24432112
49e,24708648
4936181129,25173798
4992789625,25177256
49jdoe,25228997
4904,25245608
4952800,25392447
49ers12345678,25396732
49ers22,25396783
4941571363,25416591
4997231932,25416597
4957471894,25418604
4967582486,25450790
4958757716t,25531053
49878989,25694714
4929621879C,25729328
4962917153,25731175
49erfanshoosh,25753266
49erboyjakepauler,25823436
4996300,25941596
4996400,26051383
49blue,26356733
4975617951malik,26435007
49528,26445902
4998,26474800
49036,26556011
4952,26819993
497sabbahr,26829936
49178872hezi,26913146
49Avery,26925225
49Shakthi,26925255
4915JM,26980835
4982FGB,26980847
4991TMV,27112893
4954SR,27193601
4994,27257386
49noobfish,27280919
49186,27471908
49ersJD,27482426
4922468374,27553505
496rocket,27834350
49ths,28163051
49Lauren,28284470
49TH,28714873
49167,28782340
49ers24,29514560
49RSstink,29643724
49929cha,29736537
49119006,29979583
498054dd,30057136
4994mason,30091805
49clever,30128508
49surely,30128529
49ethan49,30206518
492492492,30364607
4901299er,30396648
4942MarcusZ,30440136
49mshapiro,30505073
49L,30531697
495078dtm,30589940
49avad,30600427
49w,30624266
4966249,30661517
4901341,30732057
49479,31199980
49-LTEC,31229426
49905851,31312388
49656374,31315698
49Lewy,31449151
49cents,31515058
4978612861,31930551
49-cents,31936721
49274,32086504
4901464ys,32171003
4901478pe,32185450
4914ncs,32570599
49Snoopy49,33331030
49Earthquak,33457473
49568,33662433
49liv,33734665
49DigiKid,33910980
49052isaac,34656339
49balookdf,34739724
492998,34740656
4956scs,34763443
493295,34785511
49slesmanatees,35270186
49198902,35360862
49imagine,35566890
4931581757M,35651061
49ers_suck109,35702349
4931821839s,35784855
491963bsd,35789093
498236,35789762
490virus,35792781
492010,35804760
4975977168,35824491
490636,35842643
491014,35843053
491613,35843109
4914514923,35901889
491215bsd,35912352
49OMGTech,35940728
492513,35947245
49252004,36140340
49939393937,36142400
499bse499,37650419
490aeq490,37654050
492513Jordan,37992701
492311,38337441
49927,38438468
49099506,38580662
49t,38585760
490292,38796528
49365505see,38855047
49078514,38855162
49275511,38855165
49174518,38855246
49172016,38855643
49ers021,38856886
4961861855,38890710
491342,38956072
49640rei,39003188
49797,39200830
4984743638,39306170
49ers02,39476836
49261005,39550765
49616smasher,39693824
492472,40228235
492651,40228387
492656,40228419
492843,40306599
49ersandYankees,40341921
492920,40435665
492932,40435672
4911577,40467052
490-,40480492
492750,40552552
492906,40552592
49051007,40849650
4991ccb,40849884
4954ccb,40849990
4994ccb,40850281
49062007,40855893
49193003,40855910
49101006,40855911
49169501,40855915
49152012,40855922
49286011,40855925
49111002,40855928
49365502,40855940
49314501,40855952
49062002,40855955
49208501,40855960
49099503,40855969
49095004,40855971
49242002,40855975
49118003,40856008
49225507,40856010
4933ccb,40944897
4971ccb,40945021
4911ccb,41089143
4921ccb,41089162
490165,41173123
49SFS,41176407
490420,41272020
490562,41272885
490629,41272891
490135r,41280649
493071,41311723
491142,41356517
491nupelda_merinette,41469689
49seahawks,41515067
49486lauren,41544376
491513,41655601
492842,41655618
49532James,41696355
493006a,41749868
490016489,41855539
49590,42311242
492A,42351577
4948472,42510852
494219,42586125
49994,43965714
49560,44269374
490068,44716061
49815801,45807771
49Nokwazi123,46324168
49thf,49863955
49112376,49912681
49nl,49962020
493151-2019,50018240
49wyjscd,50965229
49_,51243275
4972786884,51293195
49x,51509042
49er-fan_77744,51843475
49351787,51965740
496786,52274906
498577,52275195
498351,52275307
497576,52275638
497972,52275654
49172003,52276824
49078001,52281446
49197507,52281498
49139004,52281595
49111511,52281625
49127502,52473659
496470,53008282
4920542058,53188593
49145010ben,53652857
49039006,53652865
49055506Sheeva,53652883
49223003rodeen2,53653027
49336501,53696846
49252512jadyn,53696859
49209013,53696919
49141005,53696940
49336501aoife,53696978
49319506ashley,53697018
49056005wesley,53697039
495454bd,53716575
491490,53765388
497145,54045024
494270,54193968
49112-51226,54240630
49ERS-IS-AWESOME,54673751
49064009,55787558
49012004,55790287
494603,55838841
49h,55921002
4932185219,55946931
49ers4Life_,55976973
49107014,56226861
49izabellah,56339905
49ers_Fan1,56401801
49ers97,56408114
49876439,56465975
49877durwcdsbca,56676469
49royal2018,56730470
49776SAB,56732043
49arwa,56830839
49877du,56860295
4987dur,56860327
49nick,57403060
49098012,57604418
49A,57736317
49292003,57815750
49356919,57815899
4955817521p,57926109
4985purn,57953550
497364Brandon,58000082
49072503bruh,58343198
49erpro,59224814
49Q,59561814
492217,59638699
499638,59755250
499658,59780945
49sd2026,60334642
49ersRULE85,60723939
49erlover415,60767040
49aluScratch_CPR,61113495
491534,61154112
497ghiiiy,61163337
491492493494,61214352
49b,61288810
493nt_7,61587176
499135,61694390
49443,61738697
4912GamerBoy,62637483
491143,62742410
49PES2026,63302070
4940AS,63478646
49ersfan97,63494084
49N,63497294
492385042020,63673866
492740082,63673926
49494949949494949,63704400
492625112020,63830397
498UvU,63952001
491melekayse26,64410186
492i9u4292,64643072
49939p,64643589
49reeskamk,64678133
4948474621,65001679
49205,65009729
495356,65271062
49223009,65459023
495488,65920419
496303,66009379
490407,66009545
490422,66009556
49magpies,66246262
49ers20202020,66367769
490152,66509843
492-ECR,66614280
490-YUS,66614282
491025,66700041
49res,66708414
4914,67161131
49ersScoreBig,67164379
490076732,67763911
49773ldcsb,68218540
4949727184,68238356
49c,68404235
4912886289,68557151
4929118476,68557354
4971592369,68566886
49o9,68568491
4926107,68591198
49444-,68800563
49200007,68800659
49223012,68800679
49073507s,68801144
4987293196,68804019
49296510,68885288
49152504,69000259
4919393929,69522371
49J,70013299
492246a,70086183
490430,70106440
496479,70173767
49494994cwcdw,70256259
49-,70280168
498714,70296310
493927,70432426
4911006,71156803
49583922,71183407
4962431,71221339
49-GentleHorse-2010,71227441
496928,71235037
49084394,71242297
490BATUHANKASIM490,71505273
492358,72133053
49FnafLovrr94,72206731
49O,72565600
491359,72783373
495239,73008716
495462,73093631
49-gs,73139600
49038111iom,73432177
496470_1,73672922
49_times,74392903
498_Kaplan,74445847
492_6F,74671452
492_HBerkeDeniz,75099861
49test,75214572
49max,75222983
4949zzz,75449135
49erskid,75724070
49erFaithful2013,75903210
49ers432,76010117
499673,76805439
49kauri49,76886998
4987293196More,77091038
49Skies,77893715
499th-duax-folloer,78063573
49ers25,78300973
49er25,78410372
49kakeru49,78478501
49ers444,78674422
49ers595,78752648
49g,79109298
49R,79136800
49S,79136836
49U,79136852
49V,79136863
49Y,79136882
49Z,79136894
495119,79165142
493394,79198803
49TheCreator,79286568
49e35,79365207
49Flame,79741625
490139,79933177
496958NT,80031186
499176BB,80031267
4995jc,80037091
4970jc,80037108
4932jc,80037112
4938jc,80037113
4999jc,80037116
4930jc,80037119
4973jc,80037120
4976jc,80037122
49368066,80060593
4942jc,80063527
4904jc,80063588
4962jc,80063776
4954jc,80077174
4953jc,80077175
494872JR,80080394
49Tech,80246560
49HARU,80305672
490482,80429061
4904coach,80436407
494350,80608191
49ER_,80724562
492spb,80751837
499324,80816527
492scr22,81088243
49FX,81245562
494sonickboie,81386588
499144,81817573
49d,81819316
499200,81968124
491404,81985437
4954232_Draw_Game,82085848
497deniz,82585937
496yagmur,82585952
493mustafa,82585956
49tacosyellow,82610921
49258,82675830
49asu,82825197
499googlen,82848226
49hogwartz,82864048
49_Times_TEST,83092397
499999,83128530
49student10,84065281
490E,84296557
49__12,84552560
49iesdlk,84558944
49001,84610569
49ersfan4,85252058
49earth49,85962650
49e1a4c5fe73275d0a6e,86109150
498k,86251371
4969804,86585975
49487929,86902688
49215,87027797
49364m,87189928
49221a,87189973
4912011,87337104
49I,87573560
49P,87573564
49339E,87651574
49077,87651650
49er-fan,87903092
49ersLOVER,88416695
498309885906345,88432536
49singingdog,88642265
49ers785,88659646
4974AM,88748055
499999158925682,89083035
49ersboy19,89858695
495839fg,90056729
49headhope,90133975
49ers2012,90625215
49TMSGolt,90759631
4900799053,91489402
4919793,91610855
49ersssss,91896096
4903179,93065939
492Oc,93124504
49erdeebo19fan,93395702
492Oc_ALT,93562647
492O,94366554
492Oc_IsHereAgain,94620567
496_kakeru_496,95310485
493926,95346031
49Lcy,95365443
49557,96149105
4912820,96706187
4902049,98036036
49748,98472706
499156,98827532
49erYoshiBoy,98979320
495893,99058237
4949444,99084348
49ersforlife2023,99120239
49ersrule2023,99120307
498297,99171478
4993192828,99234336
49ing,99856450
497150_Javi,99979807
497714Ek,99983751
497358ar,99983879
49BurgundyCoder,99989740
499053,99999321
492903,100050026
492903_MS,100050117
491023,100051657
495672SR,100053275
497714,100056170
494013,100056218
497714E-K,100056275
492111,100056282
494036,100056297
49ers4life190,100091190
493nc,100204636
49givi23,101652243
494sudemd,101942563
494211,102575329
49d2m77j9c24,102612136
495-,102903563
492432,103220698
495redtiger,103855156
49erscmcboss,103936582
49ersboy1,104629345
4916807,105009524
49ers_play_football,105632984
4909019y,106375644
49723y487923y487923,106620490
49VF2031,106711286
490388937,106894207
491saram199,106930768
49778Begni,107540985
49s123,107703633
49833Lai,107722200
49119Law,107722268
4949nakou,107803599
498007RS,107970713
49ERSare_trash,108002929
49erDeebo13,108641630
4902323JSBDF,108647147
49359www,108758802
49TVRACLC,109085661
49erFanatic,109398460
49158274,109418679
498ahmetgorkem,109674343
49riverhog,109788945
49colddart,109935110
49shinycrown,110017174
49bakeclam,110037712
490437,110146854
494lp,110531566
4940680,111018000
49176504,111073965
4949491,111287455
49ersfan_19,111507104
4933084,111699873
498urkhj248,112161213
49160001,112521774
49R2023,112579393
4916567,112911585
49496565,112966957
49649,113355252
49clash7,113519024
4909075,113625462
498763256,114002900
498007,114036667
49ersandmorganwallen,114349538
4927945,114661884
494PokemonFan,115596018
49494_9,115631698
494383,115924295
49superyeter2,116030029
494545,116102949
49kxsh0tzzz____,116111492
49108qiey9093j325006,116999048
49sd,117392581
49yellowpeach,117608166
49279Susannah,117845017
49336SR,117928463
49102mt,117973595
493363SR,118036618
49883,118097227
49followers,118352130
49spacecamp,118382650
4965444,118407163
49595L,118506030
49893,118794840
49892,118794841
49895,118794842
49894,118794844
49897,118794845
49049,118794846
49046,118794847
49045,118794848
49041,118794849
49088,118794850
49082,118794851
49083,118794853
49080,118794854
49084,118794855
49887,118794856
49854,118794857
49877,118794858
49850,118794859
49875,118794860
49879,118794861
49858,118794862
49018,118794863
49085,118794864
49030,118794865
49864,118794866
49079,118794867
49881,118794868
49058,118794869
49885,118794870
49073,118794871
49075,118794872
49853,118794873
49034,118794875
49053,118794876
49092,118794877
49808,118794878
49809,118794879
49868,118794880
49869,118794881
49802,118794882
49865,118794883
49866,118794884
49867,118794885
49860,118794886
49065,118794887
49060,118794888
49062,118794889
49022,118794890
49068,118794891
49025,118794892
49327,119137846
49323,119137847
49101,119137848
49342,119137849
49105,119137850
49104,119137851
49267,119137852
49264,119137853
49229,119137854
49367,119137855
49249,119137856
49343,119137857
49313,119137858
49245,119137859
49246,119137860
49368,119137861
49348,119137862
49268,119137863
49225,119137864
49232,119137865
49242,119137866
49236,119137867
49293,119137868
49292,119137869
49332,119137870
49212,119137871
49211,119137872
49339,119137873
49218,119137874
49277,119137875
49198,119137876
49256,119137877
49350,119137878
49254,119137879
49194,119137880
49195,119137881
49259,119137882
49197,119137883
49279,119137884
49234,119137885
49315,119137886
49362,119137887
49224,119137888
49251,119137889
49193,119137890
49288,119137891
49265,119137892
49354,119137893
49346,119137894
49286,119137895
49129,119138366
49128,119138367
49125,119138369
49124,119138370
49183,119138371
49114,119138380
49188,119138381
49173,119138382
49158,119138384
49159,119138385
49110,119138388
49113,119138391
49153,119138394
49155,119138395
49177,119138397
49134,119138398
49135,119138399
49191,119138400
49179,119138404
49149,119138408
49148,119138409
49169,119138410
49146,119138411
49145,119138412
49143,119138414
49141,119138415
49140,119138416
494251,119640456
49zhuyan,119732272
49EBR5,120238104
49f765,120243384
49ers14,120256630
492123MR,120626612
4914MK,120631212
4910AR,120765748
499586868,121904614
49ers2000,121933257
494928opu8u98,122120735
49ersFan13,122233659
490king,122256507
4905546,123803909
4922ArtKitty,124079359
499charactersleft,124117580
49947tny,124580814
49ersgange85,124581208
49ers_rules,124845779
494055BV,125465128
492658BV,125465138
49071234,125676997
49ERS_Are_Da_Best,125923017
49ers4dawin,126377619
49464649,126387000
49ersrule0000,127082892
49ers-Mcaffrey,127134741
49ersbest23,127686914
4958b3aze,127755578
49ers1234567,128279587
49ersarethebest7,128415703
49ersfanfan,128670774
49ers07192012,129065179
49173011,129075658
49ers_fans,129149525
49ers_win_superbowl,129213431
49ersareawgoat,129372044
49ers___,129383113
49erOnTop_C,129412764
493452234,130247042
4993tecfa,130550102
49ersRule2024,130833297
4979-yyy,130974867
49ers_superbowl,131677750
49ers556,133074913
49kk,133129533
49dgreen49,133132033
49ersruletheworld,133397525
4900909,134143702
49ersfan131313,134801374
49erSBchamps,135177314
49ERS___MAN,135714579
49fm7b,135868741
49ersrule3087,136892889
4933106,137427723
4933017,137653831
49-51,137883890
495f5345455f594f55,138011793
493369,138354923
49ersfan130,138920641
49JIMURSO,139248127
49282901,139279195
4953s402,139995289
498808,140410418
