8832,32180
88865443,34997
885522,53957
883fitzsimmonsd,61372
883lentschk,61374
883richardtj,61383
883bagaasonj,61388
883suardin,61394
883millerr,62267
883nelsonz,62271
883andersona,62287
883mcfarlandm,62289
883orthj,62294
883riedbergere,62309
883gilbj,62310
883horne,62311
883clousej,62318
883poulsenk,62365
883haugent,62367
883martickm,62368
883redepenningj,62374
883solignyco,62429
883sahlima,62440
883wickstrombr,62444
883caglema,62445
883luckettty,62448
883aarsvoldca,62450
883pittsca,62451
883schumacherb,62455
883ingallst,62466
883sakimaau,62467
883mcfarlandma,62469
883palmerja,62471
883gallbr,62474
883gerarde,62476
883sukolo,62479
883braseja,62481
883sundellk,62492
883johnsonem,62499
883mclearenh,62500
883arnesonc,62502
886,136812
888888,141860
8888,154139
88lias2,160804
887113099,167633
88ANDY88,169315
888,191151
887,238442
8890322,240093
88884,255707
881,275101
889,290264
888BUSH,306391
884242599,315818
88888BB,347760
88tr346qie,369993
88888,380303
880,452729
88991010,459879
888888888888,466388
886686,497494
8855,528783
88998899,533375
880513,538814
880108,540123
880107aa,540545
8866,542706
886176,544284
88street,569155
88526978,576390
88046599,594965
880827,606529
88040902,608760
88441122,609356
880701zxc,612879
88517891,621486
880608,621728
880726,622270
880522,622275
88428,622315
880602,622372
888bob,623850
880624,629683
884,635354
88880823,653901
880427,664342
88412,664731
88bran,664935
88Itachi88,671804
880107,687556
88pisem,693591
880326,694860
880430,694908
881212,699230
885,705234
88082600,723162
88520,723174
88cheers211,724392
880402,726724
880113,733001
880818,733452
882,736381
885533,747044
880115,749461
88037,791103
88ig,801540
882704mus,811679
88neb89,891846
881899,903803
880317,904805
8810,913057
884161059,946424
880903z,949038
8812125,988672
88556578,990276
88817447,998449
885401,1017364
88roy88,1026862
881028,1047943
88229252,1093100
88tanya88,1099064
888323,1110726
881129,1122916
8822,1132496
881225,1182749
88ku6,1221259
8894e2h,1236776
8852414,1284274
8892700,1286660
880502019,1295370
88857868,1354879
887957691,1368818
888951753,1422586
88tepig,1473232
88paulhamus,1779744
888symmetry888,1819554
88291487,1828915
883,1931989
88Beta88,1932403
8899,1948091
8822199,1984640
8828767,1984642
8856326,1984648
881510233331JVBN,1984649
8855338,2036442
8865432,2056320
88524,2082190
88299247,2167038
88109493,2167059
88136651,2169727
88117118,2176004
88833995,2178968
88160282,2179133
880907,2248683
88stripeyforever,2269309
8888888,2348620
88gabfig,2413562
88crazyman3,2537107
888jam,2544543
888cc,2558423
88timmy,2585918
888Wolf888,2627129
888ggg33dd2s,2630463
885662,2678268
888888875,2697207
88888888888888,2763860
88826,2788371
88021396,2849386
88029757,2849391
88030165,2849406
88131833,2849409
88132112,2849867
8888888888888,2850509
88126170,2853911
88040983,2853913
88131038,2853934
8852991,2856649
88hercules,2941896
88garniksargsyan88,2992853
883378,3110204
88kns88,3170120
88665,3218169
88d3,3228866
88cobra88,3301924
887711,3335956
88102800a,3341481
888pineapple888,3347292
8888matthew,3368369
8888b1,3390418
88038681fr,3399225
88006321,3405385
88035043en,3405425
8877665544332211,3413827
88curls,3432001
88keysinspace,3494534
88_Naiara,3496665
88Productions,3510471
888881,3536870
88herobrin88,3544065
88buttee,3564031
88036697,3627226
88039943,3627244
88125969,3627542
88KABOOMY,3640919
88scratchmaster88,3751946
888cookiedough,3759171
88linell,3818714
888rueben,3827044
88Jr,3845901
888wes,3846162
88aa88aa,3938416
88superguy,3955552
8895,3971637
88Saz88,4076391
881705,4185093
88kane,4192902
8842331,4262083
88epic88,4311152
88987651l,4383846
88jojo,4496990
8897634MeiMei,4574903
889710,4580816
8811,4665469
88rules,4738369
88and124,4743113
88888888888,4801767
88pikachu,4817521
88WolfyDestroyer88,4905722
88JaketheDog88,4953094
88plans,5194252
881254,5214926
88jane,5368616
88scrat,5420010
881889,5508302
880155,5594850
886604,5755310
88Toby,5894812
888-EZ-BUCKS,5919738
8888888888888888,6168310
8822W,6392514
883russellb,6419728
88dia88,6498078
88168,6634604
88900738,6638698
88tractors,6892308
881105,7087156
88Bro18,7135306
888GHOST888,7541298
8827,7572068
88arcticwolf88,7756044
88_Lil_Callejas_L,7802362
88john,8746836
882003,9437922
88Asuna88,9662300
88austin,9749698
8814,9891464
88888888n,10494754
88TGill,10668506
88Dubs,11324802
88m8,11375554
88R,11795442
88builder,11869836
88matthew88,11966156
880646,11971662
88098809,12747328
887654321,13196767
88hazel88,13715587
880055,13751559
888024,14066941
88304,14068244
88080808,14084779
88100,14142701
8846creator,14211429
888Scratch888,14266088
88131209ecec,14312421
88patrickkane,14314313
88134680st,14797465
88_ces_granados_a,14815815
88silverbunny,14836594
88henry13,14847630
88l,14848127
88migle,14870609
887799789,14875323
884827met,15021563
88livie88,15555925
882928,15590458
887760308,15808258
8878ab,15936901
8845292,16008942
888FRAN888,16034718
888england,16367916
88005553535,16384558
88899910,16545965
889910,16573014
8899555,16578765
887546,16869319
888commodore,16942891
8862561,17011073
8896054051,17140124
8888cj,17605722
88PolarBear,17668325
88911,17947649
8863377154,18028150
884andchin,18116369
885077bur,18129351
884815ral,18129352
880377dun,18129353
885593eva,18129355
883753pra,18129356
884887met,18129357
884895muh,18129358
885239fer,18129359
884890chi,18129360
887767kni,18129361
889491sto,18129362
885486fre,18129363
885510li,18129364
886842mcc,18129365
880800mar,18129366
885943tol,18129367
885589coo,18129368
884819hab,18129369
885607on,18129370
885601joh,18129371
885121jon,18129372
885610she,18129373
889130lee,18129374
885597gaa,18129375
885611smi,18129376
8800555335,18153285
889933,18176165
8863377154A,18222283
88801357,18245796
8801464,18245945
8801357,18248084
8809cvusd,18310617
8817cvusd,18310623
8898cvusd,18331979
8899abc,18336918
8806cvusd,18350770
8829cvusd,18350790
8853cvusd,18350800
8864cvusd,18350821
8873cvusd,18350858
8883cvusd,18350865
8885cvusd,18350868
8805cvusd,18378264
8846cvusd,18378312
8875cvusd,18378347
8887cvusd,18378352
8848cvusd,18439422
8814cvusd,18439424
8862cvusd,18439425
8815cvusd,18439426
8812cvusd,18439434
8895cvusd,18439437
8878cvusd,18439439
8842cvusd,18439441
8881cvusd,18439444
8888CVUSD,18439794
8828CVUSD,18439795
8867CVUSD,18439803
8874CVUSD,18439808
8876CVUSD,18439811
888meow,18591216
8807cvusd,18591481
8850cvusd,18591484
8833cvusd,18591485
8819cvusd,18591487
8877cvusd,18591488
8890cvusd,18591490
8827cvusd,18591493
8854cvusd,18591495
8884cvusd,18591502
8855cvusd,18591503
8843cvusd,18591505
8893CVUSD,18595916
8879CVUSD,18595918
8858CVUSD,18595923
8859CVUSD,18595924
8889CVUSD,18595925
8845965929,18606384
8828827424,18634119
8824CVUSD,18749836
8851CVUSD,18749840
8834CVUSD,18749844
8813CVUSD,18749845
8882CVUSD,18749846
8835CVUSD,18749849
8870CVUSD,18749852
8823CVUSD,18749854
8899CVUSD,18749856
883801,18797970
88370,18800554
882470,18949985
88zozo88,18958442
885562,18992873
8831515357,18993619
8854762571,18998888
888683,19085432
88A,19091850
888888888888888888,19103998
885623,19228499
88202,19285903
88w,19473856
88ml88,19474105
88136078,19570359
887radio,19576366
8854423394,19604739
88141651,19674802
88133246,19674922
88131017st,19678456
88123236,19704512
88123223,19704544
88126069,19704619
88131870,19704644
88038785,19704708
88119993,19704715
88124579,19704716
88039439,19704739
88125054,19704759
88123179,19704771
88123582,19704825
88123565,19704837
88135478cr,19704844
88130683,19704877
88040602,19705034
88123566,19705049
88042495,19705116
88128224,19734855
881AB,19807006
88myles88,19904982
8892421735,19924980
88Miller88,19942886
88123145,19945352
88123345cf,19945365
88123708,19945370
88127224,19945382
88119992,19945413
88124318,19945430
88123567mp,19945437
88123574lw,19945463
88133274,19945464
88123559,19945468
88126275,19945472
88124898mu,19945484
88124940,19945492
88140946,19945495
88021438,19945552
88141552,19945562
88131832,19945573
88131528cg,19945800
88125164,19945962
88911897,19985780
888rok888,20001134
8857522156,20013948
883kid1,20105459
883kid8,20161080
883kid9,20161081
883kid4,20161082
883kid5,20161083
883kid6,20161084
883kid7,20161085
883kid2,20161086
883kid3,20161088
88248,20170145
88Ash,20272448
88765ggyanna,20487344
88barsofsoap,20578259
888mka,20656710
880818901106,20719479
88-,20743114
88604d51,20751566
88888888pepa,20763168
886574dav,20801463
882031hun,20801490
883751och,20801514
888108sal,20801520
88poppy,20803397
887961min,20805665
887655van,20833722
88798gro,20899106
88072,20904001
884812ml,20924303
885616gro,20924315
883846dig,20953193
88801464,20994617
8818965328,21035577
88t,21146669
886183smi,21184674
886810faa,21184686
886074fan,21184690
884829byr,21184691
885685gen,21184693
885960str,21184758
88491bes,21184800
886070boo,21185568
88876,21191086
88m5,21201797
88244,21223707
88ajboi,21270900
880681,21318037
885240pel,21344999
885913hau,21345022
885913,21345175
887015zha,21346825
887mitchell,21347111
886833821M,21382460
881619,21410000
88g,21455057
88diablo,21464006
886056bij,21466329
880639,21468402
8834453956,21470008
889rey,21594816
8884lukas,21596034
88m,21652253
883592167,21673535
888102bertram,21754168
886143S,21787766
880784S,21787799
88199,21826557
88dantheman,21848498
88k,21857672
8863157677,21891382
88cocoa,21902449
885996928,22149857
883638,22322564
880365,22326750
884L1F3,22333376
889344,22388742
886ebubekir,22400668
88daniel,22409096
881734,22423484
88x,22481204
8888Av,22529052
882481,22557907
88LP,22612798
886381,22663838
8802399,22682850
881769,22720640
88857,22751695
88658PC,22955238
88vieron,23233368
888snake,23362740
88u,23406678
8857175464,23513578
88meatboy,24036859
88l55,24231427
888603,24286112
88940,24381687
88Pizza88,24382364
888940,24382899
88fish,24481978
882876,24519236
88287O,24521107
88mobby,24597207
88ta37,24607136
88888888yee,24740757
8814643512,24821120
88002,24828065
88224646ba,24904526
888-_-,24930294
888---,24971744
88370_test,25111221
88COV,25147566
880528,25254673
888cinicobaka888,25261592
888Liam,25262735
886038,25307660
887134,25320140
889558,25320288
882639,25321363
885142,25321486
881464,25321593
886936,25321602
884765,25321603
880252,25321607
883799,25321610
889069,25323066
881570,25394136
883643,25394150
883223,25394155
885203,25394222
884649,25394226
882441,25394267
883029,25394271
88_ang_maldonado,25403787
882177,25410973
882181,25411314
889154,25412571
880009,25412577
880619,25412580
881628,25412588
880025,25418625
889223,25418640
882247,25478406
882239,25478419
882201,25478423
882235,25478429
880014,25478478
8895211219G,25539946
889917hi,25632732
889228,25663174
8831295519,25675578
883921,25741026
88bob88,25828766
88Supercutelama88,25888136
88pinkunicorn,25923101
8854762571G,25924346
881jaymari,25982842
88rara,26041992
8829090,26141856
8873,26174227
885674,26191906
88submarine,26215020
888100,26295802
882390,26436593
883231,26442902
882206,26495078
882605,26495175
88p43,26626675
88986mar,26635596
8830050,26637912
8829158,26637930
8829137,26637939
8828073,26637972
8830020,26637984
8828176,26637992
8830062,26638004
8829112,26638057
8829116,26638170
8829161,26638184
8829136,26638194
8830026,26638209
8888798,26665819
886235,26670546
888888888888o,26713922
8822knighty,26835839
88Snow88,26904014
88APC,26927002
88DC,26927087
88005355555,27016138
88Cyclone88,27022083
88098PC,27149796
880517,27156018
884229,27208169
888t,27230977
888su,27489871
88900,27501625
88pink1234,27535916
88636tho,27556138
880964,27559788
880289,27561878
88408sta,27598345
88uf,27686541
88801408,27739895
888tiger,27783695
88801423,27784674
8827561,27788520
880005553535,27857627
888524,27863728
88force,27991051
888pinkepie888,28031976
882008,28039253
888pink1234,28086131
88pink123,28331141
889988,28331294
883503,28345016
888884mp,28345042
88042nav,28348953
8852205,28474321
8800313,28474328
8847341,28474360
8861888,28474383
8802161,28474412
8846604,28474447
8852792,28474474
8852475,28474689
8860875221,28572382
887285shi,28672945
885947rot,28673876
88buddy,28742940
883cichoncharles,28773853
8864574263,28810182
88E,28887752
8849408,29005059
8892736,29005062
88_,29008149
88127594,29543054
88123749,29543241
88123872,29543327
88123549,29543333
88125055,29543337
88123678,29543338
88134897,29543342
88123942,29543345
88123535,29543346
88123350,29543349
88123410,29543350
88143864,29543353
88135196,29543357
88142084,29543358
88143777,29543359
88140014,29543363
88027654,29543365
88122561,29543373
88124423,29543376
88124894,29543379
88124162,29543380
88135153,29543384
88123908,29543385
88129694,29543388
88141167,29543392
88123863,29543393
88124968,29543398
88038437,29543401
88128220,29543412
88124338,29543429
88143808,29543448
88123889,29545365
88120830,29545371
88123444,29545374
88138250,29545375
88038806,29545376
88123792,29545377
88123905,29545382
88134978,29545384
88124928,29545387
88141979,29545396
88123941,29545399
88142078,29545401
88120094,29545404
88123825,29545405
88123366,29545406
88139021,29545416
88124503,29545418
88123578,29545422
88124971,29545423
88144295,29545424
88123781,29545427
88132067,29545430
88120071,29545441
88123873,29545443
88143381,29545464
88123910,29545482
88143691,29545486
88136364,29545513
88132620,29545593
88124663,29551193
88144336,29551549
88123169Braden,29551560
88120114,29551571
88123870,29551580
88123552,29551583
88130445,29551586
88142058,29551603
88124069,29551613
88142290,29551637
88128950,29551638
88123831,29551640
88123867,29551643
88143867,29551649
88124577,29551678
88123893,29551695
88123670,29551697
88128417,29551701
88124757,29551731
88124306,29551764
88123550,29551773
88035017,29551777
88123432,29551795
88123586,29552456
88130171,29553199
88123884,29553467
88144084,29553471
88123784,29553474
88123909,29553476
88135142,29553479
88Spencer,29556848
88142938,29559245
88124577kc,29561891
88123649,29578438
88142538,29584045
88124778,29585472
88144288,29586022
88126042,29586023
88143774,29586024
88123634,29586025
88135134,29586028
88122678,29586029
88121177,29586030
88125063,29586031
88123668,29586033
88040180,29586034
88144359,29586035
88123793,29586036
88123448,29586037
88120102,29586038
88130366,29586039
88121984,29586040
88121171,29586041
88123746,29586042
88132725,29586043
88141075,29587373
88119947,29587374
88139752,29587375
88124309,29587376
88123879,29587377
88121163,29587378
88144292,29587380
88138492,29587381
88123027,29587382
88138299,29587384
88123646,29587385
88038026,29587386
88144239,29587387
88123666,29587388
88144332,29587389
88124500,29587390
88131679,29587391
88123891,29587392
88123772,29587393
88123636,29587394
88123583,29587395
88142904,29587396
88128428,29587397
88124449,29587398
88040568,29587400
88123604,29587401
88124932,29587402
88Greninja,29612893
88lake,29619212
88123707,29630139
88138712,29636880
88142054,29636917
88123871,29638695
88135620,29638714
88120027,29640035
88143984,29641655
88039249,29641706
88124673,29641730
88040572,29672534
88033511,29672814
88124709,29676065
88ben,29740203
887942,29825669
88tacos,29927690
88123278,29940836
8810ZaQ0710,29990371
88oyanoizuna,30050760
8809451,30054064
88smiley,30128530
888pancakes,30148840
880529,30176280
885180,30176366
88124070,30185660
88b,30403955
88h,30439860
88ru,30550125
88123748,30632817
880cow,30666973
88I,30708654
888sailboat,30809095
888quartz,30809097
888count,30809098
888sandbox,30809099
888treat,30809102
888bubble,30809104
888grand,30809111
888lunchbox,30809112
88794mac,30837606
8888aa,30893523
888man,30963242
88mm_Flak,31001311
88c,31015477
8866755,31060212
880915,31132503
885488,31174624
884248,31174676
882642,31215509
882836,31215631
88802115WA,31342783
88005353535,31358466
88KING88,31361876
880808,31795553
889044,31851399
8813348177,31930582
8838736499,32079391
88800609CC,32143344
88800766KL,32143415
88802445JN,32143455
88800829TN,32143467
88162,32161776
88802790ER,32210295
88800903CS,32210329
88802262CS,32210373
88802127JW,32210404
88802538JZ,32210413
88802767AA,32212562
88802268AB,32212577
88802548SE,32212643
88802243MG,32212655
88802824JK,32212669
88802678CM,32212710
88802900ZM,32212716
881121,32247875
88801518,32285539
88916123ryry,32289469
88bk,32551779
8889988,32551903
88246932,32604418
88912111642992316,32710034
88191pc,32752752
88960pc,32752755
88685pc,32786983
88398pc,32786993
88684pc,32787034
88awesomeboy88,32862339
8888thetractor,32951092
88games,33347343
88yoshi,33391201
88eroberts,33460982
88soap,33544765
88Iwillfollowyou88,33580243
8809902203,33618115
8897286895,33761872
88Virus88,33852913
888louis333,34018513
88eittaP,34157113
88370LegomdsPencil07,34395283
88DigiKid,34428532
88-88,34524416
8888888_balb77,34538757
88467,34570831
88383,34583331
88205,34584234
88403mku,34674117
88charmander,34761437
88d,34764589
88z,34805044
8871345,34911749
8890693,34941060
881101,34942184
881141,34945796
880442,34945898
881141RPSA,34945948
8895585,34954618
8816678968s,35024290
881608,35036213
8883334,35069941
880619s,35095964
880009s,35095970
889223s,35107354
880025s,35107356
881628s,35107463
88688666,35172025
882181s,35180598
882724,35238968
882053,35239005
88slesmanatees,35270225
882168,35294793
888574,35294838
883888,35300510
880376,35300590
881321,35304845
8852altendorf,35334968
88112,35368571
889403,35435916
888bball,35495493
88imagine,35567121
8874181647,35635789
88hgermer,35689140
882714,35792060
8875795843,35824492
888fff,35847113
88057nm,35925290
880525M,35943799
885236Q,36044514
888532,37200781
880g6,37237089
889978,37275741
881327,37275968
8812018-19,37394253
88_ROMANLOPEZ,37433815
88193r2,37507535
88888boy00000,37645136
8802088s,37948844
8822465,37951140
881342,37958120
88888gymnast88888,37958239
88192,37959800
88y,38099419
888945,38107019
8888888816,38281254
88827928,38311474
88412jim,38325340
88_nana,38369843
886997Mt,38397251
88lion,38429385
88888888kaden,38590379
88966599,38614681
8813075,38731931
88370_school,38762031
887625,38838397
884508,38854369
88U88Y,38866757
882307,38926681
8858858,38964913
88o,39076718
88124819,39162036
88142054AM,39162041
88123707jh,39162042
88123772ga,39162145
88123872lk,39164936
88123942es,39164984
88128428bw,39164997
88131679cn,39165186
88124778ac,39165223
88134978mb,39165235
88120825,39165237
88124425,39165331
88123649ZM,39165484
88040411,39171830
88123027BC,39171841
88124971hr,39171955
88124506,39172397
88138392,39175502
88123871hj,39175542
88035011,39175547
88124709Eb,39175650
88119837,39175653
88123425ct,39220655
88035012,39220945
88125055jf,39220967
88128417lh,39223114
881995,39303718
88119837zr,39306957
8858L,39371642
88132620BL,39406925
88hotdog15,39415166
888777555,39416086
88123909aw,39422103
880110a,39458594
88lion8,39460889
88boi,39468180
88107503,39553589
88firefighters,39604340
888257349586,39612946
8873728485,39650379
88998jir,39686024
88Allison88,39728230
889111,39761371
88heh,39853925
88johncena,39883548
88123410gb,39927200
88909123,39970321
88bd,39980926
8883b,40080000
888898888,40085183
880456645,40184666
8888_88,40190312
88-BunnyFooFoo,40269554
880028,40271488
88871,40426557
88587mkums,40430436
886344,40581876
886344ramona,40582001
884987A,40628044
889583210,40638359
882807,40665667
8854192341,40677535
88269728,40715006
8808_GNG,40735467
8812345,40745255
882874,40755996
888vv,40810073
888Jewels,40856488
882752,40886585
88nacho88,40978264
882240,40993206
880732,40993302
880152,40993314
882132,40993315
881646,40993349
881723,40993372
882403,40993384
8880888,40994669
88Sammy88,41045611
888Sammy888,41045843
882201luis,41082125
889956,41087504
8800688,41117446
8837855,41155006
885017,41176905
884078,41264511
882474,41266508
883803,41271896
883960,41276268
883960pw,41276659
882051BF,41279076
881270,41279079
883881,41279137
885566s,41310335
8831246,41440459
88128349cb,41547844
88131966ml,41548054
88127426,41548101
88127509ml,41548160
88139544eel,41548214
88139195,41548327
88127442ig,41548876
88141393cb,41549033
88041473jh,41549063
88139888cq,41549327
88137918rgm,41549386
88127609mp,41549389
88134979jp,41553707
88127525cp,41553780
88130581,41553784
88127070as,41553797
88123964mm,41553872
8890jnh,41555284
88127072as,41555298
88130656kb,41555378
88141471jw,41555392
88141009aa,41555489
88123864GF,41555559
88131876mw,41556075
88127220gp,41556156
88128410mw,41556249
88121734ip,41556273
88127176cz,41556516
88127028ae,41556545
88122500ce,41557404
88127541ch,41557423
88127170jh,41557446
88128388sf,41557448
88128408jm,41557523
88128250kw,41557525
88128745am,41557590
88127611mr,41557922
88128403ds,41558062
88127165mp,41558064
88129046bd,41558101
88124985,41558108
8890jnhfudqxful,41560541
88127133vv,41572082
88ayse,41574597
88127222ar,41590545
88132660js,41590629
88125370vk,41590681
88033511sb,41590724
88143767,41591411
88139469kts,41592204
88127435dg,41592211
88127420sd,41592359
88127133,41593839
88141924dj,41593960
88142291tw,41593996
88135566cm,41594105
88143865,41594140
88127523jp,41594195
88132529cr,41594543
88127437ag,41594555
88990786743,41630753
88127426ce,41685347
88139544,41685429
88127514nm,41685537
88128679eg,41685568
88127020sj,41686290
88127020sj1,41686598
88005553535-,41686956
88127174,41692428
88123907,41692432
88127173,41692565
88143767mr,41692797
88127525,41692820
88127222aAR,41692831
88126997jb,41692917
88123791,41693805
88128087pl,41694636
88135152df,41694704
88127523,41696385
88132529,41696409
8812752,41696961
881275,41697307
888cats,41774110
88888868,41806146
88127439eg,41814154
8812722269,41820297
88127658ah,41820750
8812jp,41824222
888687456,41852618
88127542vs,41856825
88127222a,41916444
88123964,41916761
88130581jd,41916793
88120104st,41917067
883074,41948940
88127070,41958054
8812as7070,42046846
880680,42310836
88297ib,42313796
888_m6th,42382279
88694SH,42437046
88108KO,42437050
88291CG,42437051
882023,42497751
8890jn32s1j,42507504
888George,43718873
888koala,44062305
888_yazzy,44105373
888mahinur888,44145329
885yenes885,44145333
8888888887,44165304
888notwill,44175419
8888jb,44466262
88becact678,44620799
8883e3e3,44686496
88992233,44717579
88marcus88,44723792
88Theodore,44813078
88663,44925335
880797,44965969
88AnimalLoverx,45031918
888unicorn888,45237369
8873and1378,45680041
888325sin,46137236
8810hayatom,46194488
88s,46475725
8810ezisonn,46575602
88bit,47181651
888888888888886,49509643
888eito,50265777
88Gillyweed,50304786
88476JB,50444555
882181f,50521645
888660,50606901
889363,50621332
888668,50680400
886242,50680417
882124,50692387
88racecar,50695248
883404,50778415
88055km,50940661
88535dh,50940666
88778y,51035489
88hundred,51174115
888goober888,51406237
8877uio,51587088
8855776,51623920
88guest88,51685472
885Walk,51774691
889191,51982753
88328_,52390584
88fipu,52407315
88jm88,52494260
88lb88,52494272
888Poohthebear888,52539505
88mine88,52679178
8822CG,52694743
888Thomas,52739823
8899yay,52841501
88888888888888854545,53363726
88firefighters-2,53434822
88325001jonah,53653059
880511,53658486
880164619_4V,53711399
8869435354c,53805721
88p,53845815
88471878,53976915
88kia,54323882
8814shk,54427576
88fjmustang,55605465
88goku88,55639173
883451,55686094
8887654,55735430
885283,55789072
8871545664,55945016
8888888882,56156978
889498,56197185
88916,56252011
88steve,56474074
888i88888,56675019
88131121,56953471
882993mm1,57256117
88976HM,57299019
88105SR,57299026
88j,57319507
8868681313,57333901
883893,57377396
8811936853,57605912
88Athlete-2,57653316
88master,58021946
88131158,58036569
88005553535manir,58848379
88140923,59184799
88billy88,59552181
88_JackoSmako_88,59784921
88Emerson,59870073
88f,60086650
888888888999,60119605
88786,60606396
88125967,60673173
887978,60861777
88990011,61043062
8882828,61075104
887755,61261049
88231-88231,61268357
888Lululemon888,61305448
88bb99,61907856
8886610,62059695
88starkid,62063730
8845noah,62269997
888qube,62287640
88425LH,62321390
8888eito,62338524
88YvY88,62347360
88nr88,62409215
88Jonah,63210615
88PES2025,63301995
88PES2026,63302133
884078LCPS2026,63512732
880204lcps2025,63512820
883544LCPS2026,63512831
887996LCPS2026,63671474
881361LCPS2026,63671489
888799LCPS2026,63671490
881324LCPS2026,63671531
8836882552,63715816
88990CoDeR,63836296
889407lcps2026,63999362
888defnebereny,64409850
880mertacar26,64409854
88888999992222,64574824
88GMA,64591194
88n,64611216
88FBTERTDE,64865774
88Volleyball,64879420
8813026,65150801
88pFBTEDERT,65609562
88BitGamer,65679951
88GAMR,65703688
883500lcps2026,65736149
887862,65740874
88Kattloves,65846552
88k888,66068834
881-HAM,66614275
885zeynep,66672651
88226644,66728636
888PizzaBoy,66735683
88apple774,66775668
88maple731,66776379
88990665,66963598
883987,67007261
886686686890,67169750
888lily,67422646
8888889fish,67503272
8811234,67711145
8888jk,67713924
8810taka,67730713
887154290,67763905
8841MJ11,67966427
88o0,68082953
888888888999999999,68187039
888cats_alt,68221264
887284,68244817
886TS,68303464
884466,68881405
8866LF,68901293
88daniel_lyrics,69053294
881994,69199402
88PickleBean2020,69247273
8898e,69358254
885643,69538957
884226-02,69538964
8882DNH,69690111
8889GO,69690466
8862_lino2009,69690626
8888scratch,69712584
8872Conor,69749209
888toby,69749239
8887juvan,69750320
8834Jamie,69750337
8887juvanO,69750350
8851ela,69750367
8860olivier,69750439
8813Ayla,69750719
88mustangs2021,69843995
889cup_cake889,69937886
886845Ben,70025845
8878y68768768,70085462
888superin,70124339
8869kallum,70139471
888888888888000,70180335
888Tiffany,70198990
88000ysw,70292699
88honyebee,70297136
8887776661,70374157
888-Dog,70412076
888SK,70502868
88falcons,70896038
88kasia88,70944475
88kibs,71113202
88iuyjkyf,71137355
88135074,71239315
8888_aiden,71361695
88854,71455005
88chutulu88,71493912
880BEYZANUR880,71505287
88zs,71541883
8828ryangoh,72090945
882snowglobe,72136722
88735,72147396
885112,72192387
88zeynep,72290348
88milk99,72507716
88135769,72582374
88carrots,72765568
88-6F,73056254
882213e3,73073005
88Wholl,73095209
8810-hayato,73106581
8809AM,73723068
88rr,73748123
88puppies,73822513
88888888888887,74094861
885044,74170073
887131,74170357
887041,74170646
887657,74542728
88000yswRed,74598659
88000yswFan,74659853
8810taka2,74666703
88000ysw_Test,74936679
8821357686,75032931
888Eddy888,75190998
8804987,75194986
8812460,75539011
8808208,75539048
8811562,75542272
88888811,75623558
8812459,75648480
8813538,75648508
8810842,75648512
8813161,75648517
8809365,75648526
8813545,75648545
8811010,75648546
8810559,75648568
8813543,75648569
8811699,75648631
8812250,75648659
8813541,75648754
8810910,75648766
8809466,75648865
8813582,75648950
8810497,75703141
8810307,75703409
8810465,75703415
8812477,75703426
8810546,75703496
8812365,75704325
888_unicorn,75742458
88fahan,75808999
88Droid,75822708
8889_,75832691
8810495,75865606
889716,75886095
88888Hotpizzaroll,75986528
8813657,76072838
8808311,76077171
885462,76206767
88pizzaman,76445224
8824469,76496267
886670,76502773
888CHOCOLATE,76561620
8809659,76671651
88vada88,76886876
885044_Animations,77048671
888superin-TWO,77071951
88007654,77240213
88Link8888,77271248
888128,77626760
8836483837,77627329
8841162,77710495
888kou,78031292
88a3,78362249
8888888338,78494122
88-BitGames,78748046
8808OsF,78977016
886__,79010707
88Morris88,79081371
8800Rainbow88,79107367
888_J2,79206847
888dog,79325619
888-CAT-888,79390085
888fox,79409906
8867787qazwsxedc,79621065
8859817844,79816951
8803261,80008777
88Oyaga,80140397
8803636,80446263
884g,80687295
884116,80716813
88infiny88,80933193
888foxx,81255022
88doga,81271441
884074,81524555
88_848,81583727
8826829683,81620983
8848096,81638380
88dogay,81693590
888green888,81737649
884352,81982927
88370Collab,81994119
88889999999999999999,82156653
888kou-sub,82305524
88055133,82449788
88469Bep,82453135
88v,82468783
888-STASIA,82655498
888stasia,82986484
8846626164fjfifir,83096566
88993456,83145550
88cozy,83358881
88ki,83565751
88happy116,83946110
88800000,84090360
88Sophie88,84330852
88cat88cat,84382499
88puppylover88,84681279
8844SHIN00,84790265
888888888jjjj,84911246
88Dragonsong88,85256293
886nath,85448721
887913,85448935
88shosho111708,85509247
88144011,85514581
88nemo88,85636422
8888Duykhoa,85779212
887933,85825353
8888o,85907998
888oqm,85976681
88q,86019188
88_jnny,86453039
888lolmanhaha,86618595
88stiv88,86729375
888J,86826136
888malary,86846921
88emojis15,87518772
888238,87541693
88139414,87724689
88HXL,87844350
888901,88071095
8888822222333,88432549
888799,88494010
8887991,88494249
885391,88494473
889293,88600953
88infiny88ALT,88610273
88Death_The_Kid88,88642061
889Ryan445,88921289
8871-8872,88932999
8888gn,89069456
886103M,89187772
88Gage,89201109
88481b,89922874
88po0o0o0,90072888
8866786,90184767
888L,90392550
888Q,90392551
888G,90392556
888V,90392565
88FF,90393488
88XX,90393490
88WW,90393492
88DD,90393495
88NN,90393497
88VV,90393498
88EE,90393500
88ZZ,90393504
88LL,90393506
88SS,90393507
88LEGEND,90412333
88-88-8,90491695
88888u,90696380
8809-,90945332
88koala,91735255
88pizza,91735266
882104,92061631
8853857455,92398425
88coolsophie88,92718442
88MARIA123465,93235894
88titanic-guns,93312611
880088008800,93527347
886634,93532609
888superin-art,93959666
88bunnyh,93997730
888888khujhgjhmhgv,94218899
888777999111,94281710
88100180,94339181
88craw,94437099
8888765,94545777
88888888kirby,94949385
888888kirby,94949696
8888cat,95110891
8888dog,95110909
8888hamster,95110926
8888rabbit,95110941
8888fish,95110955
8888mouse,95110974
8888snake,95110988
8888horse,95111003
8888spider,95111026
8888snail,95111034
8888butterfly,95111042
8888monkey,95111057
8888hippo,95111065
8888crocodile,95111073
8888caterpillar,95111086
8888giraffe,95111105
8888chicken,95111127
8888parrot,95111136
8888bird,95111142
8888rat,95111165
8888XXXX,95131537
88601,95433142
88jackjack,95476389
88000yswloves,95552775
88Infinity88,95910834
884695,95959435
885266,95959540
884227,95959554
889522as,95959689
889501,95959726
889501v,95959756
883898,95959794
885299,95959841
888sage,96306041
88991student,96351129
888peril,96355465
88484855855,96374793
88cattus,96444522
888unagi888,96696955
88773322,96697784
888luigina,96802600
88oip,96840845
8888444488884444,97014098
8871-8871,97017991
8888724,97040733
88Ularudarya888,97045762
88410,97049324
888-yadon-888,97234781
88puppy456,97405159
882Arceus2,97660987
88888me,98189394
8803332605,98210921
88ata,98283890
8888888jjjjjyyyyyy,98332816
880625,98646963
888ok_,99182552
88370HELP,99497052
88ville,99574853
88brown2023cs,99694533
888ria,99736572
889944ak,99760180
88drew88,100137896
885407L,100158869
880715BTE,100206996
88882012,100305489
886776districttt65,100596831
88sennsou,100837023
882602E,100958661
888dog88,101305893
8884466,101394223
888159,101544082
888878cc,101727800
888444555,101918922
8812NathanJ,102272703
888pizza888,102570989
883trashbag,103001336
88bo,103027403
88gl2029,103033612
888Ellena,103059975
88th,103146981
88831,103480318
88888kundaze,103737230
888jjjjjjjjjjjjjj,103827144
887wolf778,104031942
8810baisokkou,104334606
8876tthixc,104533987
88you99,104696599
888-GhOnTuRaM,104701663
88scratch8888,104712500
880274,105253687
881342W,105253693
883118,105253699
889j,105315357
88boy88888888,105617889
88891,105628756
88dolphin,105861340
887174,105870638
88603kk,106023110
88633as,106023158
88514i2c,106023218
88603kamron,106023223
88888o,106169763
88pizzavl88,106220000
88eedee,106237741
883j3Elias-,106277000
883j3Elias,106346086
8888naghsa,106398214
8888konoha,106462806
88514ic,106618468
88lego89,106678463
8887yf,106778044
881031A,107013439
88_gaming,107202407
88135074_tutor,107209908
88888888d,107570133
88_narwhals,107719324
880248AD,107859749
8810bakusou,108059048
888MAMBAR888,108315226
889948,108362149
8888nogisa-sabu,108376169
886xam,108412313
88217542,108484850
88sigma,108735496
88347317yas,108929090
88enderboy,108968119
88172,109206692
88659jg,109207113
88kiwibird,109794933
88773322-GEMES525,109817651
880lbc06,110119465
888KmFromHome,110141529
8803453,110329470
88_decibel,110788504
88pro,110836931
888BrandonHu888,110846132
88773322-sab2,111550015
888dkoe,111637065
8869haharoku,111668957
8800111,111675809
885hata,111708828
888hedgehogsilver,111771026
882299,111806231
88888KingA,112001043
8899wensday,112708878
88773322yu1030anime,112719345
888ok_pro,112720455
8876hiiiiii,112881947
8801174,112898235
881174,112898662
88mame,112919016
888ballofLUCK,113091764
8888kochi,113337728
8810_Baseball,113623606
888superln,113657662
88colordango,114636492
88paperguy,115024445
88louis,115057516
8888ok_,115083122
88IGNE,115113474
883Lions,115137025
8840hayashio,115253604
881090,115401545
88pokemon-fan88,115463414
886oo7952,115541035
881199,115598235
88zebra,116461105
8888usagi,116815492
88-0_TANK_0-88,117313945
888uuiu,117433257
888sus888,117692461
88773322_FBI,117779989
88155,117860799
88399,117860807
88699,117860813
887329,118609506
882962zo,118688011
88DBE3,118939111
88dd15,118949136
882309,119168402
88828563,119201417
88424921,119201420
88773322_maizen_kami,119573699
884hiro-o,119986839
88820,119999914
88870,119999917
88rainbow99,120165736
88AFLA99,120166137
88haru,120423576
888053,121361519
888Coconut888,122908940
88943,123009856
88679987,123239213
889716-art,123357772
885Andrzej588,123776402
88_mr_eraser_88,123890606
88888888ki,124032969
88888666,124389146
881922mk,124596502
88717,125263900
885869,125573644
887B,125729769
889716-2,125825080
884032purplelizard,125905499
889527,126742418
883katie_28,126758361
8810jtishr,126770624
8816_fry,126801619
889716-AMVs,127155246
885382,128177317
888_45,128250631
88053c,128258235
886303pdsb,128330626
880827JR,128422431
888383,128546954
88384CW,128716075
88134805,128949422
883983,129440056
88238086,129991878
889Jumbo_JOSH,130082551
88sofia88,131226550
88seafood8dog18,131235273
888-hello_kitty-888,131445428
88zdl,131523631
888chomikkot888,132369759
884070MA,132854217
884072VB,132854228
884075XO,132854295
886739SP,132854309
884190EP,132854328
884079AS,132854344
884081JS,132854358
88karaage,133469045
889716-secret,135605216
88shootingstarss,135872081
889716-alt,136142755
8883vdf,136181577
8867867,136847172
88_Nate_88,137767097
88-ace_Of_spades-11,139219977
889715,139590722
8810yoro,139766143
88-9,139804565
88ethan8888,140586683
88005553fixexthree,141255920
88-55-doohickey,141627180
