63dragon,61712
635CACombs,62990
638,143438
63dude1,155410
630tiger,158532
639,230522
63fundude,250326
63095,294434
631,320667
635ver33,363286
6314,392444
630758cha,408554
635,420409
63lola,425645
6320,438962
631193,554509
6312,642612
632877,652916
63celular2010,663446
63infrarojo2010,663537
63celul2010,663577
63inalambrico2010,663595
63radio2010,663599
63radar2010,663604
63television2010,663608
6313,693878
633,720332
634,720338
63346,736314
635462,759264
635710,842973
6319jy,854313
6328,966230
6331,980114
63440,986993
63499,989114
63847,1114806
63244,1198317
63241,1199992
63116311,1206290
6345350049,1380708
63639,1410563
631872,1737270
6353371,1759449
6324916,1759463
6327052,1759497
6329772,1768620
6349,1829527
63091,1837456
631599890,1890359
633382,1989790
630949621,2013734
638894,2045849
63iron,2196002
63kye,2392661
63ru,2498154
632109,2643468
631185,2643470
6342,2645101
63cr33per,2654382
63267,2706750
63stingrayCORVETTE,2854859
6389,2905169
630358796,2926135
6353536,2982914
637816,3058895
63madmat,3094497
634449,3141735
6311394,3143394
630775,3174611
63610119,3217187
63131,3236487
63132,3236745
63penguin,3257188
6304,3282089
6327,3316984
63SBLING_BLING23,3331209
630406,3332688
63SDIAMONDS,3357770
637960,3441824
6385,3445662
6358,3445811
635972,3513174
63mariana,3590784
631952,3869770
6319,3881153
63022,4091500
6345,4376361
631108,4636556
6311,4713528
630965,4728060
6378,4732480
6396,4771689
6384,4771769
6397,4823815
631501,5015976
63659,5385868
63183,5823338
6343,5917160
6373733,6308516
63941,6331324
635884822,6382848
6336s,6392494
639183,6706150
63086,6711390
6367,7026902
63falcon,7384502
63112062,7460236
6395,7480656
6394,7520972
633765,7619296
630,7945824
63304,8013010
63677,8043460
63738333,8465928
632181123,9860950
633121,9917026
63M,10097182
634625,10296742
636,10458894
63808,11385720
63318203alex,11779632
630372,11879826
630302890,11941000
6361,12571360
636557,12658312
6344,13230139
63487,13236013
6366isthebest,13766004
63rumi,14536141
63917,15558595
63spacewalk,15681861
63336,15699736
637,16007272
637jedi,16351851
63786,16643272
63karlo36,16881359
630994,17011045
63_,17028407
634TOTo,17188236
6363kb,17401879
63894772,17409194
632,17529383
635epic,17852260
6384817861,18009146
63554crowleyisdtx,18094170
635aaljuar,18116460
630kcaJreniM,18184367
638719,18378177
6347,18427016
630304698,18455274
63Ellen,18493128
6315651085,18526524
6375264413,18578614
6373901,18581836
6374862554,18606169
6366265674,18606184
6318467599,18606390
6363102,18617184
63639cvusd,18669985
639125265,18807885
634488,18833671
6386197739,18930304
63423085,18933100
6327551858,18942221
63hope,19025332
6386928326,19126741
6372319,19195069
63chickennuggets,19259023
63you8,19411174
633813,19486920
63trickyorange,19561753
63157185,19626292
630-99,19638374
631996,19651815
63199,19698784
633999,19698806
63799,19698823
6399,19698826
632999,19698841
63899,19698940
63trickyorange123,19723676
63339,19898884
6377nelas,20039861
6379nelas,20039984
6392nelas,20087815
6385879895,20132679
639528,20247483
6362nelas,20299404
6359nelas,20299437
6358nelas,20396387
6343nelas,20422715
63901,20753679
634epic,21152428
63I63,21198079
6378907323,21236763
63Alessio,21428135
63Rayane,21428165
63Emma,21428168
63Valentin,21428249
63Sabria,21428252
63Maelys,21428255
63Julie,21428258
63Hakima,21428263
63Gaspard,21428269
63Marin,21428271
63Hugo,21428276
63Maelle,21428281
63Coline,21428286
63Jules,21428292
63Jilani,21428295
63Thibaud,21428297
63Mathis,21428299
63Jeanne,21428302
63Eve,21428304
63Martin,21428307
633awesomeness,21935774
639627,21959048
634578,22023269
63pasa63,22208864
634066,22282214
6350731,22441080
63gamelover63,22539408
634392,22810025
63829,22832181
63445,22962554
6304dwig,23305666
63323,23483198
63769Casida10,23562579
63998Casida10,23562617
63997Casida10,23562693
63999Casida10,23562694
63990Casida10,23564186
63958Casida10,23564188
6300,23583923
639432289,23629953
63n,24072213
633091,24507012
6346,24790955
63197,24965563
63237,24966196
63292,24966512
63283,24976933
63362gw,25034252
6329999s,25106605
6359999s,25106607
6349999s,25106619
6319999s,25106624
6389999s,25106632
6369999s,25106637
63281jse,25154277
63214jd,25155477
63224,25243619
63david,25293132
63Anand,25293192
63yash,25293194
63Nahum,25293195
63Lara,25293197
63tamani,25293199
63rohan,25293202
63talvin,25293205
63Nina,25293206
63Amelie,25293208
63Aidan,25293210
63Jake,25293212
63Albert,25293215
63Alana,25293217
63finlay,25293218
63charlie,25293234
63Bella,25293247
63Carina,25293248
63Vaibhav,25293251
63jaker,25293254
63Cecilia,25293255
63Riti,25293257
63Daniel,25293277
63finlayp,25293278
63Cadhla,25293283
63finlaypa,25293333
63William,25293411
6329172439,25305755
63789,25370909
634270,25385334
636720,25385340
6322700,25391509
6361100,25392065
6369800,25392067
6369600,25392068
6361700,25392080
6361300,25392082
6351200,25392454
6367100,25393361
6366000,25393371
6360900,25393909
6361329356,25421119
6361900,25422462
6328200,25422471
6305200,25422750
63Avan,25437153
637429,25490494
636LEGO,25520737
63404,25530388
6326200,25532462
630958,25535899
6329966184,25538901
6329966184w,25539028
6393739673m,25584661
63l63,25584712
6374800,25655564
63888,25657621
634ab,25678319
634eb,25678329
634nc,25678353
634ec,25678360
634ed,25678393
634ae,25678406
634kh,25678413
634ah,25678420
634wk,25678427
634tk,25678438
634ar,25678453
634ms,25678462
634cs,25678467
634js,25678471
634tv,25678476
634jw,25678480
630981,25678738
6370900,25683590
636tc,25686565
636363ollie,25715562
6301100,25733129
6329900,25733130
6347800,25733131
6325800,25733133
6330100,25733134
6366400,25733138
6351100,25733145
63898623,25760179
630300599,25876394
630301011,25876395
630300089,25876403
630302278,25876416
630306894,25876562
630301211,25882220
630307110,25882226
630306264,25882227
630302556,25882229
6303012111,25882528
6386197739G,25924349
635xscratch,25926391
637xscratch,25926392
636xscratch,25926393
63xscratch,25926395
6361400,25941042
6366300,25941046
6350800,25941599
63220cvusd3,25945056
63829Josh,25950074
6350700,26051389
6353200,26051396
6350400,26066454
6364900,26066458
6314000,26066460
6328600,26066465
6367000,26066471
63746,26067477
631088,26097694
63D,26102445
63eb,26116796
6315300,26120522
6377800,26120696
6308300,26124621
6392578684,26211664
6351300,26233357
6306200,26233364
6347500,26233373
6396384892,26310572
63736,26377618
635901tr,26382931
630587em,26382945
635186ep,26382957
634432jf,26382959
635799be,26382965
631882dg,26382997
630586ib,26383214
6329800,26409178
6322600,26409192
6346500,26409193
6374700,26530915
6378800,26534025
638200,26544629
635801so,26575748
630587,26611457
635420,26617648
6354202,26617919
6354203,26618030
63708,26742545
6375500,26805538
6334682849,27011294
63653,27017617
63030,27156673
6374600,27238291
639474,27288531
637113,27288643
631021,27288782
630541,27288846
63660,27289503
63505j,27321995
63506j,27322000
632240,27327011
632517bratayley,27327177
632334,27329408
632227,27336100
631907M,27336116
631927,27336139
63time,27414393
6373789,27433087
63xyboom,27565622
63904rio,27646074
631973,27702735
631768,27702874
63151koc,27750801
63177kos,27750991
63201lec,27751012
630300598,27780610
63821car,27781779
635789cm,27795947
631918d,27869728
6382100,27948477
6348,28025379
63linda,28077136
63scratch,28077140
63Eli,28077142
63adrian,28077143
63larry,28077144
63ruby,28077145
63mike,28077146
63dalia,28077148
63jacqueline,28077151
63ana,28077152
63vanessa,28077153
63dre,28077154
63and,28077155
63melanie,28077159
63_yo_girl_,28077160
63Joyce,28077164
63k,28077165
63joce,28077169
63chris,28077172
63gucci,28077173
63julian,28077180
63johncena,28077181
63oto,28077188
63adriana,28077195
63dylon,28077197
63yami,28077199
63Evy,28077206
63Rubyn02_boss_YT,28077209
63Cohesivemoon367,28077211
63lesley,28077221
63rosselyn,28077230
63EDUARDO,28077252
63dylan,28078486
63286,28319877
63Jr,28325082
63dwayne,28325133
63z,28341758
63210,28359496
6320132,28359615
63yassin,28364006
6384010,28404884
630AF,28791998
630BH,28792006
630BJ,28792018
630CT,28792031
630CLT,28792083
630EC,28792110
630HV,28792123
630MR,28792129
630PG,28792134
630RC,28792138
63e,28830795
63Rubyn02,28831112
63lindac,28831177
63julianp,28831273
637637m,28996711
63457,29181584
630069,29584980
6349469372,29609410
63113061686,29701258
630ab,29711298
63eduardorod,29713282
63R,29766420
636114,29867375
63821,29892665
630725,29906359
635159,30095526
6397900,30164355
63599KRE,30172964
63486,30178572
63835,30345300
6395201,30345330
63834,30345404
63sneha,30439160
63Olivia,30439168
63Jaskaran,30439173
63Oliver,30439181
63daniel1738,30439194
63adele,30439220
63Ben,30439229
63CHRISTINA,30439260
63peyton,30439270
63tenille,30439346
63dakota,30439350
63946fel,30837600
63979Kan,30837649
63987SAN,30837666
6328868669,30912174
6379673687,31006118
63228,31087921
63gars,31093680
639231,31131902
63949,31197437
63ali63,31212708
6353533,31232867
633SD,31425536
6363636363,31486819
63XKK77E,31557927
6326B,31911130
63samet,32114109
63tnt,32224026
635ncs,32570553
63576920,32573141
6358ferguson,32589699
6321627321,33619960
6331jb,33722372
6351ym,33745947
63262397738,33759214
63DigiKid,33911026
632cte,33912209
6368kotetu,34035049
63941c,34637892
63baloomeh,34739602
630AlexisVazquez,34786064
631JulianWhite,34786065
6308ceighton,34813003
6308creighton,34813015
63466,34854900
6306BluE,34867556
6398,35005566
63slesmanatees,35270240
639686,35381665
63019elmhurst205,35561015
63imagine,35566892
63leemy,35706349
63U,35795189
6349647831,35824501
63516351,36121036
63ORG3,36265065
634TADASI,36286895
63781wsd,36308656
63781,36571674
6389TNIS,37506820
639srv639,37650393
633ags633,37650398
63781---,37662230
63puk,37875150
63781-,37890940
639472,37912266
63122anna,38568331
63671Cag,38694098
63321Cag,38694099
63661Cag,38694104
63501Cag,38694106
63731Cag,38694109
63751Cag,38694115
63110kav,38843499
63144des,38843983
63847zuf,38844034
63962Cag,38882218
63erdeesbf,38960235
63Kensington,39047094
638041,39452171
63872ric,39454445
630137,39550696
63bansmd,39860625
6384exo,39883956
63a,40136031
6385715,40138310
6325452,40138318
631690,40276745
631686,40276749
632ges25,40350759
63075NOAH,40555264
6355381465,40593718
6358797476,40677252
6384691515,40677529
6368687932,40677533
6399258677,40677552
6328dogmanbunny,40684493
638735,40702857
63Melany,40965399
6359253127M,41054117
630300725,41136722
632-ajninerg,41587850
630727,41626918
633sfan,41637019
63987san6,41854591
63749dm,41915044
63022DG24,41953522
632906636h,42031130
6363LCSgameYT,42142205
63194,42372286
63833MS,42437037
63galaxie,43919809
63nde,44021222
633ela633,44145160
638672,44219303
6363tnt,44307567
633daniel,44710855
633jayden,44931893
635699MD,45189392
6365ncs,45372229
633marco,45441695
632cope,45442609
63G,45481827
632tiffany,45654156
632philip,45682998
633nora,45692561
633ella,45692827
637657,45738107
6312158551,45817913
6388DAMIANA,49140888
637imagine,50214503
632984,50648853
634710,50649146
631089,50653703
638248,50653900
636155,50819113
632767,50819181
63096wsd,51446834
6312108tres,51585713
63Gibby08,51756540
6312867,52596299
634yagmur,52889832
63ekalvil,53501470
63etjujoh,53501526
63eulvhel,53703617
6379258014C,53805670
6399337836,53831352
6396752522,54099429
631639,55608056
6314kevi,55760977
63pupil14,55796021
63pupil17,55796022
63pupil1,55796026
63pupil9,55796033
6377862563,55945028
63YearOldMan,55962798
639317,56283888
63b,56437910
63eoldcas,56591431
63thunderboy,57197470
63647514,58017693
639yoyoman,60085571
63742089,60393704
633silvaariana,60421395
633zhaoerda,61815895
6329928525Yusei,62003667
63773FC,62321371
63444GP,62321377
63246LT,62321485
634634634,62360212
634-1107,62368111
63l,62415648
63I,62416034
634soccer,62777055
63PES2025,63301990
63PES2026,63302140
6346875376,63714266
630635,63788718
630630,64027704
6343199,64303650
636547,64805799
638016,65059352
63736783618,65312972
63rdJay,65410545
6389alih,65414599
6392alin,65414720
6377ahmedh,65414726
6399azame,65414737
6390alih,65414740
63x,65577211
63emyrise,65581378
63MadelynC,65830790
635683,65918014
63-62-62,66115825
637STi,66136418
634ergul,66160224
63rd,66287856
63lovecowgoat,66430836
6378942,66762863
63maple487,66776397
63f,66951255
63test,67095629
633618667,67763919
639_5H,68093698
630302277,68163424
6307004,68229662
637godwin1516,68556308
63415,68584430
630411B5,69254465
639azmeer,69646220
63121TEST,69735274
632562652656,69791426
63mustangs2021,69843950
6302098,70114118
63541684165023,70199969
63Zachary,70244973
6381,70532898
639884_IO,70907941
639062,71254324
637638628262,73642401
63292JZ,73948790
63266Ep,73949069
639_cobra,74039094
639__cobra,74039513
63120,74139727
63292JZ_,74140273
63102Av,74290403
63102Adan,74465460
63102_Vargas,74525634
63gl2029,74769112
63wagmv,74945799
63wagmcv,74945931
63rugbyanimations,75445215
632lahmacun,75480308
637938193628,75864205
630302277_kitty,75877933
63194_81194,76386592
631789,76979550
63Rosie63,77891987
63kakeru63,78602975
63t,79598370
63247386732,79928638
63-,80084280
639963,80496491
6319838,80708969
6319956,80717713
638557,80925935
639b,81188304
6380543,81205770
638054,81317355
63_movie_night,81484936
63bak63,81649579
632011,81964493
635654,82099988
63s,82389445
63707,82695231
639834a,82808955
6387jdudu,82971126
634455,83273035
634653283967463872,83301407
63user,83343541
63h,83510578
63Joshua,84005530
63Apolo,84005567
63iscool,84761613
634EJ,84766858
630IL,84766992
633960,84774810
6378blue5463,85125374
6374134311cw,86084358
63earth63,86134680
63nn311,86239012
63p,86915514
6344295392,87093476
63317basd,87345163
63W,87524418
63Q,87585295
63V,87585296
63Y,87585297
63C,87585301
63J,87585304
63O,87585306
631901,87596418
63832basd,87682891
63526-3424,87830229
630885,87954507
63v16ou,88041871
63cartwheel,88146160
636363515151,88148880
6319956_,88204936
6345673,88503205
63ehusole2,88688496
634643,88790607
639782-2021,88839746
63TylerE,88851158
63sipan,89065715
63orangemonkey,90134162
631berat,90338503
63ee,91480186
6355H,91510894
6349899,91565740
63770061,91900967
6377006113,91901187
6316322917,93081315
63Abel,93152317
63Khalid,93152338
63Zain,93152360
63Jackson,93152364
63Sofia,93152390
63Tamia,93152395
63Faris,93152402
63Cayden,93152404
63Sonali,93152408
63Rashon,93152409
63Jabron,93152415
63CharlieB,93152421
63Philip,93152436
63Rory,93152440
63Chloe,93152443
63Kate,93152446
63Caitlyn,93152450
63Catherine,93152453
63Parker,93152469
63Kethana,93152478
63DeAngelo,93152480
63Zaim,93152483
63Valeria,93152487
63Sade,93152529
637dbag,93542946
63FarisB,93558513
639amk21,93656776
63F78FB997,94263774
630theCreator,94407718
632876,94712344
631147,95275342
63120208,96176469
6312158551--Player,97030785
630haq,97261622
6391_Project,97337059
637283,97557841
6321sera,97738813
6380739,97905408
6333363276,97938822
636ssss,98024954
637638,98478284
633608br,99205463
631150,99346679
633129,99590801
63bandit,99716055
634m,99948207
634140,100124315
635675,100124399
632573_js,100124511
630996,100124746
6306lh,100134451
634t364435,100508460
633842,100869108
63wizard,101454674
630305078v2,101636751
63ognap,101894387
632663,103105066
630521fox,103359585
634004allosourous,103359711
633245,103369408
636f6465726d616e7a,103691402
6316726,104201174
635436383,104378932
6370099,104561270
63pro,104988542
634space,105605251
63dolphin,105857177
63447sc,106023141
6354F,106193514
639514,106616321
63Harlee_7416,106621936
6355H_sab_,106742263
639174stem,107509791
63935481JC,107701131
6337076,107704048
637121,107971222
6308416,108096650
6375472,108116021
637121J,108249220
63120209,108762464
63sablebull,109794953
63Bernard,109796762
63cloudsky,109926593
63scl,110496431
6304th,110642054
6308th,110642069
631631,110647911
634687798,111636720
63771es,111782518
634iykg,111807449
630kjk,112683372
637462,113413601
632jaymeb11,113485592
6381mo,113889903
637345435,113990177
634t364435_254,114861440
633688xiaomao,114924368
638fjk,116857398
639199dw1,117024251
6372850,117522125
632soccer,117572105
63037kk,117928206
630996km,117928232
639730,118083445
639058,118083446
639692,118083481
63abidingcurry,118345855
633270st,118380433
63spacekid,118382573
63spacecamp,118382609
63AT068,118879873
63MC276,118879874
63MS587,118879875
63AM126,118879876
63VG793,118879877
63AF155,118879879
63CW650,118879882
63LM855,118879883
63RB055,118879884
63FM176,118879885
63AF575,118879887
63ZC323,118879889
63AR192,118879890
63GR806,118879892
63LC535,118879896
63KM171,118879899
63JF156,118879902
63MW202,118879904
63angel12323,119110957
63abidingcurry3,119166653
63abidingcurry33,119166806
63Make,119411230
63330,119999915
63003,119999919
63cs240,120108076
6397VV,120509255
634a,120714133
639973386,121985056
637134,122247797
634128,123271382
639s,123788423
6328607,125643387
633734,126555198
63408A,127471184
63loved,129769787
63gl2032,129877575
63413hi,130270710
63832212,131408900
63awich,133903603
63idkwhattoputhere,134468234
632024ganbarou,134754161
630302277alt,135137112
63h6n3,135315107
63leviW1563,136411102
636700,136544409
63413IHOP,140393733
63JustinGuo,140651997
