765,52835
7654321,89968
763pookie,112231
76ers,127046
761,199272
760,272605
76chimchar76,400818
764,406256
763,424671
769,449811
767,515290
765283904,598268
762,601387
763692072,613037
768,640939
7660,645951
76142289,651526
76776hihi,678211
7684,695509
765293,724474
7618096,820460
765675,843650
76i,891561
76814f,958696
7654,977459
76trombones2,992291
7689899,1041112
763592705,1051177
765104,1054976
76991,1189813
76yoyo,1296531
764306,1307497
761639525,1757103
766636,1781210
7617296,1873951
76246,1912656
76144614,1969002
76135188,1980100
76389669,1998764
7685192,2009211
761285803,2059502
769268,2067170
768shockwave768,2110485
767268979,2152039
763080973,2169865
760371033,2176093
760395013,2190093
769500,2226783
76071,2230362
76909,2230387
762943815,2332931
769741357,2336923
76264,2343757
76998,2357442
767455,2386205
76619,2392869
76Waldi,2399837
760803,2488879
76767676,2586115
7667tr,2639933
76418,2683422
767311,2721903
76scratch,2778800
763032,2853087
766666,2907307
76830,2911910
769143376,2919722
7616,2924478
76wea,2932921
7689cm,2944773
76112df,2954522
769691599,2985768
767457,3039894
76211,3040302
765455,3145644
768anna,3171483
767901,3198403
7600simmona,3247215
7606NL,3310731
7663ng,3345420
7623,3370261
76666,3399002
76abs,3412433
765298,3545921
765837,3545923
765651,3837194
760573,3901809
7648,3982504
76ersAI3,4068593
7653,4098774
76451912,4119315
765661,4124170
7627,4144510
768490,4304108
7605732,4370586
7605733,4504482
7695,4529365
76coolpool,4840605
76239,4951674
769744771,5497754
76rael,5695586
7685,5840132
76flashycandy,5883982
7678,6031378
7666tt,6129684
765956,6400840
76866,6647892
7633175,6804736
76591,6902422
7647982,7117680
764hotshot,7239366
765MARIO,7468440
763510,7572408
769797,8079720
7653568,8097856
76174,8325118
7641401,9649638
76b,9730362
7631,9770326
767apple,10270142
76626557,11149618
7603,12413116
760li,12427778
766,12508520
7654320,13158730
765940,13232959
766216,13404331
7683,13531922
765055,13634100
7675,13692282
76457,13722571
7654321KOCIAK,13963870
761305,14022419
7649,14204022
769517,14427841
761183,14573205
7668555,14818469
76uyt,14930119
766452656458463,15652727
7676767676,15860803
763158,15965396
7684658465,15966517
7651,16004032
7612353121,16105455
760480,16204240
761jiyan,16292262
761580,16532039
76212,16759402
760215,16987264
765jibrghard,17966972
7649backup,17970764
766254,18158551
765266,18183257
765208,18183308
76y,18314602
7633cvusd,18349457
7634cvusd,18349459
7647cvusd,18349461
76cjones,18393113
7621cvusd,18427459
7631cvusd,18430874
765340,18460152
7646cvusd,18463504
7640cvusd,18463547
7612CVUSD,18568828
76327313,18601097
7628CVUSD,18613277
7613CVUSD,18613283
766414,18624084
769984,18624103
7627cvusd,18660641
769356367656,18776500
7626CVUSD,18823556
7685246325,18924292
766334NuHa,19090128
76688Ari,19090134
7625,19211547
7686638227,19227315
762648,19482539
76803,19521365
7614cvusd,19548665
7614,19620966
769073,19652148
769109,19652216
76people,19958431
7668991921,20013785
765876s,20040214
769587658935706,20093612
764395,20721548
767159,20754404
767157n,20754445
76Roo,20811030
762210,20833927
762688j,20908953
763896,21040725
760039,21198751
769593,21217387
765882,21218722
76767,21300252
761315758,21300883
7657cvusd,21388692
7665cvusd,21388703
7679cvusd,21388716
7680cvusd,21388733
7681cvusd,21388737
76will,21464378
76Genders,21470286
769615,21690569
769664,21690850
7675801,21737964
763646S,21787741
76hat,21812398
7698541134,21891383
7648731740,21891403
760304,21909574
76f,22252964
76489112,22281053
768RiceSeed867,22352942
769375,22423401
766388,22499613
7695656W,22664004
769526G,22664031
769546G,22664040
76LS,22676240
7651214269,22677194
761085,22714697
761110,22720328
762784,22764441
761265,22764531
769737,22764735
761377,22834805
7665tuyuyh,23128395
7635LM,23175296
763514,23222293
761524,23310706
765612,23417622
76s,23519932
7611215752,23908624
76k,23988593
765157,24084892
769816,24236640
762651,24308478
76j,24309653
76bhkdg,24360681
765555,24451389
7627565457,24804807
76769,24836258
76543wq,24888347
76542,25076811
760808,25195472
7646365793,25250217
7637613372,25275389
76DiegoB,25295976
76LuiseB,25295979
76JackB,25295981
76LukeC,25295985
76LorenzoD,25295987
76YoussefF,25295989
76BonnieF,25295991
76KieranG,25295994
76AmnaH,25295996
76WhitneyH,25296003
76SooL,25296006
76KristianM,25296010
76MaxP,25296013
76DiarmuidR,25296014
76MuhammadR,25296017
76YusufS,25296020
76BillT,25296027
76AndriyT,25296029
76EnricoV,25296033
76MaxwellW,25296035
7647119869,25307200
7629742312,25416818
765555555,25722660
76ERSFAN,25744000
765071,25888460
7685246325G,25931267
767hhy,25955339
7682592,26026686
762reeshan,26225103
76590,26232400
76iyts,26274321
7632388346,26477415
76yy,26566726
760304454,26591577
76431,26603363
7629056,26638160
7640687,26700957
768536,26811636
7612326,26819902
76Taye,26925250
7613808017,26926927
76Ann,26926932
76Mansi,26927005
76Gigi,26927223
76Mansi0,26927465
76Gigi2,26927524
765476547654,26983574
768026,27050453
767790,27050457
767773,27050469
766468,27050492
764622,27050758
762058,27050876
769896,27051149
766365,27051211
76mariaa,27057822
76SEHX,27106602
76014664,27127234
761410,27171484
76913,27177458
764321,27201085
761631,27209048
765835,27336213
7665825672,27376781
760863,27431921
76521,27484955
7642-1,27489745
7642-2,27489795
7642-3,27489802
765405,27559941
76Mansi1,27568138
761086,27598100
760975,27598105
769091,27598134
765072,27598150
763558,27598155
7600000587,27792571
763420,27839858
767yuo,28039033
768e,28125857
769800,28163491
769769,28173825
76SFCHMS,28442236
765theater,28510849
7654wcstechteach,28523876
760570,28528779
769689,28659766
768na,28709978
76128502,28749558
760777,28793326
761883luke,28832200
76Kananelo,28841722
76Maja,28841731
764-778,28987001
76er,29018297
7604edgar,29207910
76135,29253417
7604gall,29521814
7696427466,29547582
7603gall,29589171
762903,29703281
762879,29703298
763217,29707022
763gb,29710653
764tp,29711495
763031,29712501
763205,29712514
7604edgargall,29748959
76a,29752390
7643472734,29890984
760670,29935865
76014,29978046
762141,30030973
760254,30030979
760374,30031012
760251,30031029
763218,30031042
7605109,30031046
762723,30031076
760781,30031111
763153,30065265
760533,30065794
763212,30147189
76599,30200307
765iliketrainskid,30624161
76584931207,30773650
7614california,30784226
7619768246,30912023
76327,31170620
76229,31170627
76457645,31240004
767686886,31256044
7608CSI2018,31335622
7631CSI2018,31335766
762096,31851406
762160,31851433
765032,31925400
767785,31926759
76567898789,32016106
76027,32047250
763279,32086780
760sunflower,32150401
76616fms,32219053
7664339383,32246296
760859,32257757
76i5dfmhj5,32361162
76ny,32404757
762817,32426700
765779,32452338
763948,32452381
763984,32663351
762641,32753971
762185,32829888
7653ko,32867469
76erss,32908518
760513,33454364
760324,33454366
760097,33454384
7635184342,33618191
7675656,33640779
7641,33697321
76DigiKid,33991028
762Cartridge,34137258
76BlueWolf,34292593
76hu,34355731
767858,34369936
76up,34468491
76471,34654570
769h,34654598
76966,34655533
76103,34655541
76021,34655543
76160,34657439
76044,34657449
76054,34657454
76249,34657468
76666isaac,34657470
76603isaac,34657478
76372,34657595
76272,34658422
76348,34675605
76336,34675637
76718,34675689
76103ims,34764746
76513,34788954
76539,34788985
76247,34790906
76598isaac,34837564
765152,34905433
766333,34905442
767031,34905479
769117,34905488
767389,34905516
76753,34913371
768447,34919779
767078cb,34919780
768597,34919786
768776,34919787
766818,34919792
764728,34919804
768326,34946839
767136,34946840
767181,34946841
761712,34946857
764184,34946859
768265,34946861
766611,34946864
768347,34946872
76926mp,34947011
764941,34989442
766161,34992712
768547,34992742
769306,34992782
769591,34992802
765974,34992836
765535,35002458
768278,35002960
766755,35002980
769180,35003064
767944,35024884
766437,35024908
767515,35024910
766426,35024956
767610,35024967
76508,35024969
768717,35025060
767447,35025061
767556,35034000
765526,35034015
764979,35034024
7678943,35034046
768413,35034065
768961,35034171
768277,35036135
767464,35036236
766272_dpsk12_net,35036238
7668991921s,35103991
767029,35112900
767311Rheem,35112915
767048,35112918
761275,35113762
769475,35114100
76896,35114529
769834,35150854
769052,35152361
767111,35152388
767805,35194243
765038,35224136
763606,35229523
76slesmanatees,35270246
76imagine,35567122
761622,35567909
76512,35613139
76U,35626240
76027r6,35695285
765499,35729269
764151,35729326
76FOOTBALL,35799751
76436w,35832412
76000,35840802
765975,36000296
763540,36000347
763766,36017613
761412pdsb,36082942
763422pdsb,36082970
760308pdsb,36083026
765384pdsb,36083044
7654stampy,36125847
766766766,36262795
7641rayan,36290799
761918,37153638
765393,37591810
763168,37592040
760696,37592259
761675lle,37592449
7667gio,37724606
769456,38002641
768603BN,38296809
765551tam601,38379761
765431,38443325
765384,38446200
765yyyyyyy,38503649
764523,38515193
76cookiecandy1213,38635711
760704,38663707
7699316835b,38766448
761740,38809936
76ers123,38843087
7676meah,38847724
761417,38854350
768242,38854405
76-fin,39115810
761249,39183892
762245,39227071
76659,39303207
76543212345678,39337266
769464,39459555
767825,39459788
765884,39555465
768291,39651207
763666,39793727
762525,39798960
767646,39863164
764833,39929655
7676Meh,39949538
7600098,40263239
763524734,40305649
76051vc,40355900
76089mkums,40427608
76739mkums,40427676
76327mku,40427781
76185mkums,40427854
76327mkums,40428761
76941mkumz,40429507
76774mkums,40430442
76883mkums,40436140
76780MKUMS,40437630
76759mkums,40437740
76777mkums,40437839
76084mkums,40439576
76176mkums,40439582
76863mkums,40439645
76510mkums,40439819
76Printed,40461290
7654325,40478964
7652446945,40519560
7606aynur,40537327
76772mkums,40585679
76177mkums,40587378
7675138163,40677238
7615949971,40677255
76165mkums,40680344
762258,40717579
761756,40717612
762818,40755972
76E,40761144
762386,40999353
76butt76,41022416
767542,41176939
768542,41176987
765210,41211774
763532,41266543
764733N,41276140
765004M,41276150
765308,41276163
765308A,41276390
76fuzzy,41364316
762798,41388241
762Haktan,41411507
769edanur,41465824
763kadircan,41468508
768emrah_emo,41474465
76480mkums,41557492
766meltem,41574468
765sena,41574554
76girl67,41637902
762614,41695608
762754,41722903
76hvh,41787409
76o,41845948
76115gri,41854616
76ers_Christian,41857961
76r,41943265
76025JUJR,41953731
768075,42211580
76521YY,42437040
76basketball,42533140
767745,43904500
76ers23,44166626
761975cv,44336052
76427,44712503
76F32,44731458
76461,44811414
76c,45189037
76lc07,45553509
768686,45778445
76t,45949505
760744,46064556
762795,46064576
762231J,46327258
7658u76,49325430
76543212345,50134899
767bob,50181128
767imagine,50215500
766Alex,50382512
76657,50476864
76r4867856487,50528732
768017,50606891
768559,50606940
769426,50606949
768388,50606968
769535,50621305
767030,50621316
764844,50621335
764631,50621340
767439,50621379
769172,50621391
766540,50632896
765432123456,50647058
769971,50674019
766992,50680331
768861,50680332
764176,50680372
768325,50680374
765507,50680448
769014,50680554
768718,50692303
764384,50692330
767138,50692378
767725,50692397
767102,50692482
761896,50740143
76509the,50763092
7654321c,50829541
76ersdogs123,50967374
7617323948,50983749
76766,51035317
763718,51062484
763204,51065816
765456545654354,51278524
76543109724,51292990
767samsain,51368591
768elirodr,51368774
76t6tf,51431394
767rad,51607464
76580r5,51691136
767mmy5p,51840911
76856785678,51951460
766435,51952672
762525123,52041800
762525egb,52042023
762mjp021,52243415
76278501,52318275
76263,52471493
76541123ac,52746505
763kiryu,52854111
769059ck,53448696
768imagine,53652126
767972658,53752401
7665561284C,53805791
76585687,53823726
765765765765,54421508
7657657657657657656,55594977
769730,55710923
765102,55926498
7695667552,55945127
76dogcat,56188998
768261de,56197255
766448,56263505
765799,56465987
76epiks,56894118
765sena765,57078494
766meltem766,57078517
761513,57144930
76-Student,57188074
766665,57270599
76878R,57272462
767_test,57431305
760611,57610019
767887556655,57894903
76tvboiz,58954077
765456787656787,59189160
765434567,59533702
764767,59676312
768767,59677716
760931,59682798
76M,60172671
76W,60247182
766412,60631160
765aaq,60778737
765680,61128396
762770332,61386873
76FGRFF,61689539
76t6tf2,61754172
7657867,61804659
768584584,62066616
76Q,62236006
7693345,62292963
76788LK,62321398
769867,62444188
7677MrWong,62549990
76878R-2,62855174
76jackson1,63048306
76buddy_,63118392
76PES2025,63301994
76PES2026,63302131
764401,63558690
76hugergames,63624409
7667786544277784,63642687
76017601,63719593
769138,63952495
764910,64093669
765994BR,64099153
76672920091015,64163626
768748aacpsorg,64173590
76x,64313563
768999,64324303
76yigitsonmez,64410193
7605de0,64437370
76-,64724093
769cat,64785982
7654876543,65053099
769861,65285857
768943,65747639
76myra,65868744
76D,65978670
76759_CSW,66026851
76Gigabite,66064011
761117,66145152
76ham,66227155
763445,66424613
76guno78,66439718
76guno79,66441024
76guno7878,66441098
766868,66520437
765207,66645052
76banana442,66775657
76apple492,66775660
76oak894,66776402
76SikeNike,66875201
76318902,66920482
767676762,66926707
763127,67624862
767987,68147707
767790EWR,68147849
764509,68147894
767595hb,68147980
767167,68148285
765354,68153893
769998JG,68154154
769998JG09,68154422
767793,68172749
766848,68172808
766691,68172829
768991AB,68173105
768381,68224359
769380,68224371
769743,68224616
768330,68236120
769263,68236678
767833,68245051
765554,68248225
764756,68248914
765220_AMF,68249093
76namu,68266569
768270,68319566
763869,68369431
76449LIN,68407110
7618611513,68568634
766760cpl,68747205
766gvcdt,68812015
76103721,68925849
76kit76,69085125
766754323456789,69096319
76465235678999765,69410635
76473687,69411250
76133097,69523472
76802,69716888
76G,69773619
76mustangs2021,69843984
76543829117589032,69845405
76t56ty7yu,69966303
76LT,70240501
765rert,70495792
76375BEE,70561121
76391HAM,70561357
76532PER,70561688
7676676767,70573995
7675764564,70620685
76test,70682322
76_,70688979
764319,70695819
7654321234676543,70763433
766789,70800188
768112,71386838
76ZUMRA76,71505290
765s,71543257
764677,71804283
76389,72078633
76h,72210332
76books,72831323
76xi,72916132
76jshxrgf,72930273
769851,73154821
76889,73279603
765026502,73953486
7676y76,74990537
768521,75050613
760_MEHMETEMREEREK,75100332
7610980,75119182
763lok-sav,75302710
767247,75362706
76ers76,76268748
7653176531k,76524356
765_1,76568099
762646,76879719
76repeerCytlaS,77653373
766363,77952418
767677677,78138786
7664564,78148099
765ty,78159971
768flowers,78288202
76kakeru76,78666924
7674665,78998026
76realname123,79670741
76gj,80409540
7676767676767,80996053
76fuy,81050657
766scr22,81088238
76fuymjnnj,81133349
768002,81307390
7676Scratch,81482528
764sig7e,81483901
765ub,81493852
765green876,81737648
7688765,81752502
76543288,82167356
765756879,82270343
765911,82346675
764351dpsk12_net,82346949
7676200554,82425052
7653735223,82492601
76673676654656576187,82809167
76N,82869010
762hunch0,82918284
76tr3456y,83294674
76499,83347339
768thecreator,83413603
7654321go,83430530
768490dsjgdlosmvc,83570043
7670_Thiyong,83773033
76l,83913582
763200kkdj,84322722
76255,84540189
7673ismycodename,85353140
762525EB,85501547
763966,85501587
765098123,85531302
76oscar76,85583600
7617ivaan,85599303
767966isthebest,85668948
76545678654,85880116
760202,85907971
76p,86321139
76thgrade,86533441
7673altaccount,86555390
768549432,86847133
7665334482,87093534
76CAL,87098856
76CCGD,87098863
76cdvs,87098882
76CEG,87098894
76CSA,87098903
76cALx,87098964
76camc,87099047
76C-RK,87099278
768679,87334629
76ers_,87449811
7677796967867676,87549833
76V,87585787
76Z,87585864
768Thedoubler,87862333
76fr,88057083
764754,88423121
766939iphk,88428699
766677888888,88499468
768colin,88566123
761669,88645973
7630247634,88652161
768na_Dark,88674686
767576687554,88684231
7685to,89197528
761459,89253991
76Caroline,89354550
766939,89715024
760688rhs,89853873
764388,89923284
761371,89923297
766939k,90153051
76tashoku,90209441
767477,90361268
760MPH,91077621
76q2,91112944
7622442040,91329170
760-,91902524
7646t456t5t6c5t6c,92945070
7696849468,93081293
7641498477,93081302
7691266286,93081306
764613,93381020
76r5ers89duzijkn,93503772
7646t456t5t6c5t6cy4,93798403
7646t,94088997
76gl2029,94383619
769594958,94438344
76123478,94560857
76ersOfficial,94698765
76114,95004680
762710,95268872
763498137,95272056
767nafybrik,95682400
760_samet,95797783
7675566567777,96079021
7637h,96097092
7654684,96265511
767Yusra,96410892
76897687fhjdh,96503866
764538,96705943
7654-,96989665
7615-Lilac,97334889
76542bgdd,97489437
76587658568,97630229
768798679687,97706645
767kawaiicat,97750331
76767676111,98195128
768___TALE,98207118
761114892,98243728
7654u,98333872
76nju76,98380665
764059,98668899
76538cs2022,99530881
7689345,99555339
767jay124,99814875
7609816,99925439
761623A,99989054
760877,100009349
761MAWO,100101978
768_Dyna,100168548
76786,100223010
76858485,100841928
76382qi,101017209
76436Nick,101348814
768bunny,101951091
76scth,102203319
763200kkdj-tutor,102503524
7678982,103082522
767898233,103082616
767898245,103101070
767898272,103245565
7685856,103664030
76866786,103733405
760462263,104202765
76pinkpeas76,104343129
767637580,104401142
767488reu,104468936
76tyr54e,104534338
768-tale,104784728
7665865,104986835
769788,105253692
7639426,105412221
764ref031102,105573269
76576876,105640815
76874,105759137
7657567,106482230
76039971,106683975
769IQ,106707943
76678638,106871782
76y6,107129485
76r1bd,107334647
76394-A,107417565
7611453,107705989
767768858,107728273
7648fight,107874685
76767967,107994653
76542890,108339916
768950th,109141695
76Bigchubbymonkey,109632555
76gamewin,109935108
76runbridge,110021716
76dryroad,110028628
76realname1234,110158094
76realname12345,110247071
76398234,110350145
760coolguy,110358437
7637647,110380460
763lope,111708806
765grizzlybear,111779286
76iscool,112425309
7680857,113076188
7692764,113238232
76ers12121,113245115
76catdog76,113293247
7632772,113358068
76finding,113789919
76667666,113844701
76uy7uyjyy,113980087
768765,114099224
762905604,114900146
761050966,114900172
76242372,115302855
76859430,115369591
763dog982,115865533
7654321hello,115955386
76019,115991432
76964848,116478354
7679767,116620294
76785457,117184870
76745,117589991
76spacecamp,118382640
76ANI6,118586568
76ARSS,118598663
76ARS5,118598804
765606co,118688015
765175hn,118741822
76pantalon3,119166591
76Make,119475556
7612_LukeTOlson,120126248
76664,120661742
76foxie87,121175306
76517,121802982
76632,121804923
76893yes,122293644
766767675,122301650
7645le7loky,122646147
760583-,122896130
76Reon,122906298
764767464,122993012
76876GG,123483490
76k_,123495220
765893,123758833
76869865,123806997
76544886efh3tg85r,123875098
764385,124255191
765683a,124700849
763197,124963263
765940JH,125572568
767876988,125732875
76king,125788072
76434_tol,125824483
76elephantpurple,126112185
761117_2,126311816
764467,126841639
76549423,128024409
76c28624,128114086
7679534js,128437674
7634k,129768437
76gl2032,129877578
76767hg,130402985
765-9,130873293
7654321---,131433454
7676_IamSBe,134289475
7642468,134485765
768345,135018159
760_al3yda,135310382
76hbej,135602838
76901wsd,136128501
7634kRises,136271102
760_al3ydaa,136496020
7634kWGBH,137296441
767-300ER,137963856
76534AshYragnuhBff,140276566
762982,140736444
76REO____777ou,140811532
76857876,140865354
