75zx,29057
752shocker,32950
754072281,159735
754,220771
753951852456,251811
753,266876
751,289620
755,338533
75zxtest,345632
756scratchie,346541
756,355366
752502,360601
759381019,371929
75229,388739
752292,389532
757,444173
753159,459102
7568,478412
7566,613753
75th_Ranger,627425
75972sa,638924
755995,704031
750294729571,711571
75842,727225
7536,752487
753951456,753434
752,965986
758,968633
758778,969979
7525pumpkin,1001043
75RE-VERSE-GAMES,1020703
756785,1071516
7532,1089272
75DJZP57,1099883
75278case,1160922
753951456852,1197577
75002,1409541
75lomagda,1419162
756877372,1755714
750906690,1889906
750243057,1941407
756084907,1960778
751146377,1989585
759825,2050896
752257063,2175988
75977,2226601
756899292,2295215
757theminecraftman,2361708
75455,2480191
75mikel,2561900
756hi,2565849
756487558135792468,2587914
7597501,2801164
75321,2862675
756462,2942352
750598376,2968493
75718,2988971
75915,3040299
755321,3070017
75lo-oliwia,3099364
7535,3100433
7521,3132699
754lucas,3155584
75114,3158976
754321,3219036
75LO-dada,3237518
759019022,3260047
75623,3296765
752425,3316688
7589AR,3328277
7542LR,3345422
7541jr,3355515
75TYLER75,3406320
7547,3445743
75veli,3594317
757708,3628147
758Rell_Live,3680778
75971136,3915766
7564,4053969
75000,4237031
7500,4474981
7514,4517401
756sadie,4705848
7512,4730388
75357,4789959
75MP,4867310
7509,4976478
7563,5079108
753159123,5231212
7507,5312296
75621,5485284
75a75,5713872
75lb,6289078
7524,6535844
7501,6592270
7513,6743262
7571494,6746172
754780,7385368
7511,7464610
7566367604,7505706
75mikelbruhh,7916378
7525532,7951860
759,8315478
75385241,8343784
75hi5s,8528110
759624,8687354
757435202,8917166
759580,8942636
754469,9309844
7542,9447176
750,9576530
75234,9591086
751699,9949606
75hi5s2,10101806
757575penguin,10231716
75bentley,11838852
75625,11955850
759450,12615060
7589foxy,12995902
757KORE757,13542204
75607,13738199
75537,13866810
75horses,13891918
752194,13941842
754459,14254919
7565175,14281285
75474,14284580
7575halimealtun,14304119
75191,14566051
754121,14574199
752290,14727167
759541,14979034
75s1,15902788
7563i096584557uhb7,16029465
75978,16063510
75199,16315791
75JC,17646928
75133nai,17812543
75471,18158462
7528cvusd,18349398
7533cvusd,18349400
7536cvusd,18349404
7538cvusd,18349405
7539cvusd,18349407
7563cvusd,18349412
7568cvusd,18349436
7599cvusd,18349441
7549cvusd,18422809
7572cvusd,18422831
7507cvusd,18427367
7509cvusd,18427377
7593,18427832
7542cv,18428069
7576cvusd,18463457
7544cvusd,18463480
7521cvusd,18463499
7513cvusd,18463500
7511cvusd,18463502
7504cvusd,18463506
7508cvusd,18463525
7578cvusd,18464230
7500cvusd,18485639
753159753159,18486154
758040,18552501
754578,18565847
7537cvusd,18567765
7559CVUSD,18568820
7523CVUSD,18568827
757025,18593343
7564cvusd,18594458
7574299412,18606325
7579CVUSD,18613261
7554CVUSD,18613266
7584CVUSD,18613267
7597CVUSD,18613268
7557CVUSD,18613269
7534CVUSD,18613271
7582CVUSD,18613272
7531CVUSD,18613275
7598CVUSD,18613279
7516CVUSD,18613281
7512CVUSD,18613284
75370cvusd,18613297
7553CVUSD,18624559
7535cvusd,18627211
7532cvusd,18660613
7555cvusd,18660624
7573cvusd,18660627
7518CVUSD,18668160
7552CVUSD,18668364
7561CVUSD,18668372
7530cvusd,18797698
7535cvusdcyp,18800020
7579,18817224
7556cvusd,18899782
751013435,18918055
750458868,18918082
751016720,18918087
751001639,18918092
751012951,18918117
751015208,18918131
751012910,18918150
751013430,18918173
751013385,18918192
751001218,18918256
751014775,18918325
7599386327,18939599
751017838,18945233
751013831,18945255
750033240,18945300
751003109,18945438
75850000,18955849
751012950,19018283
751018717,19018295
751008821,19018297
751013823,19018299
751012978,19018301
751012926,19018305
751012929,19018307
751013852,19018314
751014152,19018318
751013335,19018330
751023151,19018366
751012927,19018374
751001177,19018908
751116Guo,19071415
751008755,19078224
751017244,19079320
751013646,19079472
751018605,19079537
751014004,19079630
7518634171,19179653
750007111,19207433
7591791591,19227422
751018098,19251699
7510088233,19252201
751288a,19803394
754682,19871411
7549256748,19925065
75209un,20077233
7514515,20139806
755686686,20142611
752075,20253593
75920,20298148
758694s,20364825
75Weeaboo,20702315
75335529QWEasd,20911576
759286,20958772
755936,20990460
759330,21098850
756202,21269946
753056,21494516
7506,21609915
751012978a,21744264
755537,21764444
75382,21870795
7563885463,21870878
752792,22298801
75292,22367523
7567747,22405559
75210131,22436096
75comprise,22667867
750017,22720355
751232,22720404
753122,22749679
754810,22764443
754594,22764453
754348,22764481
754994,22764486
754820,22764503
754295,22764521
757521,22764576
759230,22764582
756762,22764605
756771,22764632
758193,22764650
758806,22764672
758730,22764680
75840,22764685
758681,22764702
757575ts,22764732
756274,22764856
758681md,22867379
75567,23045805
753044,23086855
7566766-52346,23130618
7548691,23196888
752311,23220080
750188,23220126
755351,23251387
756996,23282305
756042an,23306965
7570682,23308687
752888,23308859
7516386561,23313716
753504,23345429
754857np,23511229
750608,23944403
750loood,24097960
754356A,24115702
7508,24158104
758grampus,24218913
7500SeriesPrinter,24337896
75baseball75,24382322
756501,24383034
759298591,24395615
757790,24400703
753133,24522677
7585000,24595538
75scratchboy,24798516
753215963,24860118
753412896,24906305
758yh,24985643
75techteachermrE,25027455
75natsu76,25096570
7539889764,25250139
75Hawks,25305540
7524435978,25305696
7578596241,25305709
75_glo_caro,25333585
75808,25357657
755273,25417450
7551968571,25418606
754422,25420040
7576834471,25450792
75231649,25505381
7565435443954,25508641
7599386327t,25531058
7562825726g,25532554
7525322899W,25538962
751546,25656041
751021278,25674130
751020405,25674149
751020593,25675597
751016724,25675633
751020591,25675707
751019162,25731529
757983,25763875
758915,25763877
757358,25763889
755017,25763896
75489,25883597
751020801,25966648
75019,25978825
75818,25978837
75816,25979918
75017,25980842
75743,25980989
75212,25981403
75402,25981476
75794,25981555
757aleherr,25982810
755ezrmoh,25982855
754sopzhan,25982915
75212f,26076639
75240f,26076761
759164,26253567
754778,26254386
759164dd,26341325
753655,26341909
751020776,26383484
757556,26387928
750606,26409130
754333,26410313
75917917591jasiyah,26435220
75581,26441485
7537116954,26477403
757915,26481439
7561361831,26527207
75930,26602897
75_,26741287
75s,26807951
75Alina,26927035
755732,27050461
750012336,27086349
751016854,27086413
751017009,27086446
757039,27170575
750456212,27194372
755223,27209300
75848475,27210764
750Hello,27330122
75650MIL,27374497
752396,27485558
752152,27598078
754352,27598091
751805,27598136
756068,27598137
752232,27598144
752624,27598145
753833,27598162
757198,27598166
752243,27598171
757875,27598185
753707,27598194
755136,27598203
755564,27598208
753033,27598213
754140,27619577
754874,27789059
7589920,27839921
752732239,27872063
756109,27939088
75michu,28116085
75445,28231524
753235,28268608
757222,28323986
75ythrgy6tyruifkjgh,28627696
751325,28632866
7559114989,28644470
75709,28660030
754617,28673099
7580158,29005063
758karl1052,29660400
756854,29717343
75steel,29927460
753035,29929665
758327,30031006
758332,30031025
7510827,30104234
750421,30105059
751zh,30127152
750011018,30217761
759279,30218858
758635,30260767
751-NUR,30290546
7543843,30417400
752394,30500547
755JNp00,30533189
757489,30534510
75ilyas,30715541
75377bar,30837658
7532678792,30912180
75agqw,30926635
75877966,30991560
75Hail12,31003058
7582642511,31049225
7504CSI2018,31058745
7501CSI2018,31058809
7516CSI2018,31058880
756634,31060237
756888,31139727
7522849195,31264912
7509CSI2018,31271937
75176,31373547
75254gua,31453581
7573737,31843274
7516699443,31963040
751290,31990612
759meyer,32002151
758547,32049732
75o,32081557
75919SW,32157369
756899,32258227
7566887,32283443
7542631,32321703
7528902537250398,32962608
757533,33309225
75005,33365196
758610,33454353
757993,33522865
758610Zheng,33522900
750305ct,33642213
758502,33739609
75DigiKid,33991027
75952,33998281
759eal19,34187578
758442,34421115
75970,34656312
75848,34656315
75958,34657443
75654isaac,34657447
75878,34657448
75927,34657457
75885,34657485
75851,34658421
75815,34658428
75895,34675596
75939,34675599
7561scs,34760708
75905,34791555
75894,34791565
7542Roger,34835410
75206atstpeters6,34855275
756776,34905420
751699HJP,34905471
753365,34905482
750970,34905484
758818,34905500
752049,34905502
756963JM,34905510
755555,34905514
750500,34919772
752398,34919778
752774,34919782
752382,34919783
757849,34919789
751390,34919790
751178,34919791
750807cc,34919796
752563ER,34919797
751996,34919802
750314jm,34919803
753297CL,34919810
751987,34946813
756780,34946848
753329,34946853
752816,34946854
752737,34946858
751992,34946873
756158,34946882
755558,34989525
7536287445m,34991255
750574,34992723
753307,34992726
753342,34992736
753866,34992790
758690,34992797
753369,34992807
753332,34992808
753398,34992846
752287,35002913
756818,35002955
753338,35002956
750802,35002962
752002,35003055
753386,35003061
753458,35003090
756080,35003091
756548,35003134
756172,35003402
756172sm,35003461
750741,35024881
750863,35024888
754071,35024924
750033,35024934
752421,35024973
753351,35025008
759830,35025058
751993,35033999
753337,35034012
754299,35034025
756542,35034036
752008,35034076
753948,35034079
755654,35034103
753328,35036127
752788,35036130
751648,35036161
752424,35036191
753325,35036200
752285,35036299
7580641,35065628
75020dEvaS,35070148
75020dKhalilF,35070149
75020dGabrielleC,35070150
75020dGaspardM,35070151
75020dZiaA,35070152
75020dSalomeM,35070153
75020dMohamedK,35070154
75020dElisabethQ,35070155
75020dMargotB,35070156
75020dBouchirataM,35070157
75020dBlancheT,35070158
75020dMoiseM,35070159
75020dYanisM,35070160
75020dSofianeM,35070161
75020dRitaM,35070162
75020dYannJ,35070163
75020dNoko-gnonB,35070164
75020dIlyesS,35070165
75020dMathieuM,35070166
75020dAsmaaS,35070168
75020dGhaniaM,35070169
75020dAminataW,35070170
75020dAlineB,35070171
752603,35112845
75140,35144350
750875,35152364
750029,35152395
755791,35152410
752419,35152413
7592222,35152419
751876BounceyBouncey,35152459
759222,35152535
755Lilly,35227942
755Alyssa,35227961
755Tyler,35227995
755Kim,35228044
755Adri,35228083
755Ilyas,35228113
755David,35228133
755Gil,35228164
755Victor,35228177
755Eug,35228211
755Kevin,35228270
755Larry,35228293
751941,35242504
75slesmanatees,35270248
755Ismail,35480211
755Spiro,35480289
755Bryan,35481098
75bmxames18,35531541
75vento,35531542
75grrrafics,35531543
75fizys,35531544
75cernet,35531545
75waabac,35531546
75avvilito,35531547
75froew,35531548
75thecub,35531549
75tide,35531831
75shoa,35531832
75yeti,35531833
75duce,35531834
75taos,35531835
75eyen,35531836
75marg,35531837
75spin,35531838
75axum,35531839
75vasa,35531840
75sung,35531841
75burk,35531842
75elko,35531843
75foil,35531844
75hale,35531845
75line,35531846
75zila,35531847
75munt,35531848
75cyst,35531849
75doab,35531850
75jiva,35531851
75luge,35531852
75craw,35531853
75lowl,35531854
75scag,35531855
75flow,35531957
75imagine,35567097
75036,35645262
75818r6,35695273
75017r6,35695279
75816r6,35695281
75743r6,35695288
75019r6,35695294
75A9pm95kK,35779442
7564967536s,35785251
758950,35804567
754548,36000405
755230,36000662
754947,36002478
759001,36056692
757662pdsb,36082999
756652pdsb,36083036
752537pdsb,36083096
755304pdsb,36083106
754943PDSB,36083121
755233pdsb,36083167
754875,36083170
758305pdsb,36083203
759348pdsb,36083246
758389pdsb,36083250
757344,36235199
751787,36258846
755731,36628421
755004,37446603
755005,37446908
757784,37507961
75758803,37518507
75758802,37518509
750340,37591773
755420,37591916
755929,37592291
759448,37604176
75565467,37666672
759400,37676081
755Yousuf,37949691
752189ya,37954191
750340lle,38009639
755929lle,38009817
75432,38372235
755615,38384864
755174,38430078
756690,38430356
75trucker,38468493
753530,38545954
75812elmhurst205,38580289
757breezy,38628156
756952,38660912
757052,38660927
75965,38684299
755348,38721635
756499,38891821
755348h,39217565
75653,39291334
75357jan,39309224
752712,39348271
757331,39399513
751988,39403871
7587141596,39449641
7503ACZ,39457689
759847,39509477
75168,39565534
75fn,39717475
753165,39734413
758186,39761247
752249,39761294
752180,39761417
753434,39761429
754814,39761440
757081,39761462
759667,39775174
752279,39793570
753840,39793724
755226,39793989
758190,39794057
752082,39799456
751fp2018,39823644
752fp2018,39823949
753fp2018,39824359
759691U,39889593
757megan,39915730
757555,40005297
757-288-8654,40033335
757769,40168720
75922521,40219806
75874mkus,40427483
75864mkums,40427596
75890MKUMS,40427756
755Darlyn,40462561
759621,40502167
75865jh,40560263
75003lr,40560307
7511246362,40564113
75198mkums,40671773
7515383461,40677233
759621yaretzi,40701546
757277,40704224
757297,40717493
750531,40755936
75jana,40859131
75salma,40859152
75zaaha,40859158
75leya,40859161
75sam,40859175
75dareen,40859178
75mariem,40859183
75malak,40859189
75dana,40859194
75laian,40859198
75hayley,40859203
75lara,40859229
75menna,40859241
75alfie,40859255
75tariq,40859259
75mariam,40859267
75wafi,40859271
75dharesh,40859274
75chen,40859280
75yicheng,40859284
752822,40890968
750005,40891187
75960,40964819
752312,40999580
7599386327M,41054116
75884mkums,41086260
755894,41122890
757_nana,41129111
754313457,41163924
758824,41174710
753822,41174747
758448,41266687
752907,41276129
752550OOF,41276164
757572,41276274
756624E,41276280
752531R,41276283
759194,41279936
753040,41360047
757617,41360078
755166,41370962
754yalin_batman,41468457
753988,41519557
752895,41593859
75test,41643866
753108,41695642
75375,41706967
7529051,41741222
756ujer7euy,41750077
752elanur,41896152
7560185793,42003246
755171,42018155
755167,42018230
75Rahman,42149109
75lincoln,42187386
757_Trent_Parker,42219652
754tgy8,42528279
7505891,42571466
75t,42618850
756l,42623308
755163,44157690
755181,44298532
754874rd,44298559
755165,44298569
755143ri,44298636
752858,44357290
757058,44530875
751536,44567701
75studsamp,44907381
75studsamp1,44907777
75studsamp2,44909433
750871,44924808
75atFort,45023695
75R,45032354
755458,46300313
7500-Games,46467664
757456,47691164
75x,50057333
753imagine,50215435
755imagine,50215454
752imagine,50215460
759imagine,50215501
758imagine,50215502
75247AR,50370126
751420,50606957
751248,50606958
753140,50607007
751242,50607045
751979,50611369
751510,50621311
752492,50621329
751241,50621657
7549483,50674362
751257,50680363
752138,50692327
758749,50739052
755274,50938678
756Shaq,51103552
7536Edu,51578854
753754,51619592
753568,51619606
751404,51619609
756495,51619631
758678,51619632
754083,51619633
755871,51619638
757854,51619651
757009,51619674
753150,51619723
756916,51620065
753604,51620072
759024,51620094
756697,51620102
755760,51620104
756497,51620119
751958,51620123
751049,51620134
758772A,51620139
755602,51620158
75224r5,51691085
75516r5,51691095
75475r5,51691108
75070r5,51691117
75263r5,51691130
75358r5,51691150
7577676,51731755
757Manny,52176430
752kad06,52243177
75868,52380243
7575sofia,52550294
75kiuy,52650694
7509hufa,54070050
75horse,54245423
753193,54430025
759874,54615773
754555siddharth,55280616
75_yabuki,55494594
753283,55589288
7564581,55589327
75a,55737324
758428,55877212
756064,55877323
750280,55883467
750193eusd,55896016
7561985576,55945168
756645,56354310
751232_,56835958
75ajz,56969043
7514723,57031277
750251,57144947
75-Student,57188064
750314hec,57328772
753787,57399384
753345king,57443076
753047,57523712
7570509,57595094
757677,58123675
75d,58201033
756-y,58383859
7544384201,58766892
750068NS,58875212
750056,58897799
758928,58905051
7526093puppies,59036056
753206,59155932
7562172315,59185425
752AyshaHumaid,59314968
750illusion750,59330722
75444,59598190
751134EH,59642930
751748dps,59680531
751748kw,59687585
75344,59690001
75798392849,60057931
757Teyanna1234567,60670244
757miyah,61091218
75i,61240018
7574420,61375285
75y,61624447
7534895,61803949
757Stemchic,62061297
753096,62105033
759654,62144494
759675,62280029
75EMI,62578098
75630000,63136269
75PES2025,63301978
75PES2026,63302137
7585hnc,63597308
75yakyu-zuki,64271024
757587783072,64307311
751306,64590540
75beastman-m,64697904
75belinay,64740506
756A2010,64806868
758402,64903732
75k,65108520
758793,65272717
759233,65272801
750lIIusions750,65414231
75576wsd,65436347
75w,65921057
75-,65935118
753257,65998677
75ham,66227156
75231,66329430
75p,66481022
75j,66507240
7579441,66523357
7572887977,66523365
75015sea,66557762
753-UMU,66612968
752491,66680988
75L,67025747
757Teyanna100,67092317
75043cms,67627202
75043cms1,67627639
75841cms,67636779
752601722,67763747
75kvibezzzz,67947922
7547587,68006178
75CKYOUB1SS,68145554
756530,68236153
751530,68237069
756558kw,68244827
75-test,68440891
75sheepinatree,68670285
7570hArt,69099386
753578,69196666
75000spam,69320056
758569,69431308
750wali,69466828
75656464734726342,69492714
7541bunny,69538112
75mustangs2021,69843965
753-cat,69886917
758869,70013579
752479873,70178678
75g75g,70416183
7501aic,70447094
75203BRA,70561243
75302COL,70561308
75thRanger_Regiment,70786161
75kittys,70846291
75da,70999956
759421,71045278
755544,71045323
75483920,71179020
7534784562783465800,71330579
75651BRO,71580811
75965sahar,71650025
75PlanetEarth296,71670092
75677BROW,71751844
75801900,71870302
758019000,71875519
75trakurhS,72204985
751501,72330104
757-858,72343532
75767766565,72676819
756e6861636b61626c65,72863475
75c,72952311
75things,73128830
75v,73390999
75849201Blacpink,74151231
7590540,74337087
75-022,74495263
75-025,74495293
75f,74814661
757rycutf6vbytr,74908198
75h,75291574
75cm,75308221
75765675675675,75869747
75128668,76147958
75n,76354837
756473cb,76540189
7565767656868586,76735746
75_jem,76871745
757157,77035134
75457,77048701
75e432,77249864
7515aic,78318681
75647467465,78344438
75kakeru75,78658746
7510LEO,78736735
752454,78902210
754ohniugod,79150200
7598658675,79197990
75TheCreator,79738958
751_Productions,79983475
756565477866r656556,80087585
75657548577,80118214
75yakyu-shinei,80125493
75-Levi,80202912
75hogwartz,80298912
75335y,80453485
75m,80888037
75179loccsd,81050902
7502101,81290771
752urban,81442223
756black876,81459815
751ilm31,81598120
755Coding755,81682496
753hunt,81859619
756348756,82048092
75boo,82482608
756283marqueSS,82486542
75082horse,82927986
75running,82991207
755196857,83043895
75hayrunisa,83161624
75932,83482284
755456,83589671
75Q,83937104
75george79,84082218
75thdodbndfj,84420424
7531230,84704724
7568Druthi,85056038
75857s,85215338
753daaaaa,85299491
755283,85521325
758023,85579184
75151875_,85987512
755hana755,86212709
75Kpop,86303310
7564561,86701303
75632668,86949885
758054_,86981029
754096,87011290
753982,87054248
752710,87166323
75563347,87211158
75233fat,87212757
753983,87304153
7559022,87451494
7547504377430830883,87509341
75g,87572595
75B,87585763
75E,87585767
75U,87585785
75Z,87585792
75brfe,87906093
7529517jgkjjj,88068099
7567423liki,88359426
755352,88494226
75warthog,88642273
75rockbird,88642284
754038,88647128
7538raven,88773585
7553521,88914017
758085,88926973
75987721,89104040
757373734465677373,89192495
756thtankbattalion,89606712
75kjfhoid,89710003
7531BEAR,89843650
753804,89915053
756989,89923003
759234,89923300
750k,90233558
753153,90546846
75008,91034440
754568,91274615
757157757157,91312082
757157757157757157,91331999
7584783579357984698,91404889
75385724,91548295
7593M,91591631
750talha,92087544
753096ALT,92145988
75434,92355889
75-057,92386411
75-058,92387244
75ytg,92787416
753193_math,92838288
75387492,92854047
756hello744,92859062
75t6yry4r,93119864
7596859356,93535003
753_Rome,93567302
75187ethan,93874959
75810Emersyn,93875051
75ArcticMantis,94223723
75gl2029,94383620
759MPH,94569255
757034,95016213
7597811586,95204661
75i567910,95253575
758504905905950gy,95771157
756299927,96078633
756675hui,96441872
7576152119,96937635
7576152119number,97085114
758483759375,97197268
75-030,97381051
754best,97519089
756E7469746C656432,97966474
7587555755,98207509
754321op,98312695
7585454,99684582
75109d49,99710749
753736,100009391
753huntplayz,100120814
75potatos,100159938
755378SHMECK,100207092
759980WL,100207190
758330,100226653
753160,100280775
753409,100335050
751324,100335131
753736ch,100430498
758596b,100493949
758310,100514979
755800F,100516446
75871-ga,100881307
753Camca79,101138779
75997599,101474882
75tomatoss,101781292
755509,101793052
75Hamstorlove,102280274
754245,102489814
754756coder1,103598957
756351,103868088
75apples,104256635
75984t752,104481493
754sonic726,104495037
7583885,104569806
75ernju,104678710
75783045,104789846
757044,105091077
75947293,105162085
750915W,105253686
75475474,105351139
75687438,105445410
756865876,105668905
75257pk,106023137
75075te,106023182
75075teddy,106023965
7543bluehamster,106063984
758t,106155019
754Mdog754,106220126
75887463,107194547
75jjjj,107353311
7586837,107449918
755846,107579053
757229,107701170
757943378,107718145
753824099,107737216
75072592H,107912107
75the_figure,108244376
7586AdeleS,108258612
75029_Green_Knight,108291714
751113w,108414117
753Jamey,109110208
75j8,109233709
759rock,109281334
759-rock,109281593
75JamGor,109549189
75302039,109597867
75the_howler,109846920
75snaketurtle,109926592
75wiggleworm,110017158
7567rexyboy,110151277
757578,110323566
7547685,110456816
75bdfifsm,111072933
75bdfifmc,111073052
754768,113362506
75longjump,113510010
751boBretsiM,113888550
750787,114263214
758093,114449518
756064056,114900174
75306,115629239
7512yuki,116429882
757d,116673460
75icecream,117206025
756504,118354930
750HD,118414050
757RS,118414561
757755t,118560514
75AMR6,118586567
75ASR5,118598667
752367jn,118741823
752358tw,118741824
756162a,118982479
751803d,118982485
756042j,119172204
750S,119273473
75Make,119475540
75Bol24,119633947
75937sing,119936925
75627462,120201524
755445a,120405983
7529jgjg,120652001
754745574,122292161
754754574,122555246
754538953,122909198
7577bm,123038383
75163445,123295076
759613,123420499
75Pigeons,123462790
75Pigeon,123462855
75688,123813846
75979,125391572
7546777,126188543
75175,126199561
758dv,126555402
758dv-_,126762400
754-9,127707971
7542_charywood_drive,128350480
75189CT,128714267
759BoB957,128964656
75gl2032,129877593
7568traorm01,130013886
752013C,130246790
75TEI24,131723762
753193_sub,133490374
757569,133945663
75j8-tutor,133960021
75j8_Music,134424492
75ACH5,134463179
75757ams,135290048
75664638bbhi,135616962
756__stcejorp899_g,136397538
75uthj,138464353
75475774,139139025
