595959,18262
592,31222
597,48690
5906,68746
594,69091
5906ALEX,76477
59new,160665
590,170366
59union,176093
599GTB,191368
598193002,227402
59915,316081
5916,338964
598404,362764
5953131,379519
596,381585
591,383325
59114041,501332
598,631795
59w,716005
59136718,945012
591147288,1037596
594774080,1071578
599,1080341
5909227,1102457
594984123,1112219
59849355,1113633
591597167,1119012
591388913,1120962
59897,1198298
59953,1198300
5929,1247954
5957585654,1295379
59687,1428691
594481,1478031
5908930,1753670
5961742,1755764
59361,1837458
59131,1837468
59191,1837480
597089568,1877292
59474,1906471
596825839,1941404
59364870,1955680
595321428,1960792
593090592,2011735
591360,2073197
5919000871,2168161
5919000604,2168989
5918000674,2169003
5919000842,2212586
598561056,2295240
591294260,2296639
5999-d6,2314055
595613,2377324
5968492,2389239
5953kdog,2398436
595goku,2445137
595610,2450068
59510,2450110
595100,2450157
59units,2501134
592306,2583001
59883,2587844
594kangkang,2729356
591918,2739861
594412,2743208
5919000010,2775825
595678227,2780038
5920001346,2878228
59horibile,2882213
5993poop,2907381
591820,2912262
591531,2927136
596589,2956352
59738cole,2973283
59yolnie,3091174
5946green,3445672
5908,3445687
5904hp,3497479
595074,3506511
59chimpjumping,3515568
5920000469,3576721
5921k,3742169
59638i,3818733
596947,3861058
5955,4150873
594v587,4598710
59228,4804166
5909,5030002
5926005437,5160334
5926002511,5160622
5927000080,5161298
593403,5186352
5922000520,5213412
59tricounty,5338112
594679sp,5452254
59981,5457120
59901,5478552
5963Andrea,5812192
5900Kate,6929828
5994,7317044
5924004276,7370756
594709123,7570636
59legoman,7669946
591244,7704758
5998994191,7769404
5998994213,7773202
59764,8051450
5921001161,8176770
595,9328812
59d,9775798
5920627,10996082
5900Modifier,11190094
59137,11374762
5943,11469026
5921001145,11568486
5956,12035576
5924004580,12116608
5924001223,12116638
592663,12368990
593159,12372912
5992,12405610
599std,12509666
59a8,12572918
5922000650,12943628
5926002296,13489836
593,13530560
5924000107,13536723
5924000254,13536726
5924000103,13536753
5924000924,13536763
5932amy,14140182
5940gms,14404414
5992gms,14509399
59F28,14663428
5923000478,14684640
5926000189,14705859
5924000455,14707825
5925000343,14830339
59013782,14837548
59004,15570009
5922001045,15609636
5926004265,16011118
5926003238,16025761
5940177,16493272
5953625413,16651169
593103,17269262
59595959595959595959,17312287
59278,17887248
5938c-vusd,18351841
59160104,18365300
59160208,18386299
59160856,18416404
59130427,18416990
59130429,18417113
59160984,18473883
59430579,18474941
59Olivia,18493152
59161033,18575563
5966465927,18599154
5965378491,18607436
5998CVUSD,18624545
5924cvusd,18688970
5924003045,18737550
59X,18748788
5953872275,18924385
597980,18986878
59124440102,19004920
5926001214,19091591
5926002620,19161723
5982869,19195086
5982869732,19294487
5943243771,19398086
5903222,19414409
5981477512,19617157
5914965853,19623723
594982,19652163
599emma,19729671
5925842944,19734127
59703,19987384
5932nelas,20040043
591360bm,20044329
5909nelas,20087762
5924004174,20119997
5926006003,20240655
59kgil,20291099
59517,20298040
5926001094,20392786
59dantdm,20392789
598125,20624050
590112230003,20727142
598195,20754420
590112230062,20757415
590112230052,20757416
590112230044,20757418
590112230015,20819127
5974m,20892324
5924006517,20989215
590112230005,21046800
590112230013_2,21046928
590112230008,21072410
590112230064,21072937
5956Hollow,21253637
5923940834abc,21277231
59554sf,21353837
590112230012boy,21392155
597rizgar,21614650
592abdulbaki,21614683
5924004945,21650601
5925003402,21710537
59a,21842438
5994275913,21891379
5924713199,21891400
59320186,21995219
5921000732,22014954
59z,22129424
59diana,22277592
5919se,22387112
5934em,22387143
5934ee,22387342
59savage,22390803
5986EmilyC,22496650
5921078,22525008
59redballoons,22717402
590501,22853800
590951,23058054
5921000545,23101341
59106,23396853
5944Mamasita,23533258
5944emma,23533281
5926000190,23560873
5926000192,23561018
5926002795,23573348
590848,23912551
59357bru,23915878
5984027,23943349
591414,24011518
5957924164,24036067
593610,24140116
59g,24179311
59094tag,24187094
59482,24331505
5937sam,24477567
59e,24708640
5925002987,24929083
5926002671,25034585
5926000407,25062517
5927006208,25106338
5925006893,25112403
5925005106,25112404
5925003438,25112405
5925007298,25112406
5925004596,25112407
5925007569,25112408
5925004411,25112409
5925006305,25112410
5926005627,25112411
5925000175,25112412
5925003441,25112413
5925007518,25112414
5925007505,25112415
5925002815,25112416
5925003182,25112417
5924002582,25112418
5925000069,25112419
5925000537,25112420
5925003053,25112421
5925008071,25112422
5925002253,25112423
59283,25243659
5992735542,25300352
5924001549,25307506
5924003068,25311238
5925008091,25320250
59coder,25345581
5926003968,25380180
591700,25385330
593380,25385338
5948400,25391512
5972200,25391513
5963300,25391514
5917300,25391520
5970800,25391525
5917600,25392066
5903400,25392073
5960400,25392074
5936700,25392078
5979500,25392079
5916700,25392085
5984200,25393365
5917400,25393373
5924005494abc,25415389
5924002118,25415434
5984265745,25416592
5989565151,25416817
5995800,25422456
5995700,25422740
5929900,25423241
5935400,25423246
5935300,25423248
5987200,25423251
5909300,25423254
5934400,25423258
5924006279abc,25450835
5924003113abc,25459764
5923281945s,25530806
5997400,25532452
5961000,25532466
5996758628W,25539921
594008,25545214
5908800,25733151
59130324,25755784
5926005074,25768951
5926000955,25769076
5926000976,25769519
5926001653,25780516
5926003584,25781215
5926001017,25781282
59260016539,25790268
592600132,25854961
5926232,25870320
59260041201,25883218
5923940428,25883741
59513,25886136
5995817663G,25924338
5953872275H,25924499
59xscratch,25926363
5972300,25941597
5934000,25941608
592600097,25964072
5929005993,26039952
5909900,26066451
5939600,26066468
593678,26119989
593092,26120006
594106,26120013
593599,26120028
593725,26120072
593716,26120149
593298,26120181
593576,26120231
593136,26121501
593402,26123685
593381,26123862
593713,26123926
593754,26124104
594010,26126497
593656,26126596
594081,26127297
5927003114,26158853
5927003772,26158890
5927006073,26158922
5927003325,26158973
5927003146,26158997
5926006686,26159595
5926002518,26159620
5926001270,26159639
5925006591,26159659
5926003790,26159672
5925003010,26159679
5925006383,26159697
5925003310,26159726
5928006345,26194711
5913168739,26211652
5924005443,26218839
5962500,26233352
5922003603,26312304
594019,26340922
5929006049,26351840
5927002748,26371454
5927003542,26371455
5927003519,26371456
5927001216,26371459
5927000667,26371460
5927005121,26371461
5927001380,26371462
5927004946,26371464
5927001315,26371470
5927003315,26371473
5927002334,26371474
5927003016,26371479
5927002974,26371486
5927006125,26371493
5927004646,26371499
5927004044,26371528
598378210,26394754
5916800,26409184
5924003531,26451153
59movies,26462399
595014,26502383
5926002836,26547307
593313,26647352
593324,26647458
593081,26647469
593145,26647499
593253,26647574
593084,26648563
593839,26648596
593152,26706215
593214,26706234
59328,26707513
593792,26741376
59310121,26915735
5963682,26921623
5992400,26921916
59Maya,26925271
59487101282,26932082
59science,26935589
5923942548caro,26947217
5926000304,26973358
5926006690,26974125
59023021,26984534
59rt,27016155
5926006670,27094444
59141450121,27095348
593646PB,27125842
593258,27155567
598776777675,27251554
5927001431,27300331
59320,27316616
59301j,27321988
59924j,27321989
5927006271,27334096
5927005881,27334097
5927001561,27334099
5927005896,27334100
5927001305,27334101
5926000671,27334102
5927003293,27334103
5927001198,27334105
5927003405,27334106
5927002703,27334107
5927006876,27334108
5927002587,27334109
5927001220,27334110
5927001467,27334111
5927004883,27334112
5927003392,27334113
5927003918,27334114
593133,27339621
59732,27341012
5926003101,27694937
5943861,27725745
5926003538,27797338
5994k,27966956
5926006630,27990880
5926007067,28045155
5926001835,28084038
59070501445,28212417
594292,28239334
59HaydenW,28284686
59326,28378800
5926000079,28385463
5926005189,28385472
5926002982,28385483
5926000968,28385500
5926006519,28385504
5926003153,28385505
5926002992,28385511
5926003043A,28385530
5926003188,28385595
5926001798,28492704
5926000476,28492713
5926003148,28492714
5926001544,28492726
5926005789,28492727
5926006222,28492741
5926001100,28492744
5926004834,28492745
5926002099,28492747
5926001374,28492751
5926005693,28492755
5926003070,28492757
5926002145,28492760
5926003028,28492764
5926001730,28492767
5926001703,28492796
5926006852,28492815
5926001368,28492865
5926000934,28493812
5926001000,28493856
5926003293,28493908
5925008189,28493910
5926001529,28493917
5926001468,28493918
5926005319,28493921
5926006109,28493922
5926005579,28493923
5926001342,28493924
5926004566,28493925
5926005919,28493928
5926006018,28493930
5926001366,28493931
5926005176,28493934
5925003080,28493936
5926000947,28493940
5926007336,28493943
5926004734,28493945
5926007548,28493947
5926005139,28493948
5926000642,28493958
5926005915,28493974
5926006518,28494007
592855,28655880
59761,28670484
592005,28683385
5927000535,28773933
5926000558,28777214
5926005426,28787132
5926001221,28787212
5926004850,28787213
5926001249,28787217
5926007200,28787228
5926006224,28787246
59260054261,28787270
5926007656,28787288
5925001240,28787294
5926006776,28787298
5926006434,28787301
5926000329,28787307
5926000484,28787319
5926006116,28787336
5926003348,28787363
59260012491,28787406
59250059731,28787423
5926007799,28787453
5926001161,28787459
5926006494,28787657
59260003291,28787719
59260030401,28788247
5926007576,28788248
592600622,28793869
5926001352,28810186
5926003720,28810861
5926006602,28810882
5926000774,28810914
592600542611,28810972
596623kc,28830975
592005189,28832132
5927003513,28852787
5926000882,28852788
5927003064,28852803
5927006779,28852827
59k,28892651
5926003615,29020407
592700412,29022490
5927004369,29022501
5927003258,29022502
5971864114,29086972
5926006390,29537431
5926003764,29610091
5927001928,29663166
5927001937,29663175
5926000602,29664180
5926005195,29664356
5927005758,29665063
5926000517,29665064
5926001518,29665065
5926001714,29697529
5926000498,29697557
5926005867,29697637
5926006637,29697790
5926002292,29698135
5927001157,29698224
5927003255,29698416
5927003191,29698565
5927000575,29698593
5930005285,29701185
5927004149,29761965
5926007833,29834369
59628,29839266
5924000927abc,29892739
5925002952abc,29892773
5923000383abc,29926613
5924000649abc,29930179
5924006838abc,29930190
5924005855abc,29930215
5924000348abc,29933073
5926002737,29964098
5969895,30016451
5928001642,30038569
5932636254kaydove,30055102
5927001935,30057225
5927000731,30057256
5927000528,30057257
5927006553,30057263
5927002003,30057264
5927005724,30057316
59270001535,30057495
5927003716,30057507
5927005894,30057517
5927001535,30057544
5979465138,30065628
5926000302,30095899
59freeway,30128526
592700447,30131303
5926004368T,30169097
59662ROH,30173026
59043CON,30173039
59126HAC,30173050
59969HOC,30173061
59035RIC,30173112
59842,30174181
5929006215,30231448
5929006138,30231482
5929006122,30231505
5928004296,30251726
5928004317,30251780
5927006970,30252142
59233rud,30254685
59223rud,30254877
594211,30271625
5926006182,30281077
5926001421,30281159
5927000464,30281168
5927006563,30281184
5927001349,30281185
5927003096,30281186
5927002775,30281190
5927002686,30281196
5927006520,30281201
5927000815,30281203
5927003086,30281222
5927002015,30281240
5926005632,30281246
5925002383,30281406
5925005471,30281666
5925004150,30281836
5926005908,30281961
5927003383,30285029
59SOCCER59,30318674
5925000535,30369772
5992tnis,30379478
5924005272,30423362
5924007555,30427670
5918TNIS,30434741
5925006924,30453507
5925001809,30453594
5925004985,30453663
5926007426,30453708
590715,30476014
5924000115,30501128
5945TNIS,30562678
5924004519,30582245
5921000542,30617177
5927004207,30694973
5926002755,30695003
5927006535,30695004
5927003171,30695005
5927002034,30695007
5926004018,30695008
5927001588,30695009
5927000258,30695010
5927007018,30695012
5927005502,30695013
5927004890,30695014
5927006691,30695017
5927005808,30695074
5927005505,30695118
5927000864,30695453
5927003718,30695489
5927002389,30695497
5927006081,30695531
5926004895,30695578
5927002394,30695640
5926001881,30695706
5927006902,30695812
5927005561,30695851
5927002420,30695884
5926000470,30696688
5926005532,30696697
5926000374,30696698
5926002842,30696699
5926003260,30696700
5926004180,30696701
5926000372,30696704
5926007525,30696705
5926002310x,30696706
5926003822,30696707
5926006392,30696708
5926002862,30696710
5926006381,30696714
5926007479,30696717
5925001450,30696961
5926002748,30697419
59018,30854463
5927001936,30877006
5994297836,30912130
5974158,30977712
5927005326,31045149
5925003918,31046552
5926004667,31046553
5926001515,31046554
5926002953,31046555
5926002637,31046557
5926001995,31046558
5926005798,31046559
5926000613,31046560
5926002633,31046562
5926005680,31046563
5926006826,31046564
5926003809,31046565
5926005912,31046566
5926006711,31046567
5926006576,31046568
5926007387,31046570
5926006161,31046571
5926006035,31046572
5926002148,31046573
5925003427,31046575
5926006817,31046576
5926006734,31046577
5926005072,31046578
5926003554,31046579
5926003046,31046580
5926003128,31046582
5926002020,31046584
5926002640,31046585
5926003432,31046662
5945328774,31119715
5927001340,31127029
59y,31189510
590BlueAD,31198025
590redsam,31202036
59-LTEC,31229425
5945491853,31264871
5926006783,31424304
59050wri,31453593
5927003102,31807297
5927001042,31807299
5927004485,31807303
5927000500,31807305
5927001453,31807307
592700072,31807311
5927002887,31807325
5926004549,31807330
5927004989,31807331
5927002914,31807349
5927002926,31807389
5927004665,31807533
5927007350,31807540
5927000763,31807564
5927002055,31807575
5927006561,31842951
5930655549,31884188
593373,32050983
5927001390,32076648
5927Gabby,32076767
592247,32247565
5927001300,32250889
59270013090,32264455
592701390,32264478
59225,32323603
5927001310,32452125
591ncs,32570079
596ncs,32570551
597ncs,32570555
592ncs,32570569
5926007908,32662160
5911277,32797926
5967_59_67,32880323
59552,32971813
59270015511,33338218
5927003936,33358505
5926005241,33367087
595523,33509800
59art,33603142
59553,33605288
59554,33606389
59DigiKid,33911008
5924006255,34670366
5924002613,34671051
5924002286,34671067
5924004723,34671077
5924005186,34671093
5925008515,34671103
5924000717,34671137
5924002348,34671152
5924004728,34671308
5924004726,34671325
5924004634,34671436
5924007491,34685828
5922003741,34685910
5924007829,34685953
5924003266,34686011
5924000470,34686067
5924001974,34686294
5925007464,34687430
5925005684,34687449
5925002065,34687456
5925006500,34687476
5925005914,34687486
5925005218,34687493
5925001071,34687513
5924006321,34689035
5924006523,34689054
5924006377,34689069
5923941871,34689071
5923943893,34689078
5924002602,34689309
5925008070,34690265
5925000918,34690299
5924007341,34702936
5925001017,34704609
5929000443,34742998
5929005980,34742999
5929001549,34743000
5929003501,34743001
5929000250,34743002
5929003674,34743003
5929001342,34743004
5929001433,34743005
5929000386,34743006
5929001535,34743007
5929001561,34743008
5929000655,34743010
5929005879,34743011
5929004371,34743012
5929004652,34743013
5929004349,34743014
5929005612,34743015
5926007292,34755814
5926008144,34762408
593782,34781599
5925000216,34791472
5923943743,34809355
5976Jade,34835509
5930004493,34886366
593552BK,34920987
594087,34928831
593639,34928837
593976,34928840
593778,34928844
5902023,34955687
5927005297,34988954
5927002247,34990473
5928003351,35055288
5925001857abc,35146775
5925008559abc,35146784
5925005077abc,35146785
5925008521abc,35176096
5928000316,35192704
59477,35209101
5922002138,35216079
592700,35219245
5927007833,35219284
59slesmanatees,35270214
59959559,35293021
5928004009,35310619
591424,35368474
5927002444,35489596
5928002076,35491788
5928000300,35547042
5927000338,35547076
5924007860,35562141
59imagine,35566880
59330273,35581665
5929006719,35637432
5927007854,35719198
5921000421,35780624
590688,35795963
594079,35795973
590835,35795996
5928007006,35911521
59OMGTech,35940740
5926008274,36000091
5926003742,36011436
5927004091,36011437
5927006904,36011438
5927000591,36011439
5927007655,36011440
5927000949,36011441
5927002398,36011442
5927001002,36011443
5927003997,36011444
5926001135,36011445
5927001951,36011446
5926006516,36011448
5927005546,36011450
5927007735,36011451
5927001820,36011452
5927006730,36011453
5927003257,36011454
5927007696,36011455
5927006463,36011456
5927002700,36011909
5927002680,36011910
5927004924,36011912
5927002747,36011913
5927003368,36011914
5927002710,36011915
5927005812,36011916
5927001824,36011917
5927005483,36011918
5927003630wses,36011919
5927004451,36011920
5927003066,36011921
5927005206,36011922
5927004068,36011923
5927002827,36011924
5927005049,36011925
5927006680,36011926
5927003670,36011927
5927002873,36011928
5927005404,36011929
5927004623,36011930
5927003811,36011931
5927004092,36011942
5927006351,36011943
5927004373,36011944
5927002814,36011945
5926001308,36011946
5927004719,36011947
5927007003,36011948
5927000706,36011949
5927004115,36011950
5927001795,36011951
5927007733,36011952
5926003137,36011953
5927007068,36011955
5927005276,36011956
5927003611,36011957
5926004569,36011958
5926000332,36011959
5927007081,36011960
5926003862,36011961
5925005625,36013009
5927001836,36014132
5927002711,36016055
5927001880,36016069
5927007720,36016081
5927001932,36016093
5927004026,36016095
5927006254,36016104
5927001848,36016108
5927001744,36016114
5927003052,36016138
5927004130,36016140
5928005493,36016142
5927001819,36016145
5927003835,36016147
5926001594,36016153
5927003834,36016161
5927001827,36016162
5926002534,36016222
5927000869,36016234
5922002030s,36024307
5927006109,36048686
5927002419,36048688
5927001804,36048690
5927001859,36048691
5927005344,36048703
5927000883,36048704
5927001750,36048716
5927003328,36048718
59270051830,36048721
5927004097,36048726
5927001748,36048738
5927001814,36048759
592700783,36048777
5927001999,36048779
5927001752,36048782
5927001853,36048797
5927007683,36048801
5927005582,36048816
5927001778,36048824
5930005963,36082882
599nlr20,36141522
5926004436b,36157430
5927007367b,36157471
5927004398b,36157485
5926008131b,36157498
5927007706b,36157510
5927006605b,36157524
5927002412b,36157533
5927006380b,36157543
5927005082b,36157549
5927003699b,36157563
5927007855b,36157575
5927002454b,36157592
5927004254b,36157602
5927004253b,36157612
5927007134b,36157622
5927000464b,36157631
5927005485b,36157642
5926008128b,36157654
5927007254b,36157669
5927005655b,36157680
5926001475b,36157690
5927005025b,36157704
5927007468b,36157714
5927004374b,36157724
5927006622b,36157739
5927002751b,36157747
5927002470b,36157761
5926007987b,36157774
5927007067b,36157786
5927002702b,36157798
5927007791b,36157815
5927007341b,36157830
5927006169b,36157842
5927002633b,36157853
5927003740b,36157866
5927007453b,36157881
5927000547b,36157897
5926004465b,36157909
5927004297b,36157922
5927003877b,36157940
5927002718b,36157960
5927001991,36268273
5928006170,36270558
594088,36299765
5922003998,37437786
59867,37445134
5923940845123,37446056
5925003958,37502125
599ojl559,37650399
597glr597,37669919
593wdm593,37711547
5927001926,37991952
5928002474,38098516
592343,38100824
59241sim,38325203
59336,38634276
59102Cag,38694112
59052Cag,38694113
592240,38747701
590797,38797581
5948mj,38809062
599obl599,38838915
599ojl599,38838936
596169,38841709
59112Cag,38882219
59524tay,38993635
59375mel,39003043
593994,39219156
5925004122,39223189
59755,39303147
598473,39471819
59SpecklesDino,39476092
5921000515,39493479
59802at,39547796
5927001680,39841755
5927003896,39850175
5922FCA,39879260
5903FCA,39879363
5927003272,39887495
593710,40312619
5973549836,40344034
59pLanted,40461281
593128,40476165
5927006279,40498724
5947678,40524128
5996832186,40677563
5928001317,40782750
5928002043,40782751
59221501,40855945
5927001428,40878831
5928002461,40911754
5928001730,40911767
5928004042,40911799
5928001735,40911801
5928001323,40911805
5928003106,40912023
5928001726,40919157
5928002176,40919164
5928004230,40919165
5928001353,40919188
5928006336,40919189
5927005113,40919340
59_DJD_59,40920611
59_Jenna,40956898
5925007276abc,40958165
5928005225,41013462
5923281945M,41054121
5928005167,41059495
5927007207,41065881
5927006290,41065944
59SFS,41176419
5924006482,41319550
5928006065,41342728
5928001324,41342789
5928001351,41342798
5928005704,41342804
5928001759,41342827
5928000655,41342869
5928002371,41349508
5928005984,41349554
5928001332,41349560
5928006370,41349636
5928000770,41352890
594871,41369923
592Irem,41568337
59095909,41574186
59h,41665011
594240,41749228
5928000806,41767070
5912235,41767979
592800598,41777046
5928003069,41778316
5925006922,42038521
5928004876,42047784
592800465,42048246
5927007633,42293481
593617,43582088
592800637O,43642493
59007,43753166
5969663,43765904
592berkay592,44145159
5928007083,44160372
5928006305,44160464
5929001312,44168770
5928002154,44195030
592800637Q,44203803
59test,44338648
5929000573,44381214
5972axu,44491163
5927001381,44780020
596963,44992748
597010CBW,45227298
593110DWO,45227299
591710DWO,45227305
596210KPA,45227310
595310KPA,45227312
5998401,45317945
59907,49928453
5929004792,50246500
5929006614,50354319
5929004909,50354337
594388,50649034
594399,50649035
594519,50649044
597293,50653787
598382,50653816
597784,50653892
597290,50653911
5927002964,50766541
592Scratch,51115188
594732904,51150163
599027,51197427
592532eh,51331549
593819sh,51331584
590472sk,51331676
595352as,51411240
5926006864,51430466
59_,51486922
5926003384,51520822
5931003949,51538231
5929007025,51726767
5929002456,51726792
5929004063,51726809
5930001385,51726833
5929002440,51726920
5929002360,51726951
5929002362,51747600
5928000898,51747676
5929002414,51747743
5929002162,51747750
5929002365,51747777
5929002415,51747825
5929003981,51747849
5929002417,51747869
5928002834,51747884
5928002901,51747910
5928002678,51747924
5927004171,51747932
5926004503,51748002
5927003172,51748035
5927003190,51748254
5928006371,51755844
5928003890,51755886
5928003017,51950014
59044712,52085443
5914784654,52144681
5927002191,52147209
59534,52246838
59166502,52281519
5928006027,52318755
5971552,52429543
590klb02,52478111
591190,52552924
591_Ahmet,52589672
598ardahan,52889811
59390427,53056562
5929006785,53668182
59147501,54024441
5925000093,54082594
59S,54503181
597get,54514634
5928006433,54563044
596-3,55008847
5929006359,55701242
5929006186,55701435
5929003310,55701494
5930000742,55708218
5929003982,55781464
5928007392,55782609
5928001790,55782699
5928001146,55782780
5928001732,55782840
5927003230,55783571
5927002474,55785932
5927005472,55785981
5927004017,55786057
5927007531,55786150
5927002212,55786208
5927002676,55786285
5927006917,55786328
5927005917,55786373
5928007625,55874855
5927001613,55880032
5927006632,55880149
5927003256,55880196
5926000263,55880685
5929004286,55884037
5930006646,55976302
5927003209,56117796
592178,56139906
593837,56184128
5929002438,56225282
5928003505,56225938
5928005672,56228564
5928002978,56229510
5929004705,56291352
5927003550,56293392
5929006760,56295304
5928005009,56295483
5929002939,56295747
5929000021,56295813
5929005736,56295886
5929002452,56296064
5928005098,56298054
5927003238,56300921
5927000248,56301424
5927002189,56301490
5927003246,56301574
5926002465abc,56355474
5928002982,56357342
5928003606,56622406
5928002979,56664596
5927000620,56665195
592900199ice,56711983
59_savageARI,56771411
591Ahmet591,56827748
59228002951,57143961
5928002951,57144112
5929001943,57174952
5929001908,57321105
5949purn,57953561
595121,58050636
590638,58151817
5929006918,58238072
591s8,58486232
591s9,58486243
591s11,58486284
591s12,58486296
592800288,58898288
5929007206,58981441
595282,59583699
5928007481,59585594
5930005031,59642019
5930000741,59675062
5928003149,59927338
594895,60087957
59corvettestingray,60139862
590arthur7,60490229
599869,60825526
5931005324,60947146
59aluScratch_CPR,61113493
59205,61125757
59290063,61620510
591966,61703934
59-,62444282
5930006580,62801365
5927004228,62885515
5929001042,62887171
5929006409,63044488
5929006471,63044797
5931004146,63054467
5930004305,63277363
5929000779,63287020
5929007260,63294191
59PES2025,63302001
59PES2026,63302148
5929000788,63373220
59sf,63411561
5924003902,63552086
5930006656,63664193
59247503m,63673817
5930003774,64066932
5930002982,64066933
5930003867,64067136
59290068690,64234158
5927007989abc,64450239
5927002523abc,64450677
5927003370abc,64464036
5926008032abc,64464251
5927006222abc,64464385
5929003493,64499155
5927004215,64505676
5927003649jt,64576970
595282_Test,65007558
59588,65012692
592887,65018079
5927001400,65151437
5943joe,65417339
5927000150,65809062
5928004864,66127667
59037943,66180382
5929006770,66298066
59586,66535254
59TAYTAY56,66699569
59Hopper,66759678
595568,66789114
590642749,67763915
59-5g,68097072
59P,68106866
597084123,68205575
5977837925,68557321
5977827925,68557959
590282NIE,68581194
59555-,68800768
59174002,68800822
599304,68868654
5930004950,68872652
59percent,69093264
5929000698,69148068
593853,69248379
594099B5,69253645
595653B5,69253782
591379B5,69253834
598397B5,69253947
590217B5,69254282
599351kernhighorg,69447329
5927001783,69656374
5927003196,69665890
5928006734student,69721405
5927007707,69722872
5929005694,69727645
59710916,69747796
5930004457,69770942
5930004209,69771442
5930002675,69835367
596587LG,69840210
59mustangs2021,69843991
596655,69845059
595566,69845217
593476,69847311
5925007655,69850782
591-elephant,69891473
5927002654,69951211
5931006563,70092881
5927007634,70096254
5998EE,70196182
59n,70328644
5930004926,70405548
594-DOG,70491917
5959438527,70506837
5930004209L,70561282
5927000884am,70636612
597881,70636904
591-fox,70721906
5929-tests,71036323
5928004205,71158020
5930000801,71368590
5927008695ABC,71575043
5927006876abc,71575077
591skating,71576616
591chess,71577498
5927000260abc,71592343
59O,71732890
5930003587,71781712
5928008001,71784396
5927008824,72075874
593handcrank,72136344
5928001802gr,72194024
5930001749,72306461
5928006655,72641212
5970841234,72739259
59925,72847822
59aitendoo,72879046
5927005739,73109186
5928000932,73283398
59-girls,73343894
5918OF,73710606
597sparkle,74039086
595_Hello_M5hamm3d,74039120
5930004922kw,74073152
59I,74236163
59m,74263127
5927008452,74311243
5930000,74372388
5929007437,74381377
5929007482,74383316
5929006409alt,74524051
590003867,74583811
59299007482,74636381
59gl2029,74708713
5928319,74887419
5929003925,75716031
5930002823,75863715
593005911,75995585
594959,76247370
5928006519,76603485
59taco,77463610
593767,77656642
59kakeru59,78518522
5913n,79113460
59f,79242692
598598598,79627909
599743TS,80031149
599802OC,80080259
59s1stem,80312693
59s1gene,80314131
597305,80430916
597552,80516352
596896t,80516373
596122,80516503
59899989,80554344
5949613136,80558985
5931001976,80615430
595MV,80655361
59Ember18,80657757
5953914,80925665
5931001789,80926969
59211s,81027514
5919692,81035564
597421,81054643
5927283,81054823
5951654,81054911
5973954,81054983
5932473,81054999
5981374,81055446
5973964,81055655
59542144,81061477
593scr22,81088234
596scr22,81099458
5928005493_,81524776
5928003431,81530991
59puripuri,81634183
59310-,81685969
59bilald,81693110
592222_Lauren,81733593
5927008143,81893893
59JADIN27,82179743
592082,82272217
5929000393,82320872
5926006030,82321095
5928006398,82321210
5926007290,82321271
5928002060student,82321440
590762,82355069
5928003140,82398283
5985959,82466265
594230,82562111
591nihan,82585938
5975613855,82618275
5981389354,82704778
590131a,82808935
59ada,82825161
592178N,82885912
591590A,82885995
594604i,82886042
592906E,82886050
5921457272s,82919857
5900662,82931549
5914754,82931558
5929004053,83156462
5966PLB14,83195937
59214527272s,83332404
593336,83390266
5930002206,83807444
5925008125Bananam,84250125
5924004312-hawk,84250129
5925009855Hawk,84250189
5925004971-hawk,84250199
5925003705hawk,84250201
5925010249_hawk,84250213
5925001718,84250321
5925008078,84250334
5924008990hawk,84250341
5925003251,84250352
5925003216HAWK,84250359
5924003153hawk,84250364
5925009815,84250391
5925002772_Hawk_,84250407
5925010249_6hawk,84250411
5925009688Hawk,84250426
5925000335Hawk,84250464
5925005798,84250469
5925001066Hawk,84250519
5925009874hawk,84250633
5924008859Hawk,84250678
5925003216IDHAWK,84254869
5926005379HAWK,84255192
5924006358Hawk,84281516
5924001524hawk,84281542
5924002655Hawk,84281757
5925006198hawk,84281888
591878,84312001
5925005699Hawk,84363531
5922003237hawk,84363555
5925001535Hawk,84363557
5924006588hawk,84363573
5925009149Hawk,84363581
5925009525Hawk,84363582
5925008427HAWK,84363595
5925006946Hawk,84363602
5923000062Hawk,84363605
5924008907HAWK,84363643
5925009663hawk,84363659
5922001442Hawk,84363676
5925000081Hawk,84363686
5925008711hawk,84363698
5924004797Hawk,84363734
5925010134Hawk,84363737
5924007272Hawk,84363752
5924001322Hawk,84363887
5967856435,84375231
5925009737,84507788
593365,84582187
5925010088,84651561
5924007203,84654176
594664-2021,84986554
59773wm,85115576
594906,85137535
59329,86636972
591159,86839627
5928008586,86878490
5931005608,87131555
5930003176,87189964
59173D,87189977
590srkiho,87532415
59V,87573976
59Q,87573977
59R,87573978
59U,87573979
59T,87573980
59C,87573986
59B,87573987
59J,87573990
59L,87573992
5929004130tem,88203771
5929007439,88504214
5921457272,88555621
59mossyfrog,88642280
5933raven,88773569
5924raven,88773579
5928001752,89053951
5928008037,89057054
5931001817,89177109
5930002173,89404000
5928007625OM,89757876
599_,90066242
591615026,90067245
5959keke,90130402
59310012,90161493
5930005578,90198523
5930002094,90198863
5928008628,90226451
5931002674,90292692
5930001474,90863024
590melikebenli,91112913
5964012,91763854
599Vic,91879891
59kubra,92021310
5932002647,92235578
595955959595959,93201865
5928001618d123,93452706
592532_2021,93641806
592_sus,93812043
59409809285340823,94112508
594929,94313839
5927383vdkgv-__tony,95033735
5934683twiasdt84,96234049
597098,96239826
599030,96309930
593160,96851005
5966868,97137762
5900--taiko,97176353
59winner,98184772
5933001113,98429160
59527308,98913319
59614063,98913320
594-693,98920110
59236Ro_,98921276
59109630,98927880
594a,99266899
5934EPaulson,99323468
598518,99513843
59cookie,99956805
59milk,99957040
59cake,99957431
598942tg,99979610
592603Mc,99980129
592603mrc,99980567
595391ss,99983170
59bread,100112222
597942tg,100122236
597616JG,100123594
59823160,100408955
59574216,100420081
59761908,100420104
59758527,100420131
5992956-0,100420154
59920398,100420250
59476886,100420395
59717991,100420398
5966819,101081071
5991138,101240919
59brown,101454641
5900tazmannion,101911268
594tugce,101943517
591979germanshepherd,103359588
591556dog,103359589
594686puppy,103359597
594860grayrino,103359715
590229sloth,103369683
591744shark,103369685
591384frog,103369820
593100283,103406024
595742162,103429950
599516goat,103445228
59ahsen,103726034
5920zke,103868923
592redtiger,103935989
59fiftyice,104229365
5900alt,105484218
59dolphin,105856782
59dolphinn,105857395
59600,106475500
593398,106735262
59797ccgleerling,106790139
5950NN,106905639
5951RM,106905642
5987AV,106905643
5974DD,106905649
5963DS,106905650
59602stem,107177554
59tate,107827737
590324,107852678
595643,107970270
599977,107970281
595643EP,107970417
598912tz,107970544
59endermen,108480297
59smiEli,108828583
59388,109207070
59comichero,109935086
5907939,110171711
593099,111845399
596034,111922971
5911LcWk,111937124
59789123,113437110
59084,113546230
597891239,113745008
59236Ro_gakkouyou,113779261
593mg,114320630
59215181,114513457
59_morgana,114639751
599594335,114900145
599TheCreatorHAHAHA,115063067
59centpp,116336773
59-boiled-potatoes-e,116871477
592603,117928185
5968ful,117970970
599097SA,117975611
599503KP,118043628
593114pasco,118083475
59sinfulgatorade,118345873
59spacecamp,118382585
59sl23,118662060
599774Thiago,119165879
59Make,119411161
5908ew,120509697
596087_AO,120512794
5960ao,120513424
59820,120997285
59yj,121166017
59yjry,121166467
5964312,122123303
597flowers,122247769
59559,122308142
593000843,122474180
593000566,122475231
590--,122518441
5987Anna,123417614
5989sina,123613908
593sk1,124165925
594M1887,124317691
593000395,124470700
59785,124512769
59494,124825705
59enderclone,125100055
5976171,125272037
59BURAKKU,125303602
59endermen_2,126038655
599898,126096003
5976992,126154039
5912t41g,127629080
595882JS,127770238
59000username,127774308
598765,128792528
59-SUPER-59,128927538
594338,129075972
59gl2032,129877597
5991100,130193077
5987532,130526305
596bcs17,130556105
59464509,131408892
598766,132572395
598764,132716669
598767,132716702
5987654,132716813
598763,132716989
598762,132717295
598761,132717414
598760,132717538
598768,132717616
598769,132717666
598770,132722197
598759,132726871
598758,132726947
5951bogota,132820428
5950neiva,132830377
5900-testing,133295235
598781,133850888
593char,133891244
598782,133912519
598780,133912538
598783,133912642
598779,133937655
598777,133937935
598789,133938357
598765return,133945689
5992sevilla,134083287
598781-alt,134100207
59876543,134516555
594666haha,135657898
5905049,136260392
5924scratch101,137199478
5942ella,137286020
592demirhan,138123781
5910ccb,138337380
59-Toons,139280106
59747Indie,139702569
5964592,140175366
595501,141177879
596437Markos,141219932
