999,10933
994,17223
99999999999999999999,42724
99Mania,43727
999999999,59875
99srb,72472
9999,78100
998,79820
99lc2b,93964
990monkey,96565
99999,99209
9903048,102812
999999,122399
9999999,137611
995,167427
99z,203903
990,222873
9999999999,234496
99Nascar,250084
9975,261764
996,279744
999999999999,291576
990927,295389
997,313413
9996174,321607
999zaqw,332301
994184,373105
994206,373111
994160,373112
994216,373121
994270,374968
994035,375162
994028,375164
994069,375214
994024,375218
998iuy,377922
993071,384724
994095,391045
994025,391052
99syd99,391407
99hazza,402696
99k,417135
991112,426030
99joe99,433085
9926999,457723
99lek,473333
9979,480039
9990mimi,480958
995845,508598
99andreslopez,515059
99frufru,532150
993,555673
99creepy,578128
99meme,581903
9983,587181
99tfiedosiuk,608888
99636,622324
99Scratcher,625359
996104,626388
996118,626392
999408,638802
999172,639818
999049,639819
996226,643632
996212,643634
999meme,654321
999316,655299
994223,655305
999060,655308
999326,655309
999222,655509
999373,655515
99NeoN99,687082
99nbelton99,703476
99barbar,711697
990hudlipe,715116
99253e44,721850
9998877,731077
99loolil,750243
99deathrow99,752673
9906134,756502
999ruth999,779816
999police,782952
99311102,815910
99jared,827788
99me,840629
99mb99,844216
999frizfraz990,862409
9965,896614
99_percent_insane,897707
991,928415
9957706,934117
9957535,934118
9958707,934126
9902817,934127
9922216,934130
99999999,934921
9953316,945521
998877665544332211,946247
9900117,948023
99v84746,990953
99swirls,1007827
999043,1048564
994135,1048565
999107,1048971
999441,1048975
999080,1049489
999461,1049492
994274,1049495
999226,1049500
999140,1049504
995588,1051187
999209,1054190
999339,1056378
997496459,1062614
99028279,1064855
99887766,1067039
9911133,1095095
9999999g,1102557
999888777,1104916
9999999994444,1124782
999990,1139642
99fhenwood,1147206
991905305,1153867
9999MORGAN9999,1155959
99mayank99,1175821
99Azriel,1177041
9955speedy,1178278
99klexie,1190681
999-dragon,1206131
995450,1224547
999996,1240125
990067,1277003
99999james,1299139
99greenboy,1430069
990347G,1447630
99lmoran,1472950
99dhoyle,1472957
99dssande,1472958
99rperre,1472959
99Adean,1479414
99irao,1479415
99mmikha,1479435
9955813,1780111
99979501,1874007
9958764,1875585
9958930,1875947
9960947,1875948
9959832,1875959
99kaktuszka,1928144
999028633,1934985
99gamermacker,1944284
999Dragon,1963093
9916310,1965376
9987,1977461
99usefultime,1993790
99FRANEK99,2031190
9994,2046528
9969,2047005
9918817,2060809
999yarden,2085178
9999sa9999,2100455
995905,2156260
99999999ZOMBIES,2177419
999555111333,2200086
99nintendods,2206418
99lsw,2211619
993223183,2248565
994960659,2248677
9931,2284741
99amham,2311641
99769932,2367804
999999999999999,2415225
99power,2417040
9963,2430717
99scratch99,2464079
99cepjones,2471383
99Jello99,2483715
99willcoxtr,2491023
99jonny99,2529666
9972,2563262
99miles99,2570647
9999dakota,2580065
9988553491,2591445
99040718,2592304
99771,2618668
99guspuppet,2621286
993026,2625494
9906532,2686701
99salomes,2699333
9928667308,2711750
99martin99,2718313
99Kyle99,2719674
9944jason0,2738070
99134548,2740490
9924197,2759636
99wl11,2765245
99mb11,2765255
99eh13,2765259
99fn11,2765279
999933332222,2768097
99fg11,2775164
99hs11,2775168
99mm11,2775169
99mp11,2775170
99ku11,2775171
99lf11,2775175
99mt11,2775177
99ah12,2775178
99fa11,2775182
99mj11,2775184
99ea11,2775185
99ja11,2775186
99op12,2775189
99el11,2787479
9999oliver,2789007
99ac11,2789081
99jp12,2789090
99zm11,2789094
99jc11,2789096
99aa11,2789100
99ls13,2789104
99jb12,2789105
99fs11,2789112
99cp13,2789115
99pc11,2789117
99cq11,2789121
99ef11,2789179
9990,2794469
99ah13,2795874
9955166588,2798834
99jr11,2809199
99njuaristi,2814501
99pelle99,2820775
99Gpizarro,2832022
99jmancisidor,2838637
99pinkie,2843620
991204jl,2843745
992891700,2846821
999000,2850482
99999999999,2867767
99eiraola,2868042
99isaac,2869415
99939,2910207
9945,2914243
996595047123,2920065
9989,2936235
99cody,2942171
996821,2967709
9911zak,2982525
9911zak55,2988742
997R8V10,2990555
992193,3028167
99penelope99,3039715
99936087,3053829
99pranay,3055320
998479,3063395
99543745,3067026
99King,3081746
999047131,3084392
99t9,3091327
991814,3091506
999897582,3101905
99678795,3104159
99lines,3113686
99563902,3118767
99lamppost,3134881
996198,3136657
996037,3136797
996403,3136810
996184,3136836
999593,3136856
994565,3137028
990369,3138579
994249,3138588
994387,3138607
996530,3138848
994275,3139415
990633,3139440
9999destroyers,3147438
9958836,3150780
9956253,3150788
9955164,3150789
9958869,3150792
9955830,3150809
9958766,3150813
9955200,3150833
9957015,3158018
9955614,3158036
9956427,3158052
9955469,3158055
9960366,3158056
9957435,3158057
9959866,3158069
9961169,3158126
9960522,3158991
99675539,3178828
99tbone99,3184766
9959344,3189337
99mascan00827,3195123
9956432,3201938
9956366,3208484
9958185,3208499
9955172,3208511
9955265,3208621
99jialin57643,3208684
9955445,3209068
9955219,3210473
9957640,3210542
9955289,3210560
9959925,3210569
9958246,3210590
9958182,3212184
998621,3212923
9905016,3215960
9959397,3216447
996658771,3217047
99003,3217944
9958801,3218390
9958139,3218448
9956489,3218751
9955143,3218781
9956443,3218904
9958076,3218914
9960572,3220096
9959200,3220108
9958955,3221821
9955147,3221851
9958808,3221865
9956191,3222354
9957570,3238710
999038939,3244112
999038865,3245400
99439,3247767
99280,3247778
99192,3247781
99400,3247782
999hippo,3256833
992288,3257078
9998,3261274
99percent,3270813
999666,3323412
9974,3349142
99nicolg,3380064
99hiuy,3380076
99rosins,3380120
99jessie,3380134
99jessicr,3380135
99suzanc,3380729
99james9,3410121
99charlr,3423559
991014,3449142
999animations,3459755
9999999999999999999,3461408
99laurac,3467337
99633002,3487338
999076epicface,3516067
99scrachfan,3528796
993340361,3537911
99Hockey,3539343
999a,3562294
99collin99,3578790
994810538,3581679
99cliffordm,3587008
99827,3591381
99problems,3592562
9993,3614155
9977,3661320
9949869586,3662228
99scratchmaster99,3674816
99876,3684876
9959,3757286
9999999999999,3789711
993401,3809761
99egoni,3866057
99agrijalba,3872249
995850,3946043
995fym,3967280
99135,3992118
99681549,4006269
99740333,4006271
994212,4084790
995908,4165921
999ems,4187196
9973,4205216
990142,4228830
990265,4437333
994116,4437346
999888777666555444,4447038
99999999999999999,4505270
990248,4510866
9960339,4546273
9999900000,4562030
99006907,4580351
996859,4642052
99caleb99,4650185
99elle-,4662768
999the_dude,4678510
99_RedBalloons,4695795
99speedybird,4727758
996303,4731711
9955,4740947
9976,4760101
995541954,4780294
999jj,4790467
9991,4873822
99a99,4907024
999heroes,4907780
999lwek,4963770
999Sirolf999,5028458
99efecan99,5232554
99kate,5234768
9964,5275504
990580,5276476
992153,5276544
99damien,5359496
993649,5409472
9932,5468656
99714417,5631382
9960537,5681398
99munozmm,5824410
99godesfc,5826336
9923,5889402
99b9,5948794
99johhyn,6015136
990093,6039060
99alexis,6090742
9966,6168172
992547,6184700
9959576,6533254
9962,6593462
99alexis99,6659600
99Will03,6709372
99zombieboyz99,6761666
99226,6776162
9960288,6846540
99liv99,6863362
9999999999999991,6887152
99083tinny,6958294
997555,6964226
99006699,6998944
99749782,7050754
99nightsatFreddys,7196988
99738,7285766
994175,7297560
990000274,7412872
992735,7594330
999MINER999,7648152
99_jor_lopez_g,7811218
99303783,7893098
9999999998,8009028
999003196,8072418
995491,8445156
99999-,8577950
99j,8625168
990002,8710684
9984680,8820328
993583,9311418
9967,9336342
99eminy,9363912
999R17eyG91m999,9379216
998mti998,9555956
99999765,9587968
99Marshmellow,9677262
991510L,9746924
991509,9746930
99308,9753460
99004,10041376
99pinkpop,10171644
999al,10251514
992,10263232
99c,10423646
99cents99,10613814
99pbell,10754602
99CupCake,10810764
99teacup,10810790
998mine,10883488
99harkness99,11033514
9983658j,11073848
9960,11127576
9978,11139692
9989080407,11241046
99qjadbs,11345184
99034250,11499132
99034024,11499328
99034991,11501776
99033508,11501936
997kuopoty,11637606
990262,11659698
99alejandrob,11721054
99brownbear99,11756698
99chipmunk99,11757112
99033610,11915472
991178,11921456
999Angel_Hunk999,12120558
9925001,12470306
99471kg,12512526
999SopH99910A,12548702
99887766554433221,12864854
99000360309,12920006
99p,12968952
999kol000,13042050
999636,13156670
99Gameknight,13228206
99ss99,13277541
999LEWIS,13283287
9993953,13531149
99PIES,13694613
9970,13738959
99978,13760060
99rrivera,13801136
99jackda,13818977
994979136,13894890
999Pablo999,13916585
99580695,13932184
999072,14028667
999Jack999,14181043
99900090,14205562
99metoo,14222703
99cleverstreet,14445834
99034229,14470565
99034434,14470625
99033067,14474086
99033319,14474110
99030713,14474113
99032447,14474143
99033849,14474195
99034408,14476897
99034990,14476925
99s,14485981
99999977777,14554622
9988576,14558597
9987555,14559886
9988558,14559937
9987176_,14615618
99275philip,14623818
99910000,14638779
99_Owls,14663030
991erd16,14674198
9960853,14774236
9960500,14774266
99990,14776312
999121,14796333
99ogeiD,14810163
9955993,14829624
9955980,14830840
9956928,14841448
9956512,14841519
9955976,14841616
9958129,14846250
9956027,14879829
999ra,14922377
99a,14923560
997312,14992936
99liam,15022521
99547,15152911
99l,15470853
99o,15570203
99red99,15576402
99_,15618099
99991,15770388
99992,15770413
9983047,15859274
99sans,15936695
99puppy,16003237
99035623,16012029
99031491,16012045
99034363,16012046
999999999_Messages,16053146
99lapega,16072413
9960910,16334567
9920072190,16339666
9997878,16383447
999fantom999,16406664
9902931a,16439291
999zombies,16471304
99733159,16540392
999Mason999,16542448
99roman,16544180
99w,16563209
9910799g,16591141
999873465,16613719
998819,16615282
9958712,16630793
999999999000000000,16637150
99019333,16639038
999999999Rises,16687891
99deed,16736987
99_Josef,16751319
999_zit_Face,16991060
9932906460,17105778
99-,17123247
99LockeRock,17252342
99seconds,17399047
99734072,17425269
99blocks99,17594113
999blahblah3,17600347
99Cats,17614924
99390747,17634323
992332,17661349
99_scratch,17674747
990192,17807762
99manglefuntime,17893570
99033655,17927973
99036425,17930565
99034284,17930610
99103,17945717
998234,18023263
998600,18024252
998160,18028839
999082,18028899
998148,18029938
999713,18029958
99strikeman,18077527
999hengray,18116445
996koetan,18116612
99779jms,18132532
998116,18171078
998599,18171092
999999z,18189454
99033100,18194756
9985402,18211854
9991aa,18226869
999979025,18270608
99037860,18279293
99038255,18280550
99039931,18280551
99031305,18280552
99040383,18280553
99030958,18280554
99038302,18280568
99031194,18280570
99033197,18280573
99037946,18280575
99031485,18280576
99031034,18280577
99038069,18280578
99034805,18280579
99034682,18280580
99037928,18280581
99030888,18280582
99031526,18280585
99038183,18280586
99037217,18280589
99038288,18280638
990383022,18306310
99lotsoffun99,18316309
9940cvusd,18331952
99Harmonious,18374331
9966cvusd,18422882
9963cvusd,18439024
9979CVUSD,18439809
99carlos99,18448922
99202,18455654
99227,18455699
99201,18455723
9936cvusd,18463618
9978cvusd,18516371
9948,18530460
9960CVUSD,18595919
9913p,18597221
9914p,18597275
99X,18610357
9982CVUSD,18668040
9955CVUSD,18823568
99788366,18866574
99724890et,18872464
9999nono,18962035
9911168,19019795
9911186,19048706
9911205,19048732
9911037,19048735
9911232,19048737
9911184,19048752
9911166,19048756
99111869,19048763
9911012,19048774
9911097,19048780
997035,19076012
99003686,19084766
99004315,19084771
9980310,19106249
99mmeyer99,19136411
99mama123,19143855
9952719191,19152640
9985135911,19201746
9947919269,19202628
99744732,19238631
999816,19291027
99031964,19297537
99040104,19299446
99032381,19299448
99032287,19299494
99033877,19299497
99032088,19299502
99032370,19299591
99038885,19299637
999522,19313428
9942657754,19318251
999838,19342813
998282,19370975
99038910,19402724
997141,19450832
99970,19505017
99036361,19550408
99_apple_99,19569373
99thking,19590778
99213382,19608189
9954799,19608443
994801408,19669877
994806974,19669878
994801378,19669879
994801498,19669880
994804048,19669881
994806808,19669882
994815813,19669883
994802472,19669884
994801791,19669885
994800999,19669886
994807245,19669887
994801432,19669888
994801352,19669889
994801827,19669891
994801377,19669892
994804759,19669893
994801321,19669896
994801654,19669897
994801830,19669898
99superman,19672757
99zeke,19685476
99smia99,19697141
9961499,19698830
9963699,19698833
9962399,19698846
990man,19791290
9989stuff,19876186
999xyz9127,19973190
999999999999900,19978491
994803606,19981845
994803437,19981923
99woodkok99,19990762
99028522_2020,20006933
997268491232,20015923
99768070,20015938
99715741,20015991
99778320,20016023
99714933,20016026
999309,20095635
99x9929,20098817
99777836,20207077
99g,20546355
99cents_MAPs,20633342
99743616,20651763
99cents_RPs,20676489
999mosh,20689957
9960796,20704311
9963213,20707861
9960661,20707868
9960084,20707928
9959275,20708157
9960801,20708873
9963100,20709359
9961958,20709392
9960291,20714303
9962436,20714418
9963096,20714424
9962564,20714472
9962714,20714537
9960628,20737063
9960719,20737081
9962619mis,20738626
9962714mis,20739049
9960210,20739113
9962620,20739116
9962620mis,20739144
9962436MIS,20739152
9963158,20739370
9963098,20746175
9960162,20747831
9962683,20748027
9960086,20748051
9960636,20748072
9961072,20748245
9959280,20748284
9961957,20748299
993654cm,20748330
998005,20748422
99325d51,20751452
99354d51,20751462
99344d51,20751469
99198d51,20751478
99129d51,20751492
99356d51,20751495
99044d51,20751570
9960144mis,20753910
9960144MISRC,20753947
9962747,20801081
9960210mis,20801107
9960518,20801576
9960665,20809442
9960184,20809524
9960678,20809642
9963216,20810577
9977AustinL,20828546
9960093,20831861
9960284,20837527
9962436M,20837603
9960284mis,20837764
99jaguarclaw,20839015
99779113,20842045
99744639,20842049
99x99x66x66,20844910
99pro,20848402
994804006,20891752
999games,20897576
99f70bac,20920759
99x99x66x66_BACKUP,20937124
998876,20939252
990016249,20955195
990017948,20955274
990013279,20955428
99033639,20956209
99036877,20956422
99036902,20961391
99036347,20962037
99031489,20964729
9960268,20981475
9959367,20981513
9962541,20981545
990016254,20982325
994803341,21033998
99goonsqvad,21035798
995619,21038397
9963152,21084799
9962639,21084869
99goonsqvvvad,21120164
9963210MIS,21138210
999009,21163213
992728,21179356
990014633,21193287
9960594,21193307
9962436MI,21210331
9961,21222573
9922buffalo,21343584
9981797898u,21345101
997631,21368498
991564,21369217
99734724,21407380
99763855,21407395
99747164,21407410
99746755,21407418
99746750,21407430
99775898,21407445
99745840,21407448
99743845,21407450
99747002,21407467
99744774,21407499
99744659,21407595
99747311,21407596
999999matty,21420071
99persentboss,21440654
99dashie,21465461
99761945,21470663
99912356,21498197
9962436Mk,21536172
99746683,21538063
99728685,21538542
999003336,21602647
995Yusuf,21611585
996sila,21614736
9962436Mck,21624631
99m,21652219
99995,21664015
9962436_MIS,21684151
9960780,21712314
99742403l,21769129
997applepen,21770388
993082S,21787744
9999999unicorns,21816829
9999999778,21825649
9999999999999999lb,21942644
994800269,21971783
99867,21983283
99887766lollol,21984331
999uyi,22011122
994801460,22012082
994802524,22018523
99Computer99,22044671
99996,22120768
99sneaky45,22169654
9999un,22175075
99sneaky12,22197480
9999-9999,22216432
99770341,22226071
99743121,22229947
999987654321,22246184
994800929,22246733
9932316318leah,22257504
99sneaky13,22283705
99CoolGuy99,22335957
99712305,22391254
99760300,22392839
99176,22395298
994037,22426838
99418,22426852
99487,22426869
99685,22426934
99709,22426952
99717,22426984
99720,22427000
99721,22427012
99726,22427022
99727,22427050
99731jt,22427073
99833,22427087
99894,22427103
99968,22427112
99993,22427122
99994md,22427133
99244552,22452280
99743731,22494296
99784887,22494299
99736010,22494305
99749199,22494307
99744444,22494308
99795403,22494309
99744928,22494310
99769908,22494311
99745846,22494312
99745742,22494313
99758279,22494314
99745749,22494315
99767225,22494326
99743443,22494328
99746643,22494329
99746677,22494331
99743497,22494335
99746817,22494336
99745848,22494338
99777583,22494348
99744078,22494352
99746818,22494355
99744775,22494356
99725333,22494373
99746687,22504600
99704165,22504601
99675685,22504602
99701547,22504603
99676239,22504604
99710895,22504605
99742015,22504606
99706880,22504607
99692905,22504608
99695238,22504609
99727143,22504610
99667803,22504611
99667842,22504612
99733214,22504613
99670969,22504614
99739187,22504615
99685909,22504616
99760683,22504617
99686322,22504618
99690396,22504619
99766697,22504620
99747639,22504621
99681449,22504622
99691452,22504623
99677251,22504624
99766339,22504625
99666782,22504626
99666778,22504627
99682527,22504628
99690464,22504629
99745787,22504630
99678789,22504631
99690737,22504633
99769044,22504634
99760471,22504635
99744084,22562402
998711,22738930
9929726,22827602
99039143_NW,22831823
9999013,22832761
99032319,22883288
99750169,22967062
99lostlittlesoul99,23009032
99noa,23032877
99i,23186579
994623,23254442
994812757,23304104
994803292,23312053
99Hazar,23321990
99will,23327179
9968,23868843
99019336,23905820
99029982,23906035
99029069,23935508
99015081,23935690
99016736,23935698
99028489,23935731
99028186,23935755
99027607,23935859
99018416,23935864
99028997,23935888
99040330,23935925
99029268,23935963
99035082,23935966
99018432,23935995
99040470,23936052
9929268,23978323
99028881,23978327
99027628,23978953
99028230,24011901
99029541,24012755
99Jeffs,24018784
9958599,24033574
99028589,24136571
99747461cool,24144227
99f,24198195
994811537,24257871
994801256s,24257969
994810568,24261527
994800152,24261563
994802452,24261571
994815898,24261584
994816215,24261598
994812152,24265909
994806520,24265911
994801100,24265932
994806187,24265936
994809475s,24265957
994805566,24265970
994816393,24265974
994801986,24265978
994816362,24266032
994801468,24266106
994800293,24266175
994816596,24284540
994801086nsd,24288463
994801357,24288465
994816362nsd,24306891
99999Damage,24313202
99344343434343,24349447
994816647,24353445
994804219,24354835
998244,24358550
994804179,24359647
994803613,24359648
994808510,24359649
994803912,24359650
994803702,24359651
994803615,24359652
994807291,24359653
994809092,24359654
994804248,24359655
994803258,24359656
994803611,24359657
994802745,24359658
994804071,24359659
994803735,24359661
994803457,24359662
994804209,24359663
994802168,24359664
994805256,24359665
994815568,24359668
994816456,24359686
994801016scratch,24360993
994816477,24380388
994803633,24380456
99cuddles,24484293
99an,24548261
99r,24574983
99hockeyman,24611691
999Goat,24636057
99chin,24656336
999999hacker,24659274
994545,24720496
99997,24758342
99008899Krzysiek,24803639
999narutoleaf,24826398
999emergency,24854560
993jeff,24915994
999999-999999,24939087
99046054,25083925
99044540Sanjith,25099896
99sunset,25144416
9999ali,25146109
99044667,25181324
99042650,25184133
99042706,25184143
99991234,25267280
9933949829,25300305
99Ninetynine,25349185
999101,25374889
99645,25382356
99395,25382376
99Johnny,25397665
9942365621,25416389
99keke,25420393
999weirdo,25432551
99105,25453638
990663,25487452
9999Jy,25613792
999344,25613844
993359,25614268
99504,25639037
994480,25639946
999666787,25656431
999P,25722615
9961448,25729093
999berrysans867,25740032
9959806,25748630
999225,25783723
999225an,25783909
999-999-9999,25791347
99redtiger,25809626
99redcat,25809832
993956heidi,25875284
99purplehorse,25923223
99nickn,26028428
99798432,26075113
99735560,26076961
99supercool,26080754
99734966,26130363
99766853,26166608
99739505,26166690
99733995,26198120
9967411872,26211663
99_PercentAwesome,26214497
99schoolstudent99,26310319
99110000,26326157
99130000,26326158
99120000,26326159
9972767256,26336609
99746334,26379877
99walsh,26407913
995740,26434305
992851qaz,26439177
9959538,26440498
99189sch,26457598
9969252755,26477416
99smile99,26541290
999444888999,26556753
99smile98,26608912
9999owen0000,26642118
9963585,26643937
999999hh,26653092
999samu,26664821
994801199,26689222
994808314,26689328
994818160,26689345
994801677,26689347
994801555,26689352
994807131,26689357
994801193,26689358
994801455,26689371
994801392,26689378
994801513,26689383
994801451,26689402
994812616,26689436
994801104,26689454
994805275,26689517
99480927,26696087
994801605,26696098
994800921nsd,26696102
994800961,26696119
994800922,26696141
994801319,26696142
994802031,26696145
994802301,26696152
994802265,26696154
994803870,26696155
994804466,26696167
994801032,26696169
994803365,26696194
994800657,26696198
994800648,26696220
994801869,26729950
994804617,26729975
994800927,26730016
994816609,26730424
994810869,26731390
9948126666,26739084
994816421,26739095
9993339,26750076
994816609nsd,26764125
994801938,26764203
994801472,26772364
994801256n,26772419
99antman99,26774779
994801449nsd,26803622
990nerbath,26829942
99736REY,26834853
99greenstars,26836095
9941658722,26838430
99062hub,26838580
994801506,26917053
99Yona,26925238
999powergamer,26928602
997cs,26929931
999989999,26951394
994818809,26974395
9919gg,27046313
994801995,27067782
999566,27086285
999snowball,27163245
999fireball,27163467
991122,27202096
998507,27208010
99850,27211311
998464,27283898
99664433,27308123
9989toadstool,27365276
9999EMIL9999,27395079
999in,27413751
9961381,27430916
99_Kul_Kittens,27432920
999jsy,27440998
99reasons,27470438
99moyashi,27481667
99tiger,27531884
999yh,27671194
9999999999990,27730230
994806050,27748087
9948060501,27748230
994805691,27748264
994802802,27748295
994812603,27748320
994818209,27748351
994808166,27748374
994801839,27748401
994805557,27748439
994806351,27748462
994805670,27748488
994805713,27748528
994801742,27748554
994816480,27748614
9948028021,27748685
994806382,27748728
994802267,27749095
994805712,27749242
994802799,27749291
994803474,27775441
994804345,27775468
994804450,27775498
994803020,27775522
994801298,27775568
994803727,27775601
994803522,27775645
994803418,27775737
994806364,27775762
994806143,27775796
994806181,27775820
994803420,27775849
994802642,27775891
994803403,27775940
994803858,27775989
994810690,27776020
994817066,27776051
994803910,27776122
994803712,27776168
994800471,27788450
994800448,27788483
994803494,27788551
994803675,27788631
994800646,27788666
994803765,27788711
994804328,27788750
994803900,27788808
994803335,27788840
994803540,27788879
994805804,27788929
994816335,27788950
994804480,27789009
994803327,27789049
994803787,27789089
994806521,27789862
9948081661,27790834
9948805050,27790870
999496,27796675
99logan5,27824237
99797740,27834587
99n,27849204
99line,27872642
999burak,27916617
9921043,27966872
999ali,27982444
994803362,27994560
994814709,27994619
994802350,27994621
994803242,27994633
994809580,27994673
994804902,27994674
994809744,27994679
994808618,27994694
994801406,27994744
994803240,27994770
994801161,27994796
994801054nsd,27994813
994801357nsd,27994828
994802368,27994832
994801529,27994835
994801058,27994836
994801273,27994838
994801968,27994874
994800647nsd,28009968
994806731,28009971
994812757nsd,28009973
994801031,28009975
994814784,28009976
994803705nsd,28009979
994804731,28009980
994804113nsd,28009988
994803461nsd,28009998
994801672nsd,28010002
994803535nsd,28010019
994803318nsd,28010052
994805030nsd,28010053
994804077,28010058
994803306,28010059
994805539nsd,28010060
994803819,28010061
994801031nsd,28010065
994803456nsd,28010095
994805743nsd,28010102
994800849nsd,28010103
994817277,28010706
994801024,28014258
994801740,28014281
994811537nsd,28014287
994808761,28014294
994802688,28014304
994814446,28014305
994801017,28014332
994800944,28014336
994804997,28014351
994800995,28014360
994801188,28014365
994806533,28014366
994801102nsd,28014379
994810622nsd,28014380
994800938,28014389
994801262nsd,28014391
994801671,28014420
994808505,28014428
994801642,28014432
994801192,28021733
99best7733,28032024
99stoliversns,28038578
994816685,28044616
994801194,28056421
994818518,28056450
994803872nsd,28057007
994801534,28057029
9920995,28079467
997cs7,28081103
994810953,28108705
994803554,28111589
9910as,28143607
999719,28157585
999zesu,28161536
999718,28169526
994816685nsd,28174491
99677258,28181333
994817389,28240323
994803366nsd,28277086
99watt,28305555
999012661,28325339
999sss,28378949
999ssss,28379132
99centcupcakes,28648502
99712121,28649051
99764657,28649254
99761780,28649257
99756691,28649266
99762290,28649267
99802789,28649271
99762921,28649273
99803718,28649275
99762597,28649277
99762520,28649280
99756019,28649283
99763424,28649284
99763810,28649287
99761826,28649288
99762948,28649291
99780838,28649296
99763436,28649299
99758253,28649304
99777729,28649310
99763799,28649311
99761796,28649321
99762248,28649340
99763301,28649341
99759887,28649371
99757676,28649415
99antoine99,28651257
99803777,28653207
99763336,28653217
99763437,28653225
99752847a,28653230
99761737,28653238
99761426,28653243
99756586,28653244
99801464,28653246
99740596a,28653252
99788677,28653253
99763836,28653254
99761840,28653255
99762518,28653258
99763792,28653264
99753879a,28653265
99752550a,28653268
99753880a,28653278
99751914ab,28653281
99751939a,28653290
99761740a,28653305
99753179a,28653312
99761985,28653321
9975687b,28653325
99777603b,28653333
99750494A,28653340
99763828a,28653355
99762047,28653361
99761985a,28653367
99763836a,28653806
99763792a,28656122
99758163a,28673592
99755433a,28673594
99753536,28673595
99743706a,28673597
99779113a,28673598
99754657a,28673599
99751866a,28673600
99751975a,28673601
99748587a,28673608
99753868a,28673610
99752074a,28673611
99753319a,28673614
99753751A,28673615
99752734a,28673617
99781558a,28673618
99744639a,28673619
99753425a,28673624
99777747a,28673625
99741064b,28673629
99758812b,28673638
99752241a,28673675
99758468a,28673751
99753576a,28674997
99777540a,28674999
99753894a,28675000
99753881b,28675001
99753873a,28675002
99742676b,28675003
99780400a,28675004
99774030a,28675005
99753971a,28675007
99797267a,28675010
99752630a,28675012
99752736a,28675013
99753667a,28675014
99752803,28675020
99753738kb,28675021
99758387a,28675023
99745407a,28675024
99752593a,28675312
99763181a,28675315
99753037b,28675318
99785444,28675320
99752045z,28675342
9961774744,28688903
99753179aw,28692178
99761743,28693113
99762757,28693114
99771225,28693618
99784495,28693619
99762265,28693620
99752310,28693621
99784433,28693622
99758187,28693623
99762823,28693624
99777690,28693625
99761309,28693626
99794387,28693627
99763818,28693628
99761886,28693629
99763099,28693630
99762766,28693632
99761603,28693633
99756109,28693636
99762253,28693638
99763406,28693640
99782503,28693641
99747259,28693644
99763716,28693648
99793723,28693661
99754640,28693667
99766434,28693669
99773330,28693686
99756109a,28693728
99743706b,28694887
99753751B,28695044
99743829a,28695849
99743236b,28695850
99742758a,28695853
99746203a,28695861
9974288a,28695873
99742645a,28695890
99760593a,28695896
99742287a,28695898
99801471,28695899
99735847a,28695901
99764427a,28695903
99751869a,28695906
99751835a,28695908
99752780a,28695912
99752018b,28695915
99759012,28695918
99753684a,28695919
99751995a,28695921
99746671a,28695926
99754571a,28695927
99792173a,28695931
99768020a,28695932
99743364v,28695933
99752980,28695934
99742188a,28695935
99745932b,28695938
99753049n,28695939
99744861b,28695962
99095,28793054
994889brooklyn,28832277
99753100la,28863684
99760586a,28863692
99753744b,28863700
99743465a,28863718
997530037,28863746
99743465b,28863809
99753523a,28863827
99test,28868488
999test,28868949
99649,28869008
99759735,28897395
99742473a,28902012
99756409a,28902014
994806861,29047532
99763344,29510883
99743528,29510900
99759734,29510915
99753751c,29581626
99046035,29583131
99042700,29584901
99042703,29585022
99042847,29585137
99044645,29585210
99046036,29587649
99037306,29587789
992965bisd,29677332
996765Bisd,29677358
99BKW,29687019
99774501,29749931
99h99,29756768
999lolololol,29786835
994801387,29821346
9984237,29871915
9991792,29871916
9985072,29871921
9980956,29871922
9987667,29871931
9991899,29871938
9991013,29871942
9989286,29871949
9991520,29871951
9992733,29871954
9980853,29871959
9980687,29871977
9992232,29871983
9980862,29871990
9991655,29940294
999kinia,30033042
99047502,30146647
999dabber,30166756
99RyanE99,30170678
99olive,30205863
99krusher99,30232031
99bookworm,30254260
99752600a,30321045
997719100,30626899
99eagle,30666972
99ucci,30714098
99ekdus,30808453
999cougar,30809092
999penny,30809096
999friend,30809101
999spider,30809105
999pebble,30809109
999merry,30809113
999camera,30809114
999ladybug,30809116
996953,30843581
997508,30843586
996463,30844897
999cp,30897332
9921079,31021621
99kittycat99,31024815
990218,31028974
997kapi997,31072598
9997846link,31344896
998yt,31381964
9960619sarah,31487567
9959629,31494324
999111111,31497307
999999913,31530615
99tigo99,31533553
998248,31936991
99grandpabob,31974214
99126auke,32079733
99Snowfire99,32108703
99741546,32141010
99778045,32173168
99t,32384594
999to999,32467115
99balls,32538252
999119,32581914
9966114556,32629328
9986902,32637484
991genesis,32655476
99sans99,32662163
9917537,32963112
999995hfgfrg,33365479
99blue99,33367117
99e,33387781
99781067,33463134
99best6777,33464894
99percentDragon,33569893
99o7cork,33618742
9969533,33648165
99worst,33674466
999013516,33760793
999003048,33764267
999003337,33764270
99jboy,33915473
99901,33982499
99JMS,34136344
9962259,34153042
999_police,34309141
999Unicorn,34318401
9999921,34444270
99tattooartist,34453903
999888coolman,34714877
998ipm14,34736694
99baloowd,34739600
998712,34754446
99049581,34813481
99unicorngirl99,34839134
9907hsy,34858226
990815,34858234
990528yjy,34860530
999juicewrld999,34952958
99KITTY99,34973137
99frenchie,35009784
99frenchie99,35010234
99042829,35025460
99047118,35025513
99051751,35027313
99051692,35035149
991143487,35141279
99C01,35258901
99slesmanatees,35270237
99587777,35277553
99912123434,35288422
99748071,35294592
99770033,35294598
99737466,35299050
99743843,35307378
99762943,35307386
99746951,35307439
9929413,35350651
99Alamari,35366964
99900009174,35548747
99999999998888888888,35604316
99MVP,35660053
99hgermer,35689246
99876tb74,35716352
9953375852s,35784622
9998795,35817693
999000092500,35832320
9992wwe,35838244
99755167,35847481
99745616,35847485
99770937,35848096
99772037,35848154
99760469,35848202
99745834,35848625
99738251,35848628
99746823,35848632
99798393,35848639
99747708,35848643
99745853,35848651
99768938,35848670
99755022,35848676
99754241,35848682
99777494,35848688
99753345,35848694
99748095,35848699
99776530,35848706
99754192,35848711
99793616,35848717
99756858,35848722
99753680,35848728
99747529,35848732
99777858,35848736
99kevinl,35864155
99889977,35901686
99Judgey,35926889
994858,36039980
99whittlew,36056666
99783254pd,36063274
99752809vd,36063965
99772037lb,36063970
99755167bg,36063977
99745616ac,36063982
99747529vm,36063984
99745478jo,36063989
99760469ll,36064034
99rainbowsnakes,36141666
99u,36169811
999-9,36173550
990286289,36258124
9971,36264937
99031909534,37145637
9922NRENIL,37437985
9960edictum,37544165
99771493,37593739
99763011,37593766
99757456,37593774
99771106,37593790
99794633,37593846
99761773,37593859
990627,37747839
999under,37758688
9959886778,37893430
999555aaaddd,37895556
998729,37903480
998930,37903592
999000092500fan,37973735
9999POTATOES,37981689
99753973,38012192
99754397,38012193
99754114,38012194
99747991,38012195
99753852,38012196
99756078,38012198
99797808,38012199
99752455,38012200
99745704,38012201
99761451,38012202
99753464,38012203
99753755,38012204
99753685,38012205
99734715,38012206
99753782,38012207
99746936,38012208
99757111,38012209
99800176,38012210
99798988,38012211
99747735,38012212
99785574,38012213
99800185,38012214
99738079,38012215
99799866,38012216
998728,38036245
99783064,38045851
99775597,38045852
99776493,38045854
99782803,38045857
99782491,38045858
99776189,38045859
99782585,38045860
99784487,38045861
99782665,38045863
99771749,38045864
99782593,38045868
99782536,38045869
99796361,38045870
99782487,38045872
99796715,38045873
99797876,38045874
99782210,38045876
99785052,38045877
99787574,38045878
99798136,38049156
99778347,38049157
99776278,38049159
99771771,38049160
99782490,38049161
99774888,38049163
99782604,38049164
99778840,38049165
99795386,38049167
99782272,38049168
99789408,38049171
99780860,38049172
99774969,38049173
99782548,38049174
99776751,38049177
99782012,38049178
99776173,38049179
99796696,38049180
99782108,38049181
99802916,38049182
99776634,38049183
998226,38098369
997635150,38102956
99794873,38102957
99763593,38102958
997664530,38102959
997678150,38102960
99763555,38102961
99756489,38102962
99747759,38102963
99789508,38102964
99763428,38102966
99763887,38102967
99796709,38102968
99767867,38102969
99756494,38102970
99753356,38102971
997781580,38102972
99786902,38102975
99763448,38102977
99768414,38102978
99766942,38102980
99763449,38102981
99766363,38102982
99766972,38102983
99797126,38102984
99763077,38102985
99782498,38111452
99788254,38111453
99782183,38111454
99798519,38111455
99779327,38111456
99777075,38111459
99774890,38111460
99776784,38111461
99771531,38111462
99774877,38111463
99783470,38111464
99788341,38111465
99782529,38111466
99782173,38111467
99789533,38111468
99782142,38111470
99772030,38111471
99784726,38111472
99785395,38111473
99760115,38111474
99782507,38111475
99782875,38111476
99782275,38111477
99753587,38282241
99787054,38282243
99754661,38282245
99755305,38282247
99757459,38282249
99795024,38282250
99754078,38282253
99763453,38282254
99776101,38282256
99763415,38282257
99789230,38282258
99789690,38282259
99763757,38282260
99753336,38282261
99757385,38282262
99763910,38282263
99757152,38282264
99763903,38282265
99763931,38282267
99773641,38282268
99787409,38282269
99763954,38282270
99757206,38282271
99767802,38282272
99763452,38282273
99763081,38285430
99776547,38287014
99763707,38287015
99763150,38287016
99750214,38287017
99763557,38287020
99762294,38287021
99804232,38287022
99763538,38287023
99763017,38287025
99757967,38287027
99764101,38287029
997985220,38287030
99765790,38287031
99763407,38287032
99767594,38287034
997623940,38287035
99757172,38287036
99767259,38287037
99763111,38287038
99756495,38287039
997531340,38287041
99763585,38287043
99779382,38287044
99763740,38287045
99753134,38289407
99787143,38293395
99765385,38295363
99776325,38295364
99767351,38295366
99766319,38295367
99771280,38295368
99776548,38295369
99795962,38295370
99772418,38295371
99796728,38295372
99757068,38295374
99765126,38295376
99772255,38295377
99772184,38295378
99771193,38295380
99778081,38295382
99758423,38295383
99775522,38295386
99765755,38295387
99771234,38295388
99776893,38295389
99795311,38295390
99773615,38295391
99775657,38303312
99783878,38303313
99782608,38303314
99782606,38303315
99782605,38303316
99772517,38303317
99778801,38303318
99789532,38303320
99798812,38303321
99787929,38303322
99782534,38303323
99782003,38303324
99776294,38303325
99784203,38303326
99782522,38303329
99772970,38303330
99776238,38303331
99765988,38303332
99782540,38303333
99760048,38303334
99782543,38303335
992379,38305125
99753613,38330397
99769621,38330399
99786185,38330400
99753829,38330401
99753570,38330402
99753551,38330403
99753712,38330405
99799256,38330406
99777725,38330407
99804602,38330408
99747764,38330409
99753756,38330410
99757213,38330411
99774250,38330412
99745237,38330413
99805064,38330415
99758654,38330416
99753742,38330418
99737613,38330421
99745781,38330422
99759888,38330424
99742909,38330425
99802934,38331908
99747995,38331909
99757435,38331910
99753558,38331911
99751115,38331912
997522680,38331914
99746110,38331915
99754791,38331916
99753199,38331917
99788943,38331918
99753552,38331919
99778912,38331921
99754209,38331922
99754188,38331923
997583010,38331924
99794582,38331926
99788221,38331928
99755266,38331929
99753210,38331930
99753567,38331931
99745956,38331932
99759717,38331933
99753735,38331934
99754723,38331935
99775508,38331936
99772256,38333348
99765286,38333357
99778629,38333363
99775382,38333366
99774319,38335547
99777713,38335548
99773482,38335549
99771289,38335550
99774780,38335551
99773584,38335552
99770226,38335553
99771569,38335554
99789228,38335555
99754371,38335556
99763439,38335557
99780119,38335558
99768456,38335559
99772986,38335560
99766955,38335561
99772374,38335562
99750963,38335563
99765293,38335564
99772160,38335565
99771379,38335566
99784551,38335567
99773172,38335568
99778197,38335569
99772152,38335570
99777740,38335572
99777572,38335573
99797701,38335574
9977130,38336572
99757250,38340593
99758977,38340599
99740279,38370208
99754101,38370209
99745371,38370210
99797702,38370211
99745373,38370213
99753640,38370214
99744646,38370215
99747692,38370216
99747392,38370217
99756185,38370218
99775926,38370220
99746932,38370221
99750922,38370222
99747709,38370224
99793478,38370225
99746617,38370226
99741550,38370227
99754095,38370228
99798946,38370229
99795649,38370230
99796112,38370231
99746929,38370232
99746670,38370233
99750124,38370234
99753870,38370235
99754126,38370237
99745649,38372600
99763057,38372601
99763060,38372602
99770704,38372603
99753189,38372604
99757274,38372605
99766810,38372606
99763559,38372607
99761479,38372608
99771394,38372609
99763393,38372610
99763088,38372611
99763402,38372612
99753298,38372613
99780321,38372614
99753261,38372615
99758975,38372616
99768682,38372617
99767924,38372619
99797189,38372620
99763447,38372621
99763116,38372622
99784255,38372623
99777432,38372624
997649150,38373335
99776613,38376563
99767346,38376564
99771130,38376565
99774127,38376566
99773749,38376567
99770924,38376568
99765269,38376569
99773745,38376570
99772395,38376571
99765375,38376572
99765377,38376573
99784410,38376574
99771961,38376577
99756591,38376578
99776042,38376580
99793476,38376581
99771178,38376582
99765292,38376583
99780854,38376584
99789180,38376585
99771992,38376586
99771247,38376587
99785053,38376588
99771329,38376589
99799388,38376590
99773179,38376591
998379sayreville,38378421
99771097,38379401
99780675,38379403
99775661,38379404
99783068,38379405
99764986,38379406
99774885,38379407
99783844,38379408
99777020,38379409
99782278,38379410
99782815,38379411
99784507,38379412
99782609,38379413
99787175,38379414
99786862,38379415
99784534,38379416
99782102,38379418
99782370,38379419
99781803,38379420
99766372,38379421
99785051,38379422
99776653,38379423
99771310,38379424
99649SIN,38381344
99789837,38402737
99756517,38403951
99765509,38403952
99768824,38403953
99780118,38403954
99804312,38403955
99756694,38403956
99763460,38403957
99768176,38403958
99777028,38403960
99777032,38403961
99753251,38403962
99765697,38403964
99755414,38403965
99791663,38403966
99754656,38403967
99794125,38403968
99768405,38403969
99746971,38403970
99756216,38403972
99745870,38403974
99763693,38403975
99779010,38403976
99758339,38403977
99763131,38403978
99763944,38403979
99755702,38404645
99766173,38407325
99765848,38407327
99771275,38407328
99771517,38407329
99771640,38407330
99771258,38407331
99804302,38407332
99789774,38407333
99797337,38407335
99769850,38407337
99779947,38407341
99771199,38407342
99765393,38407345
99773456,38407346
99802654,38407347
99765394,38407348
99775834,38407349
99761057,38407350
99761065,38407351
99763746,38407352
99766126,38407353
99759705,38407354
99771239,38407355
99753333,38410621
99767059,38410780
99Footballman,38413394
99pariot,38429398
9911543161w,38431922
99761035,38438450
99752747,38441168
99757042,38441450
99753612,38441455
99786559,38441460
99751377,38441461
99747867,38441463
99738153,38441465
99757297,38441466
99745998,38441467
99761001,38441468
99756400,38441470
99752451,38441471
99752516,38441485
99745951,38441490
997582818,38441493
99746875,38441516
99747409,38441518
99752818,38441581
99757527,38443489
99745510,38443637
99756004,38443644
99767052,38443652
99791650,38443653
99785640,38443654
99752898,38443656
99762055,38443659
99761389,38443660
99770836,38443662
99790442,38443664
99766716,38443665
99769839,38443668
99766698,38443673
99756612,38443687
99763812,38443700
99752925,38443715
99769839a,38443808
99619jar,38458380
99752798,38494673
99756822,38494675
99765945,38495383
99775369,38495393
99774787,38495396
99771720,38495398
99772805,38495400
99764248,38495401
99757082,38495402
99770994,38495405
99787363,38495407
99785556,38495408
99775236,38495412
99765404,38495417
99765273,38495419
99771832,38495422
99763637,38495424
99storm,38502496
99746609,38535472
99748380,38535613
997974,38535877
995539,38535927
997560780,38537474
99804425,38546672
99743844,38547561
99743819,38547577
99787781,38547709
99804430,38576466
99756149,38577949
997752204,38582593
99775204,38583738
99041243,38621352
99759134,38626915
99042024,38627368
99052486,38627399
99751223,38656404
99756833,38656406
99753281,38656407
99758679,38656408
99756712,38656409
99753996,38656410
99753809,38656411
99803247,38656412
99753703,38656413
99789775,38656414
99733394,38656415
99798859,38656417
99789692,38656418
99750446,38656419
99784550,38656420
99756189,38656422
99753883,38656423
99798406,38656424
99745947,38656425
99746056,38656426
99754162,38656427
99753865,38656428
99760519,38656429
99758763,38656430
99777894,38657148
99766086,38659518
997277,38659523
99765245,38659530
99768140,38659534
99771598,38659535
99772565,38659540
99773200,38659541
99771931,38659543
99763614,38659544
99772285,38659549
99772667,38659551
99774463,38659552
99794506,38659557
99772384,38659558
99776286,38659560
99774565,38659563
99776364,38659573
99772544,38659576
99766086a,38659627
997851331217,38659654
999845dude,38691764
9932305,38694493
99041603,38757525
99041571,38761566
99adrian,38769324
9948799,38773837
999WasHere,38816402
99redballoons,38819127
996116,38854322
996028,38891803
998496,38891815
9999588,38911575
99009379,38938510
99900010078,38958688
99900010286,38958690
99900009789,38958693
99900009927,38958695
99900010435,38958696
99900010073,38958697
99900010321,38958698
99900009781,38958702
99900010731,38958703
99900010334,38958707
99900011990,38958710
99900010370,38958713
99900010351,38958714
99900011077,38958715
99900009929,38958718
99900009813,38958720
99900009543,38958781
99900010501,38958782
99900012088,38958785
99900009194,38958787
99900009289,38958790
99900009265,38958791
99900009217,38958793
9991716,39067554
99871255,39166345
99796008,39167382
99cents,39206677
99777014,39223938
99803352,39224320
994820462,39246064
99754914,39259155
99752204,39261371
998712555,39405687
99766500,39408367
9928953635,39411225
99752285,39412804
99752960,39412805
99751706,39412809
99754534,39412811
99766828,39412812
99756990,39412814
99752498,39412820
99755087,39412843
99758236,39412845
99753061,39412846
99785257,39412847
99794595,39412848
99758518,39412850
99752159,39412854
99742316,39412869
99745827,39412884
99746758,39412900
99751751,39412903
99752422,39412913
99758583,39412926
99756919,39413003
99801277,39413021
99770461,39413094
99756202,39413221
99758169,39413358
99747481,39413459
99pariot12,39460898
99755850,39511626
99770217,39511630
99790547,39511633
99757375,39511634
99768386,39511635
99747911,39511637
99763994,39511638
99760162,39511640
99764062,39511644
99764820,39511645
99776780,39511648
99789845,39511649
99767934,39511651
99752520,39511652
99752178,39511654
99757606,39511659
99775149,39511661
99766039,39511662
99763773,39511663
99764142,39511664
99763794,39511665
99752928,39511678
99752444,39511770
99800255,39521095
99791271,39521096
99791304,39521097
99796923,39521106
9922002,39558373
9922003,39559052
9922004,39560382
99770685,39651289
99781190,39651342
99783633,39651403
99745810,39654548
9977test,39692063
99766519,39693515
99774916,39693857
99760573a,39693858
99761661,39693859
99756589,39693860
99766362,39693861
99762212,39693862
9922118,39702335
99765822,39731508
994815764,39795840
994801655,39795889
994807772,39795890
994813126nsd,39795891
994803341nsd,39795911
994810902nsd,39795918
994814538nsd,39795919
994818671s,39796477
994805922nsd,39803037
994804929,39803044
994803102nsd,39803056
994806262,39803058
994803462nsd,39803059
994820352,39803070
994803359nsd,39803075
994803501nsd,39803079
994805743,39803086
994818331nsd,39803111
994820153,39803119
994803621nsd,39803122
994800910nsd,39803128
994803422,39803157
994800640nsd,39803159
99798206,39804466
994814538,39842016
994804871,39843495
994800695nsd,39848820
994808404NSD,39850481
994803414nsd,39850614
994803842,39882910
994803264nsd,39883376
99754977,39887458
99754836,39887459
99754383,39887460
99753362,39887462
99754854,39887465
99754011,39887466
99754844,39887467
99754385,39887468
99746052,39887469
99754976,39887471
99754379,39887472
99744256,39887473
99754347,39887474
99753927,39887476
99754342,39887478
99754880,39887481
99754368,39887482
99754865,39887484
99753923,39887485
99747410,39887487
99754992,39887488
99735894,39887490
99764802,39887491
99755084,39887493
99755080,39887507
994803899,39893402
994815041,39893922
994803568,39916611
994803568nsd,39941617
994818923S,39947490
994814016,39947589
9940730,40025974
9993b,40080012
99756180,40092930
99769012,40093021
99747707,40093023
99747119,40093027
99752203,40093028
99755062,40093029
99751913,40093030
99747123,40093031
99752663,40093032
99797280,40093033
99745824,40093034
99753510,40093036
99752910,40093041
99745615,40093042
99797282,40093043
99757598,40093044
99752406,40093047
99747829,40093048
99752173,40093049
99747836,40093053
99752168,40093057
99752790,40093062
99778304,40093067
99752623,40093076
994805525nsd,40117443
9953561,40129333
9954778,40129346
9904473,40129347
9953342,40129355
9950571,40129360
9952901,40129421
9905052,40129427
9954090,40129440
999Josh666,40145433
99horse99,40166295
99753520,40175714
99757804,40175722
99764304,40176878
99735210-2019,40212739
99755433-2019,40213381
99753536-2019,40213426
99762123-2019,40213442
99751939-2019,40213449
99753576-2019,40213454
99752241-2019,40213460
9975344-2019,40213462
99753410-2019,40213478
99751914-2019,40213549
99752736-2019,40213557
99754657-2019,40213562
99735847-2019,40213575
99753667-2019,40213663
99752803-2019,40213664
99742676-2019,40213671
99753319-2019,40213710
99797267-2019,40213760
99743706-2019,40213771
99760586-2019,40213839
99753037-2019,40213892
99744639-2019a,40213971
99769032,40215695
99753684-2019,40217503
99751995-2019,40217510
99753751-2019,40217539
99753049-2019,40217541
99753971-2019,40217575
99752980-2019,40217585
99756409-2019,40217587
99777540-2019,40217589
99742473-2019,40217601
99750494-2019,40217603
99753868-2019,40217608
99753192-2019,40217619
99779113-2019,40217623
99752630-2019,40217645
99777603-2019,40217646
99754571-2019,40217649
99752593-2019,40217663
99792173-2019,40217681
99752847-2019,40217700
99753879-2019,40217701
99751869-2019,40217714
99751835-2019,40217751
99741064-2019,40217761
99743465-2019,40217778
99753179-2019,40217779
997538790-2019,40217785
99763828-2019,40217822
99765178,40217980
99752156,40217981
99764074,40217982
99768560,40217983
99762190a,40217985
99763528,40217986
99754222,40217988
99752511,40217997
99765196,40217999
99751918,40218002
99767573,40218009
99773195,40218027
99756711,40218035
99768649,40218039
9999000000000,40220178
99756881,40223417
99751865-2019,40224183
99777747-2019,40224199
99753873-2019,40224270
99780400-2019,40224293
99745407-2019,40224328
99753425-2019,40224337
99753894-2019,40224441
99753100-2019,40224445
99774030-2019,40224489
99758163-2019,40224544
99758387-2019,40224548
99753881-2019,40224567
99763181-2019,40224572
99752780-2019,40224668
99752074-2019,40224748
99758468-2019,40224754
99752600-2019,40224795
99740596-2019,40224870
99751975-2019,40232567
99752310-2019,40260180
99763437-2019,40260200
99801464-2019,40260248
99764657-2019,40260251
99762290-2019,40260256
99784433-2019,40260258
99763344-2019,40260259
99756586-2019,40260266
99762520-2019,40260271
99771225-2019,40260340
99764959-2019,40260341
99762921-2019,40260358
99763301-2019,40260446
99763799-2019,40260461
99747807-2019,40260465
99758187-2019,40260483
99777729-2019,40260537
99761826-2008,40260544
99761840-2019,40260554
99757999-2019,40260558
99766434-2019,40260619
9976257-2019,40260655
99762248-2019,40260672
99762766-2019,40260680
99754640-2019,40260747
99762063-2019,40263617
99761737-2019,40263702
99761743-2019,40263721
99761603-2019,40263722
99777690-2019,40263724
99788677-2019,40263727
99782503-2019,40263742
99763810-2019,40263743
99761740-2019,40263774
99803718-2019,40263784
99761309-2019,40263819
99756109-2019,40263830
99743528-2019,40263868
99762253-2019,40263895
99747259-2019,40263905
99762757-2019,40263911
99761985-2019,40263969
99762265-2019,40263979
99761780-2019,40264012
99761962a,40264045
99784495-2019,40264085
99762946a,40264124
99803718-2018,40264267
99793723-2019,40264694
99798562,40264978
99735210-2019a,40267585
99803777-2019,40268006
99762047-2019,40268182
99802789-2019,40268200
99761426-2019,40268220
99794387-2019,40268226
99763099-2019,40268233
99756691-2019,40268234
99756733-2019,40268310
99763424-2019,40268320
99763792-2019,40268326
99763436-2019,40268329
99763716-2019,40268349
99763836-2019,40268366
99762948-2019,40268370
99762823-2019,40268372
99756019-2019,40268402
99759440-2019,40268406
99780838-2019,40268408
99761886-2019,40268417
99762518-2019,40268436
99763818-2018,40268510
99763336-2019,40268544
999puppyYT,40268710
99773330-2019,40269063
99coder8,40276400
99-9,40286583
998332434,40305739
99782492-2019,40309277
99772976-2019,40309286
99771175-2019,40309290
99771403-2019,40309291
99773218-2019,40309293
99773501-2019,40309294
99771191-2019,40309297
99775032,40309298
99767477-2019,40309300
99773943-2019,40309301
99763040-2019,40309309
99763331-2019,40309315
99765240-2019,40309323
99772175-2019,40309328
99770475-2019,40309334
99753265-2019,40309354
997714850-2019,40309355
99772257-2019,40309362
99779625-2019,40309378
99775363-2019,40309389
99777519-2019,40309392
99778292-2019,40309418
99772175,40309716
99775032-2019,40309999
9993b1,40329226
99712345-2019,40355463
99753265-2018,40355811
99779476-2019,40356111
99772705-2019,40356114
99772800-2019,40356123
9971582-2019,40356125
99764197-2019,40356130
99766358-2019,40356131
99772764-2019,40356138
99778020-2029,40356140
99773230-2190,40356142
99773151-2019,40356145
99772885-2019,40356149
99773201-2019,40356154
99772637-2019,40356155
99772889-2019,40356157
99763521-2019,40356161
99773812-2019,40356163
99771161-2019,40356165
99762174-2019,40356167
99772854-2019,40356173
99772782-2019,40356185
99771092-2019,40356192
99771204-2019,40356231
99762740-2019,40356245
99761582,40356248
99774832-2019,40356272
997-2019,40356276
99755620848,40356285
99787968,40358462
99774907,40358589
99783940,40358965
99777604,40359330
99744396,40359839
99747825,40359857
9976415621,40403182
9937353099,40404179
99firefox77,40429666
99767451,40436630
99784181,40440189
99790853,40442208
99781945,40442212
99795659,40442216
99twstSted,40461329
99045356,40469103
99759029,40483377
99734285,40483391
99752261,40483398
99757981,40483404
99746795,40483632
99758253-2019,40508002
99763406-2019,40512228
99759734-2019,40512247
99049263,40520622
997774,40558667
998296,40581857
999372,40581900
990079Janapink,40581935
99Agility,40619272
9924475941,40677555
99753738-2019,40678036
99753880-2019,40678041
994808404nsd2,40701742
99762597-2019,40707915
99761826-2019,40707936
99752949,40709369
99736762,40709387
99760827,40709455
99765284,40709509
99753171,40709518
99756362,40709527
99755121,40709538
99796736,40709542
99759580,40709543
99774441,40709545
99757235,40709549
99763818-2019,40715191
9981771,40717465
998200,40742114
998861467,40746419
99777912-2019,40749514
99772629-2019,40749544
99778020-2019,40752688
99761582-2019,40752758
99773230-2019,40752763
99766358,40752769
99708480-2019,40752795
99786962a-2019,40752844
99762912,40754907
99768557,40754908
99765878,40754909
99765177,40754919
99795363,40757831
99775211,40757836
99780463,40757838
99757389,40757839
99775170,40757840
99767206,40757841
99799265,40757842
99774017,40757843
99766635,40757844
99765482,40757845
99765446,40757846
99798614,40757847
99779830,40757848
99769585,40757849
99766637,40757850
99776256,40757851
99783524,40757853
99774437,40757854
99788535,40757855
99756661,40757859
99765452,40757860
99773751,40757861
99774389,40757862
99765009,40757863
99774436,40757867
99779905,40757874
99775304,40793626
99765488,40793668
99767516,40793699
998053,40838125
99802515,40857250
99753744-2019,40880175
99778576-2019,40888246
994939,40920678
999_Family_Studios,40929849
99761574,41002293
9915375654M,41054132
99779628,41127590
999372Luca,41201029
99100101,41215042
9999921s,41232524
99Dollars,41275898
995406,41277283
991172sebastien,41279995
998433,41306730
99752018-2019a,41318609
994477HUNYS,41344470
99741854,41354017
99757676-2019,41358778
994094,41388792
998701,41427404
991_I-will-help-you,41435644
9999090909909090909-,41448771
99756583-2019,41518372
999bellhunter767,41549808
99calistheboss,41589153
99787899-2019,41686760
99754664,41729091
99770156,41729155
99754302,41729163
99768938JKCR,41729536
99788602,41729538
99752742,41773693
99777868,41773703
99743871,41773706
99767020,41773721
99744290,41773722
99745825,41773725
99775559,41773738
99766492,41773776
99761796a-2019,41778811
99791872,41830708
99747714,41850666
99753495,41850667
99746990,41850674
99775655,41851094
99756831,41851794
99783012,41876792
999999999love,41916093
99779652,42080383
99758336,42080398
99777858JA,42080691
99785248,42128711
9955164ops,42262053
99754806,42342614
99767138,42342645
999u,42353135
99800941,42464234
99Ninety-Nine99,42484489
9900179981,42494147
99766412-2019,42543754
99rohullahb,43670999
99bahadurh,43678590
9941701TH,43769926
99784047,43781022
99slither_io,43786070
994803998nsd,43864272
994803426,43864274
994803681nsd,43864275
994803251nsd,43864277
994803344nsd,43864284
994803897,43864296
994803750nsd,43864297
994809121,43864303
994804219nsd,43864321
994802402nsd,43864331
994803467nsd,43864336
994806131s,43864339
994803261nsdd,43864342
994803288nsd,43864355
994803457nsdRodolfo,43864356
994813875nsd,43864370
994806378,43864380
994820559,43864407
994800509,43864431
994803321nsd,43864435
994803819David,43864448
9999111111,43882475
994803558,43906968
999q,43945632
9998221,44055490
994806872,44114444
994816973nsd,44157802
99799480,44167892
99Friends,44219239
99kinsler,44388537
99beril,44395809
999Topie,44519057
99yusuf04,44550213
99raider,44606207
9904asjh7,44755736
99bmFort,44937009
999jevil999,45074174
999potatoes,45124664
99882233,45230142
994800405,45692366
994805656,45692384
994814463,45692389
994805827,45692392
994806117,45692393
994812465,45692395
994820728,45692412
994815160,45692415
994818866,45692417
994806570,45692420
994807901,45692431
994805591,45692434
994810846,45692436
994806102,45692448
994805399,45692872
99405623,45693492
99769310,45734990
99758366,45773863
9948055530,45803343
994805867,45803409
994806044,45803424
9976659221,45870395
99782325,45870663
994805420,45931210
994806666,45931231
994805780,45931239
9940806796,45931248
994805022,45931352
994805371,45931395
994812678,45939171
994802083,45939182
994806022,45939191
994815148,45939201
994806046,45939202
994805819,45939205
994808426,45939212
994806237,45939241
994806114,45939246
994806355,45939247
994806126,46091085
99shakesale,46111406
9944R,46254803
998965,46296118
996251,46296119
999yummy,46479700
99DoritosMaster99,47564909
99byoon,47958491
99milk,49752473
99Fortnite,49878862
99056212,50095973
9999qwe,50237362
990079Janapink1,50433146
999ppp,50507368
999999999Hi,50527106
992609753,50572582
992044416,50721080
99b,50727980
992692009,50772816
992899,50783683
999482,50922123
999516,50922476
9929239235,50983630
999494,51067146
9954162801,51125661
999999999bella,51129353
99995889,51152535
999977,51181036
999438,51181047
999055,51181050
999450,51181054
999181,51181060
999512,51181072
999985AF,51181087
999557gb,51181097
999485AJHW,51181099
999698af,51181111
999418,51181113
999505,51181143
999402,51181148
998950T,51181205
99928,51285632
999500,51431066
999862,51562764
999scratcher,51628322
99guest99,51685477
99782846,51731532
99ABY99,52015599
9987125555555,52091686
99k9,52113592
99Shinyballoons,52155080
992609711,52417033
992610191,52417112
9978512951290922,52434448
9900193279,52519257
999005733,52685519
999111abc,52756874
99cleby,52763913
999022,52858150
99earthquake,52959265
99742300,53019323
99749892,53019380
99745479,53019392
9990150,53070917
992609980,53330611
999emr,53617692
9967411872P,53650520
99756234,53808122
99771772,53808148
99845,53876102
99945,53877195
99741930,54150706
999noelle,54195083
999ava,54200697
999avenay,54200708
9999dylan,54200711
99912345676,54217987
9999aaaaa900000,54228343
99743768,54265756
99804306,54265869
99ambers,54306812
99871255555,54329273
99774321,54394029
99802815,54545354
99798918,54561657
99792566,54561659
99790482,54561666
99794165,54561680
99791895,54561682
99785492,54561685
99791690,54561687
99774941,54561690
99783968,54561693
99776503,54561696
99764349,54561699
99773013,54561703
99795697,54561705
99788385,54561706
99773257,54561709
99771089,54561710
99763739,54561713
99764930,54561715
99757067,54561717
99764379,54561718
999988Minerva,54615958
991323,55589082
992907,55589373
99770182,55601702
99red,55607068
99999801,55741750
99q,55807609
99unicorn99,55845416
99761633,55898926
994808489,55921339
994812502,55921354
994807762,55921362
994804245,55921364
994807582,55921366
994804657,55921371
994822582,55921375
994807514,55921406
999rkcricket,55925342
9979636238,55928024
994807814,55931328
994807737,55931354
994816410,55931355
994807751,55931365
994807636,55931407
994807588,55931436
994809944,55932445
994807956,55941582
994820368,55941616
994818591,55941676
994803210,55941770
998712333,55970034
994808741,56089144
99764290-2020,56130600
99789131,56143228
99793109,56148887
99sjmorgan,56165096
990340,56179079
99dogpink,56185944
99787578-2020,56194473
99781141-2020,56194476
99782246-2020,56194482
99773146-2020,56194485
99782388-2020,56194494
99782444-2020,56194495
99783580-2020,56194497
99778536-2020,56194515
999834de,56197160
994810353,56219750
994804291,56219992
99762520-2020,56226210
99803718-2020,56226328
99761962-2020,56226358
99803719-2020,56226375
99743528-2020,56233072
99802789-2020,56233075
99756691-2020,56233080
99762823-2020,56233085
99777729-2020,56233090
99761603-2020,56233092
9976518-2020,56233105
99761426-2020,56233107
99761309-2020,56233112
99784433-2020,56233113
99766434-2020,56233114
99761985-2020,56233125
99761740-2020,56233127
99761886-2020,56233136
99763865-2020,56233145
99788677-2020,56233152
99757999-2020,56233153
99jwalker,56330715
99780838-2020,56391762
99782359-2020,56456568
99781425-2020,56456656
99777525,56457396
99765957,56488614
99778508,56488904
99771193J,56563026
99763449K,56568594
99756694K,56568595
99763460A,56568597
99756494C,56568599
99779010E,56568600
99763402M,56568603
99758339J,56568605
99763740M,56568607
99780118J,56568609
99789131O,56568610
99777432A,56568612
99787089M,56568615
99780441K,56578756
99792761H,56578757
99790408A,56578758
99792777A,56578759
99792784N,56578760
99790379A,56578762
99783997Y,56578763
99776412V,56578764
99782889L,56578767
99785086S,56578768
99792558J,56578769
99793087D,56578770
99793113V,56578771
99792838K,56667606
99794387-2020,56668516
9914939848,56710991
99756591A,56768264
99775204A,56768273
99750963A,56768282
99771275H,56768291
99782503-2020,56777577
992234,56993995
999chace999,57037981
99761840-2020,57038286
99763336-2020,57042388
99762518-2020,57042432
99801863,57343440
99802086,57343441
99791799,57343443
99796070,57343444
99800859,57343446
99795085,57343447
99792847,57343448
99785035,57343449
99793840,57343451
99795093,57343452
99799909,57343454
99795890,57343455
99772340L,57430739
99772340Z,57430907
99782169T,57436565
99793397,57442006
99800322,57442008
99800332,57442009
99801144,57442012
99795026,57442015
99791451,57442016
99800309,57442020
99792841,57442026
99802514,57442027
99800311,57442028
99795562,57442031
9923MrWong,57461709
99sanicOwOpower,57474880
99756019-2020,57526888
999boby,57782509
999000harharhar,57875549
99green99,57882780
9939purn,57953558
9929purn,57953562
996skope22,58146227
99_rainboweva,58237033
99-rainboweva,58239147
99LionGaming,58408266
99louie4677daniel,58433584
99dollarbills,58669650
99helena88,58886205
999Kermit,58947004
991emmbaut,59155126
99felix99,59206647
99_4ever_sunny,59249101
99804045,59300292
990witch,59333013
9999scratchboss9999,59367102
99tacyppah,59532121
991mazin,59601892
99DiamondWolf99,59627086
99782682,59635223
99769717,59686451
99_Smokestacks,59701368
9913665012,59727384
99779238,59733713
99764718,59840547
9999-12-31,60032057
99XxnrutaSxX66,60040917
99752433,60088314
999XDlol,60100752
99800916,60139503
99_pies,60179386
99745652,60189384
99745678,60241182
99474780,60255367
99795659_2,60362501
9999999999999999999_,60380190
993GT2,60562201
99RedCodes,60763919
999no6jo-,60855285
99775369_2,60906972
99lover200,61092037
999999099999999,61146074
99999999999999998,61194721
9999DVD,61230286
998folower,61242086
999dragons,61490274
99mimi99,61677774
9999999999mee,61753962
9929433848,62044709
999s999,62277937
99898765678987,62284492
99legs,62325119
999yeeters,62441504
9900windro,62486793
99ereacts,62523887
9937MrWong,62549984
9991MrWong,62549988
9932MrWong,62549992
9967MrWong,62549993
999juice,62717378
9981dolphin,62728358
9958855599132136156,62813475
999931,62845802
999917,62845849
999894CS,62845964
999467,62845977
990aki,62854990
99801050,62857785
999928,62876490
999942,62876492
999432,62876500
999417,62876510
99790817,63057671
99777385,63095870
999999m,63174503
999foreverandever,63287152
999fan,63299724
990014530,63338312
990014429,63338404
990014604,63342895
990025375,63342925
999Judah,63371087
99631h,63490967
999_dremire_999,63604737
9954162802,63606021
990331,63692236
999the_name,63777345
99794340,63791872
99774095,63831265
999Mgoal,63852791
99GuardianLlamaTown,63969674
999juicethekidd999,63982732
99BottlesOfSprite,64014728
99JR,64016057
999yoyoman,64019674
99801750,64044004
99JJR,64117823
999ForLife06,64192820
999_Rip_JuiceWrld,64237618
996611AD,64279805
999IZZY999,64310729
99legends,64317883
994girayhan,64434991
99gretzky99fan,64440127
996pandagirl,64441207
99781657,64456223
99781958,64533222
998098,64538514
99999988889,64559171
999012456,64562545
995begum,64590302
99wassis,64593158
99keithsimo,64678243
99GPORTER,64699482
9910309,64702382
99FolowerWithNothing,64703244
9912529-1,64720654
99Matthew9,64721238
999forever9999,64750434
999qu,64754386
999999s,64946015
99to9,64989984
99YEETYAYYA,65013665
99801550,65175504
99802349,65236110
99ExtrasNTests,65261601
99999999999999888888,65434913
999CLASS,65438967
99LIFARI99,65450845
9999SREE9999,65455780
99ambers_the_test,65458721
999285,65523914
999924,65523939
999820,65523960
999938,65524004
99753612_Test,65554816
99753612_person,65555267
99770994_Test,65558512
9991a,65592995
99992341,65621637
999_GOD,65664362
999crafter,65688843
999OnGodNoCap,65756388
990018694,65773868
999boom,65799554
999915,65903428
999492,65903457
999873,65903540
999475,65903610
999933,65903633
999872,65903986
99803144,65938637
999minecraft999,66042415
999vibez,66047195
99800941alt,66049231
99795763,66066829
999racer,66193872
99771670,66239530
999921,66279608
999-forever,66296818
99756197,66299978
99761736,66301653
997816572,66321085
99000plapy,66362376
999DRXLLL999,66437206
999juicewrld20,66514170
993-IMR,66614271
999_RIP,66683254
99shad0ws,66775584
99CentsStore,66910086
99elidude,66957709
9978268212363,66975852
99MAKOTO,67011332
9917678,67485266
99304,67628131
999_Vybz,67686204
99inpower99999999999,67752429
99Homerun,67797035
999word,67812101
99990004,67824083
99toybox,67944681
9938970950,68231904
99D,68371600
9989UnicornsRule9,68407375
99diK__zihW,68461095
9993goat,68561251
99790496,68575003
99999-Rises,68626827
99791626,68642709
99775021,68642748
99781809,68643772
99780726,68643928
99789804,68643965
99791459,68644153
99790541,68644407
99790877,68645514
99791056,68645540
99790878,68645549
99804060,68645556
99790501,68645849
99780442,68650937
99802240,68653811
99795861,68653815
9980011,68653827
99800005,68653837
99801437,68653912
99785003,68654025
99799981,68654040
99800011,68654156
99794695,68654309
99803187,68654655
99801960,68655892
99794975,68655904
99800006,68655923
99789214,68655929
998JJFOOD,68655986
99793046,68656070
99JJFOOD,68656245
99800688,68656367
99789377,68658867
99800800,68661005
9978500,68725555
9978503,68738316
99shinyballoons-Plus,68743363
99sunflower83,68752343
9954162801-spare,68800379
99780712,68800914
99787886,68801039
99784181_,68801410
99780975,68801472
99764932,68801890
99787886_,68802701
99771231,68803734
99793719,68803816
99781524,68803924
99778364,68805145
99801964,68809036
99798455,68809046
99800095,68809067
99795225,68809133
99800837,68809269
99772318,68878620
99761601,68881246
99781255,68881676
99794817,68885967
99796081,68885983
99791365,68887772
99786136,68887791
9980127,68888041
9979136,68888385
9978613666,68888508
9979136512121,68888809
99783963,69147018
99780084,69147031
99775502Hawk,69147436
99793900,69258091
99796,69258126
9979608,69258410
999foreverrr,69408289
99879789,69439048
99ZERO00,69458840
99tA,69511158
999-gold,69514732
992422,69516401
99xbby,69518398
99bigboy,69524063
997741131105,69659106
99999momomomom,69663559
99meow,69719299
99805029,69732771
99_taco_boi_99,69789576
99mustangs2021,69843960
99Ducky,69900428
99772463,69958835
99baer99,69988069
99062489,70028486
999Qnix,70087351
9999water,70106928
99william6219,70133063
99Amal,70179638
99am,70188930
999Rylan,70199062
9905645,70224893
999gsd,70234864
999____999,70242589
999hay999,70242909
990gabby,70244128
99_Random,70255427
999039,70468223
9934756mbh,70481455
99ssdf,70508733
9991212,70509289
99054ANT,70561100
993366882200,70565604
99060670,70570603
999J666D,70578610
99794940,70653704
999tylerh,70657535
995215,70712629
99781662,70765539
99785166,70833205
999999999-99999999,70843486
99XD99,70936250
99831,70953264
99999xIQ,70983957
9946275,71059492
99_100,71171859
99donutz660920752414,71407114
99princes62102490,71407154
99797044,71455346
999_08_lljw,71580355
99testac,71581460
990658,71659667
99999999w431341,71714982
99500WAL,71751978
99cupcakesprinkles,71788356
999AngryTurtles,72023499
99704450,72071580
99percent_weirdo,72099621
99999963258741,72132487
99Alex0607,72222170
99999956,72303529
99802280,72410807
9999toppro9999,72432242
990628ray,72466117
999969,72477402
991101Ryan,72523163
990815leo,72713716
999999999922,72785343
99chickenbroz,73008287
999_1,73065379
990018813,73275137
99803340,73291120
99802250,73291972
99eemafinklefat,73465161
9999iq,73525960
99_ARTIFICIAL,73531461
99939677,73783976
991546,73792733
99803531,73897014
999_4_life_,73967920
99green66oble11,73968088
99ws,73986773
9999SASHIMI,73989874
99Kronos,74284520
99999955555555555555,74303616
996503,74329756
999aaa999aaa,74520992
99Jayson99,74544631
99MIRELLE99,74559864
999Bendy999,74644898
999ppppppppppro,74773566
9999987654,74886889
999SnAs999,75004848
99Warior_nair,75044812
999juicewrld4life,75145650
999876998,75177109
99_Thousand,75345336
99123709,75372495
99761803,75558489
99763574,75565741
999fannforlife,75582791
999_Moose,75659568
99h,75744468
999qwas,75922241
99803836,76007472
9928399283,76517178
999999v,76531050
99Jellyfish,76539490
99linkema,76678446
991016aaron,76701990
9999w,76924404
9999h,76924675
9999Dude,76924731
99999h,77049589
99y,77090644
999_CREEPER_999,77101415
999Radioactive,77117678
991236,77188824
99wowsocool,77478566
999guy2,77499369
99621,77561952
99329467,77993400
993615,78094164
99KronosTEST,78111043
991109,78175450
9999991735,78192735
999Anish,78245542
999_and_XXX_Forever,78530540
99999coder,78642347
99-6-14,78663139
99-jiujiu,78804319
9999nomoy,78841746
99KronosTV,79025331
9999999999992234,79138320
999999v_class,79255273
999thx-,79319142
999thx_,79319241
999thx7267,79319272
999thx-7267,79319298
999thx_7267,79319329
999thxx,79319366
99000zs,79416505
99-6-14-2,79490669
99-6-14-3,79490703
99v,79644548
99kaits,79670897
9991380,79783057
9999998888877,79838272
9999999kakeru9999999,80199623
99s1stem,80313983
992panda,80342678
99z99,80481379
99JTJT,80585933
99760564,80617129
99-Tamayura,80635549
99TJTJ,80636351
99TJ99,80636807
99JT99,80636882
999plays,80674591
992710312,80783456
99SidesOnSquares,80888020
999qu-alt-account,80932664
99056783,80950802
99990000000000000,80967347
99299g2hbev,80971781
9999887789,81046245
999juice9,81106685
99fogtap,81116893
99Demon,81231784
999_forever1316,81241093
998920,81524990
99Angel99,81573297
9965181,81666899
999pink777,81737532
99999Crystal99999,81846001
99349bm,81902843
99949ip,81902845
99309es,81902848
99174mp,81902857
99032gi,81902906
99747bl,81902907
99275kh,81902909
99312as,81902912
9998887776665555,81980856
99HI99,81990111
997583,82044917
997584,82049446
99weirdo567,82240637
99mathUser,82355214
999-juice-999,82408489
999991234567890,82567233
999wolfixplayz999,82772830
993muberra,82825403
9931090hugh,83014457
996pandagirl2,83043554
99903402,83137693
999Sheesh99,83461819
99999321,83623868
9928374,83641080
99BGDTheScratcher,83706733
99weirdo568,83820050
999-OwO-666,83895763
99777732,83996889
99786896,84012812
99885r443,84111447
996738,84613855
9988778897,84658459
996881,84721406
9967961,84721669
996989,84721682
9968601,84721948
999amongus999,84766579
9991percentQazify,84918820
99weirdo5678,85132578
99030632,85253525
999Shoto,85368118
99-6-14_hi,85393833
999888SG,85427491
999988SG,85433616
9999123SG,85501366
999888SJG,85514702
999887SJG,85521123
99_CHARLIE,85728698
9999090888888877777,86002992
9929525793Jw,86084394
999Killua999,86350747
99991111121212121212,86447564
99asteroid99,86475606
99Tio,86478763
999x555,86805412
99999999999999999993,86836833
99-SANS_CRACKED-99,87021553
9900879990,87247812
99584,87450244
998870,87503782
9999rin,87531143
99rokets,87547778
9999199999,87552445
99ovr-randall_,87552855
99ovr_2ndaccount,87553544
99FNF99,87582312
99_Carmen,87592694
9999JEFF,87750252
999999097973,87883953
999kakeru999,87905127
9999999no9999999zyou,87920344
9919799197,87953605
9911234567890,88074932
99giraffe,88076566
99CUBED,88140108
999jxmess,88207639
99876charizard,88299214
998995a,88391673
999178jose,88391829
999501coopers,88391903
999472_Ethan,88391925
998977A,88392004
999982BCM,88392006
99991118938,88432564
999DiamondTiger,88485932
9999unicornio,88496022
995371J,88593518
99antelope,88642261
99shoebill,88642271
990778c,88645949
997632,88647200
990778claire,88662127
993764,88664758
99999unicornio,88762966
99758443,88845972
99765778,88846046
99761653,88929502
999985735385385,88937350
999671,89011685
994799,89187979
999757SC,89251731
999178j,89251778
999dogblue,89269157
99jiujiu520,89319641
999_ICY_999,89331534
999S0ME1,89436208
99S0ME1,89436369
99kill,89461738
99999999910000,89721652
999leah,89759305
99Lily99,89852168
997266,89923248
993032,89931596
999qi,89982694
99347y59qw34901,89989652
99starofmario,90036366
99999999999999fd,90129816
9937032,90242762
999qwas_2,90333390
999C,90392546
99VV,90393489
99LL,90393491
99__,90393493
99FF,90393494
99HH,90393501
99II,90393503
992012Zombie,90842919
99realgamegt,90967197
999999PUPPIES,91211892
999coast,91307534
9992992,91416498
999leaks,91480853
999_forever_FAN_02,91497656
99Loumor,91620645
999mario,91699511
99husky,91735269
99o016L7LP,91763259
990_annyeong,92086701
999999955556666,92163107
99yugbunrM,92428401
999__________,92600213
995GoldenRetriver07,92852895
99999900000,93004926
99jiu521,93053195
99cd,93233434
994shroom,93326760
9999999-9999,93347510
999Coder999,93594824
99nerds,93668270
99theCreator,93739317
991009chanel,93826001
999noskcajnedya,93964638
999LESGOO,94214437
999Superin,94216921
99mlcamila,94269112
999lucky,94386419
9999sssrkeje,94611743
999979girl,94949786
9937036,95132868
99Lucas,95165830
99_IS_THE_BESST,95167968
9998vic,95279870
999999999-iq,95303911
9999Emmett1234hg676,95319013
9999BUM,95562365
9999Emmett1234hg67,96055682
992991037,96059164
99584pro,96082152
99James,96137406
995928,96377446
9926499264a,96401289
9927199271,96410634
999-_,96502728
999qwas_3,96602658
9999999999888888,96699262
999222119688098,96701317
999ismark,97077881
999_iq_guy,97278138
99Game_Code_Guy99,97361189
99450892683528bn2n9n,97422091
99StudioHosting,97593707
99243375,97605871
9999909,97607086
999qwes,97648021
999ew,97851180
99realgeorgenotfound,97860651
99999due595,97949707
9999_de_IQ,98078084
99900887765424cg,98248282
999ExtremeShark,98293696
99HERMIONEGRANGER,98296941
99lostsoulss,98368415
993712,98396632
99PopTest,98512712
99b8AIKWL7OIKVFV,98818617
9999kakeru9999,98833981
999999999message,98900851
99GamesProductions,98970421
999hayakawa999,98995856
9981717095,99118088
99moi,99151732
99lovy,99196846
99999869,99197565
998877___,99197754
9999-jjij,99270083
99800255_2,99324554
99LuoJie,99487730
99801494,99517193
999839,99582926
999908ma,99640661
999928da,99640805
99773738,99659159
99771899,99659173
99783968Ehms,99659243
99773612,99663504
99Connor9,99777075
99999kakeru99999,99789605
9999southparkfan,99840124
991796,99988289
993210c,100009341
999ok_,100110237
990109rita,100113771
99roses99,100191990
998818AEW,100207021
9999missgirl,100224155
995happy,100256898
999_rip_yn,100352084
99Spiderman99,100653154
999milesio,100705484
999universe,100715982
99wingstop,100762644
999sus999,100873903
99wingstop9,100922033
99wingstop99,100926847
999999999_9,100955216
99_ink_sans_99,101051185
999baler,101069495
9909yaeeeeee,101134757
9950310,101191403
99060623,101214834
999susNippon,101388883
9999wolf9999,101454830
99eqr,101642077
99ovrshotcreatorQ,101731068
99Zoe,101757703
995raito,101765258
99_yankees,101803903
991Jokes,101940844
9967112,101994365
99H9H999,102164025
996018_4,102247160
992turboS,102452706
9999SMP,102473078
999_DeaD-Inside_999,102546843
99icecream99,102570886
999susNumberBlock,102732445
999-JiuceWRLD-999,102793770
999wrld_2010,102821324
99765757,102942283
999Lasagna,102946886
99HeadedDemonBarney,102975492
99xRoses-,102978728
993843,103012884
99Music88,103198091
99fan,103340510
999WRLD785,103510836
99megamin,103707287
9978134lennox,103767849
9980258lennox,103767850
9982096lennox,103767851
9979691lennox,103767852
9978117lennox,103767854
9976586lennox,103767857
9980877lennox,103767858
9977689lennox,103767859
9980310lennox,103767862
9977672lennox,103767865
9981873lennox,103767866
9982499lennox,103767868
9979622lennox,103767869
9979326lennox,103767873
9980903lennox,103767876
9978418lennox,103767877
9979064lennox,103767878
9979073lennox,103767879
9976621lennox,103767880
997227,103791362
999WRLD786,103828129
99pinkdog,103953364
999914,104036012
999243,104200074
999DK,104345512
999bom,104354574
99suddin,104373006
999club999,104396647
99Andrew99,104491948
999prok27,104544299
9999baseball,104611012
9995232,104630715
999_ame,104650804
999-Swarnajjwal,104667702
9999cw9999,104688104
999clubjuicewillrd,105158335
99CottonCandy99,105203212
999yay999,105276532
999098,105493476
99pinkgroundhog,105546637
999ok_pro,105652600
99281,105800724
99491836,105825173
99dolphin,105861348
997417,105868111
99Random,105968070
999uwu,106114542
99g7,106136550
999legends_never_die,106229881
999eggey,106279013
99why99,106393947
99Diaz99,106559292
99-is-the-best,106619169
991735,106703069
998naF_taC,106752186
999_ame_sb,106867934
991_Prison,106919510
9999D12,107000953
999angry,107030729
999angry_ALT,107032209
999uknown999,107095286
99siki,107142913
991352,107170650
999Hunter,107202361
99x1,107212507
999spanish,107245827
999Beast,107328933
99783952,107377078
999_wrldd,107387686
999GooglePlexillion,107459749
9999999a,107520675
9994736,107522643
9991moonlight,107857031
99Nines,107866449
99sing,107909273
99BelknJ,108171183
99shiki,108452358
99-TCEJORP-ROTAERC,108471677
99228CP,108473609
999_niki,108590916
999amen,108784183
99414841,108810305
99fousand99,108952213
99hats,108970098
99Puppies88,109211115
99997ty,109369349
999_SUPREME_999,109416493
999lk2r,109550539
99NM99,109579391
999999999ZXY,109646727
99armadillo,109712776
999fr,109743633
99poodlemoth,109917165
99yoyoyo,109970287
99Students,110223660
999cattys,110235162
99801667,110346992
999rugby,110434787
991110468,110483887
999atacos,110662614
999taco,110662789
9999yomama,110729542
99-9_Rafale,110889056
99onitamoznE,110906133
999ok_2,111185632
999ok_1,111186234
998calakafg,111526742
99_E_99,111622622
999dkoe,111637060
99_dash,111826336
99_A_99,112003336
999batboni,112076402
99_E_99_biggst_fan,112094549
999qqq,112137435
99qq9q,112137854
99surfinge,112278179
99ran22,112351943
99771699,112353632
998877661,112678322
9967786,112929629
999fan-,113184424
99snorlax99,113268582
99-abc123,113425079
99cooper,113463867
99bobsleigh,113510002
9999gamegirl,114309773
999isa,114309918
999raffe,114310009
999hundenbonzo,114310082
999mandisen,114310208
99emanresu,114319450
999artur,114393484
990j,114594639
99-Computee,114627393
99900099,114867485
990charmander,115178565
998241,115249548
99adrian098,115281526
999ok_-,115440820
99Patch,115506812
99nome,115645927
99aneesh,115979264
9908006,116052422
99_LGM,116053617
997777,116644018
99FX,116938217
99722,117007754
99999MARLEY99999,117069224
99999marey99999,117069275
999HAYAKAWA9992,117163977
997pr,117541181
99freshsans99,117549969
99reyalptsaf,117609334
999999985,117854830
99488,117860795
99155,117860798
99177,117860800
99388,117860801
99644,117860808
99166,117860811
99Karsyn,118076191
99man1234,118151246
99world99,118190595
999MDollars,118386678
992_Alex,118408484
992341h,118560511
994441,118637242
994973,118637254
995879a,118637261
995896,118637269
993923,118637273
994584,118637278
991127a,118637288
996164,118637336
991727ya,118688008
99suit04,118697429
99chill,118886576
99771143,118991868
991028,119124376
999_Jadyn,119143700
99764642,119175416
9999panba,119398547
99student99,119444861
9989286_,119507768
999vivi,119839674
99kittycat5,120102825
99thedestroyer99,120779814
9989396,121350731
9989384,121352187
999ok_3,121618693
999_jamal,121619049
99Phelo99,121782852
99008824,121807076
99326,121839060
997squared,122078598
9999xdog,122157170
99God9,122186295
999baseball99,122248209
999sty,122307257
9989426,122508511
99_Cat_On_The_Wall,122534916
999colibri,122728623
990higurneiluq,122866181
99661956,122916653
992799282,123087756
999swatbaconYT,123500868
99-72dude,123860794
99-72dude-45,123861497
999huck,123983068
999_anonymous_999,124295334
999-n1c0t1n3,124395036
999233,124470492
999N1K0T1N33,124492059
998876ytmun,124512845
99Galactic99,124514159
99tiruno-kami99,124619533
999N11K0T1N333,124668497
999HBHHH,124685161
992186,124775428
99609,125359436
992802SJ,125572587
999-dronee,125638878
99_Luftball000ns,125723002
9992333,125894485
99purplecat99,125981076
99-1_PLR,126185872
999dinomations,126196977
99voyage99,126484902
99owner2033,126505803
99_81,126592648
995160,126742208
9999999-_7,126800505
999girl,126944519
99yearslater,127037254
999S0GGY_BURGURZ999,127072149
9901000,127606307
99780725,127776859
999huckfan,127975367
99brooke,128116004
99lgns,128231471
99Maya,128311510
999_DX_999,128454311
99baseballgirl0,128512067
999_revoltac,128555856
999NinetyNine999,128650919
99367RM,128714279
99289KM,128714284
99867KP,128714290
99618JM,128716062
99412JC,128716071
99379TA,128716076
999aniol,128740671
99-gomasio2,129172778
999swatbaconTestAcnt,129359260
99tacos99,129373279
9999-STAYS-A-MYSTERY,129388623
99muhammad,129428896
99mangos,129711357
999forevermann,129763604
99oqikwn1,129792932
99dudu,130060395
990games,131749483
9995lognbunny,131917915
999wldcntry,131957507
999922223,132039913
999bananaman,133015078
99_Garchomp_99,133241361
99Speedy99,133711174
99999_he,133787691
9933th,133840871
99cheese9,133896284
99takis9dog12,134065996
99-Starr-99,134182190
99club,134373201
999999999-bzes,134558607
99999488,134644608
99C4T,135532814
99basic,135568168
999Catlover,135893286
99lionking99,136181426
999355,136592246
99ma888,136659347
99800941sAlt,137312016
99starvy,137326961
999EMERson999,137642352
9995qwertyuiop,138224268
99999010,139144943
99QuietKid,139362985
999ssu999,139387119
999who,139538454
9999999icons,139564136
99552244,139971461
9955834,139971718
99Blud,140196632
996826djiwoiqjp,140602145
99-_official,140707260
99Ogames,141666824
