69liz,8933
692,84322
69696969,112860
697,170373
6924emilagro,196709
696benjamin696,271356
69j,299720
696,301391
691,304752
693,339145
698,370768
69c,386021
6969696,607383
6948,637319
6988,638048
6943,693821
69filjeeee,759458
691435,828653
699,970872
69hahahahaha,982417
69thScratch,1020190
69yanmin,1037604
69206,1114735
69365,1114756
694774111,1119239
696969696969,1194091
696969,1194095
698284,1214325
694818010,1216659
69peter1,1477173
69252,1906484
69057,1912644
69507,2230381
69206is,2346911
69boy,2368095
69190,2392866
69784,2393004
6969696969,2395862
69kid,2417615
69xxx,2467192
69lol,2533251
69383,2577068
69swagmaster69,2597197
69116623,2650641
698458,2653084
69helpme69please69,2660898
69Scratch69,2740308
6900,2745207
69mesh,2823763
6904,2867570
690sabika,2965025
69ers,2989887
69239,3040273
69023,3040295
69696969696969,3062362
693641,3215480
6922KC,3328261
6915gl,3354911
6969696969696969,3416446
6912pg,3419574
69735,3450198
69hawtman69,3450552
69050811262,3663616
69-420-666,3705675
696969691,3843063
69Username69,4050319
6969A,4327985
69erman,4440675
69Papaya69,4603497
6977t,4852370
6942898732,4946264
699150608,5056306
69gamer,5335584
6942069,5400698
695431,5464922
6902,5548216
69charlie69,5718178
6942,6126444
69ers12345,6189084
69pika,6848650
69466,7448230
6964,7454174
694200,7560792
6988e,7696106
69IHateThisPlace69,8196060
69466_SilverSpartan,8472870
69369,8581784
698405,8955732
69ffffff,9296728
698925room203,9449004
69itup,9809424
69scratch,9856164
69w,10262462
69l,10462092
69KIWI69SWEG69,10660328
690,10927762
69MLG69,11044530
694,11559282
695,12580552
69_NZHUNTER_69,12665394
699669,12729800
699717,12800996
69596,13252650
697675,13541503
693263,13560203
69255,13562147
69-,13637929
6977,13663361
69866,13828717
6910,14035411
69516,14099799
69shadesofpepe,14150175
69Jack69,15752671
69mode,16140850
69696969_--,16329835
691337420,16353980
690808,16452989
690707,16453019
69046518,16697408
69781,16867273
69YA,17249244
699958484,17626038
69420666,17745707
695mgs10,17944779
69mermaid,18105175
6956cvusd,18351846
6931cvusd,18351851
6968c-vusd,18351948
6942cvusd,18422736
69Carolyn,18493148
6978cvusd,18568048
69007Lyon,18582729
6955336193,18606267
6969176622,18607472
693eveasce,18668845
69Anders1337,18698899
69420-,18899082
6949,18908157
6981826658,18930346
69MT4VTC,18942011
690028,18990439
6908cvusd,19000511
69games,19058793
6953356928,19126746
6995639553,19176876
6933281183,19318285
691137,19495548
692447,19495552
691659,19495555
692516,19495556
691121,19495566
692815,19495567
693454,19495569
69k,19573728
6976,19590463
696969420,19602236
690061,19700039
698600a,19832990
6981357577,19935117
699459,19983633
6916_,19985284
692609930,20065790
690122708,20065804
69696,20073076
699142,20093783
69isbestnumber,20187169
69matej69,20200644
6963,20452839
69_skeleton,20461321
69_,20625728
692263,20668077
6914368791,20735801
69613,20743680
696389,20778912
694212,20958806
694786,21271496
69NUCLEIC69,21341427
6923358486u,21345106
69LAMA69,21371753
69the_skeleton,21423351
69s,21593191
692420S,21787748
692418S,21787764
6972426219,21891413
6911836298,21891420
6923358485u,21896170
69xd,22149322
69brownies,22350764
691betul,22401449
69JuanLua69,22586143
6952131833,22689238
69891,22721051
69683,22721269
69threich,22721653
69_joe,22733160
691039,22810211
6940300170,22851334
6938m,23069854
697697,23089121
699502,23217111
699437,23254066
690299,23310802
69babymolester,23457873
69cris,24118693
69PolarBears,24193616
69_braaaaaapin_69,24286260
69braaap69,24286302
6933928829,24821138
69nf,24871180
6996956536,25250331
69354EV,25365348
69354,25370999
6932327732,25418596
6982672514,25418600
6914919895,25421123
69395,25433375
69767,25433400
69420_EK_,25433416
69276,25433429
69375AZ,25433436
695THecat,25488377
6924295193m,25584625
69315Jodie,25657657
69279_Jackie,25658904
696569,25774845
69stonerstudios69,25776450
69549k2,25876257
69531,25883516
69xscratch,25926411
69bigboi69,25936486
69453,26134375
69Collabs,26201362
6958171454,26211658
69slam,26287951
69daniel,26331065
696499,26425938
69f,26463906
6999999999999,26923736
69170,26957070
69625,26957082
69900,26957088
69423,26983445
69443,26983451
69108108,27009661
69Ilikeunicorns69,27086451
6921steffy,27168473
691579,27431984
698530,27432047
6940769,27438368
6940,27452348
6911Leo,27943271
696801cs,28099841
695607_BT,28099847
698988,28124347
6997861954,28154266
699743,28175869
695607_BLT,28344437
69299fra,28348930
695714JLe,28888636
6931002,28895957
69518,29551302
69699,29562310
69ash,29661420
69380DEN,29735099
69696969696969420,29768526
69705,29824969
6948661998,29939545
69011,30030094
69696braydenm,30165514
69spooderman15,30166115
69197Colby,30167649
69356Cheesecake,30167714
69355coconut,30167760
69683cse,30254815
6997861945,30258098
695259jc,30345256
691613,30520640
69O,30571140
6942069420,30619415
696969lukaskhlifax69,30649575
69477cos,30837589
69h,30840894
6920930308851,30891416
6936872,31003311
6904979,31057589
69joshdun69,31057686
69PONG69,31062304
69fille,31093734
694242,31132766
691616,31230292
69RedBaron69,31273561
692259,31348646
6969saucyboi_dad_mom,31421493
696hi,31430285
69Boos,31498878
6969filip6969,31960510
69752aug,31961997
6958781279,31963065
694657,32045817
69Billy69,32083996
69infinitypotato69,32089050
6977855479,32127499
690407c,32142807
694206942069420,32177523
69716FMS,32219008
69866fms,32219010
69818FMS,32219014
69518fms,32219018
69535fms,32219019
69534fms,32219029
69171fms,32219061
69cancergang,32315393
691sonri,32374271
69liam69,32450237
69g,32464779
69008001S,32529813
697ncs,32570039
691ncs,32570076
695ncs,32570547
693ncs,32570563
696ncs,32570576
69ixine,32732411
69a,33430691
6944257866,33619884
69Mrkrabs,33693736
698121ahhhhh,33949141
690142,33978972
69DigiKid,33990964
69Tinkerbell,34037171
69po,34159917
696882,34444630
69Steezy_Shaun69,34452103
69Devin,34655296
69kev,34655310
69Devin69,34655319
69WeezyYeezy69,34693331
69626,34765511
6918moises,34793166
6963isaiahb,34812936
6920elizabeth,34813155
69_six6nine9,34889430
691858,34945613
6997864,34954325
695068,34992866
69873,35123358
69t,35176456
69slesmanatees,35270253
69Sheng,35280317
69077jan,35293059
6915213392,35297237
693134,35377136
691858st,35469296
691146,35469376
690767st,35469820
690381st,35484570
698789537,35537174
69imagine,35567093
69484r8,35692074
69453r6,35695277
69pawta69,35718820
693Magnolia,35765849
6924487181,35824496
6968788,35851899
69donkey69,35854766
69PINAR,35982855
698443,36017553
692839,36017666
69Tweespan,36099309
69932wwsd26,36130272
69Hartwin,36140628
691146daddy,36224552
69rar69,36273537
69chromosomes,37197277
69twitch,37304877
695989,37443853
696134,37443938
695321,37443971
695637,37443988
69n,38073111
696841,38137611
693291st,38366474
697332,38382174
693291,38399047
695cheetah,38429372
69265nhelm,38432970
69098elmhurst205,38580308
69joshua,38596031
6913908,38742733
69mmgucci,38762096
69-wiggle-69,38895720
69549arg,38945002
69fan,38956606
69226001,39043984
693287,39183259
6933260771,39306235
69762,39307245
698567,39350781
69HeyThere69,39354213
6932871,39424182
69valera69,39564078
69BLACKSALAM69,39573409
69_cam_daddyyyyyy,39655452
69lolXD,39856806
698381,40224262
699107,40265108
697813,40265132
697362,40265151
693ixr29,40350762
69kobe69,40420431
6966123,40426490
69223fp,40558964
69233,40560262
69283IB,40560278
695136,40562164
699486,40562196
698504,40585662
699999999999999999,40592976
6942600aw,40778388
69JT,40925276
698872,41061890
692horses,41159631
692horses78,41159911
69942242,41281459
69p,41290139
69skrskrskr,41328297
696kyle,41328378
696teacher,41328379
699-MEHMETEVFIK,41531359
693BulutHanim,41568297
692-yagmur,41606442
694441,41695774
690241,41740173
695344,41818878
694202112,41929642
69_Default_69,41943090
69-whiteboi-69,41943436
69x,42003424
69z,42498509
69CraigsCraig96,42547709
69v,43913285
69nice,44080877
69FieldMarr9669,44122475
6942000,44965618
69Spongebob_Cooker,45141790
6985943818,45413609
69D,45658641
693wy6348096y54389,46067888
690Animator,46210781
69nice420,49955471
690imagine,50215089
694imagine,50215097
699imagine,50215099
693imagine,50215101
698imagine,50215105
697imagine,50215115
69177,50482894
69492AryanZ,50542711
69463BryceC,50542713
69186DrewO,50542715
69443NathanielF,50542720
69473ArnavM,50542722
69013JohnP,50542725
699680a,50681279
698855,50681280
695884a,50827992
69isamazing,50966129
6918245457,51314236
690gothicxray690,51401281
692500,51486810
6917423,51787566
69Chonchi_The_G69,52191746
698980,52280964
69254501,52281525
69bingbongmaster69,52400134
694962,52473666
69th,52566822
695kerem,52889872
69y,53177011
694221,53296272
69_XD,53320372
69B,53670599
69emil69,53851281
6996AT_SCRATCH_PRO,54204951
69x73,55878645
69906,55879885
6997354483,55928232
6971916832,55945044
69420_______,56147775
6942002496,56197345
695442,56406348
695547,56406393
69563annie,56530880
6957smd,56864190
69u,57335542
69kid_reee,57625058
695025,57840769
690194,57842557
69Lv420Greninjas,58087124
69AXEL69,58141241
6959474053,59040273
69e,59168823
69s96,59251685
69Infamous69,59740306
69lnfamous69,59743060
694-654,60235927
69FortniteKid,60359492
69420kyle,60373900
69001305,60672653
69dof,61128463
6913ropeman,61272058
6944613271,61590800
69plants69,61639809
69_gos_shopping,61788211
69DoseCODE,62316197
69420johngreen,62530378
69420Hacker,62678645
6900_codes,62881510
69420xBANKROLLELI,63202000
69PES2025,63302007
69PES2026,63302154
6945043,63383424
69epic69,63484470
69420funnynumberS,63691267
69123456,63842110
69q,64000086
69096,64517052
699RABBIT,64579940
691221,64635121
696cat,64868146
69bay,65086250
696177,65254207
69kRickAstley,65381174
69403840jdjdewc,65418706
69i,65523871
69taquitos69,65542960
699111,65556478
69taquito69,65614401
69penlz,65705294
69_cutie,65763239
692009,65824109
691781,66056203
69Potato420,66143730
699ecmel,66160242
69TACOS,66283033
69975,66305234
6953260,66368919
690junior,66494199
69--__--,66892171
69persone,67057830
69percyjackson,67523248
6989348e,67620214
69gecko69-,67627770
69420haha,67805486
69_sajana,67934252
69Karma69,67966608
69helloworld69,68471722
69burd-69,68579571
69fishstickSally,68991181
69PeachBob,69002162
69Barbra,69002298
69420Bobux,69005271
6983623487,69072706
69isbestabc,69164193
69r,69320666
69bobux,69354075
699097,69682865
69_got_drip,69700838
69funnynumberr,69712772
69876070,69794113
69mustangs2021,69843980
69067,70022145
696177_Test,70032040
69soccerSkinOG,70034550
69m,70464418
69959,70649797
69WholesomeChungi,71036592
695363,71168011
69yee,71172016
69klcvbnm,71237068
69johny69,71330532
69intern69,71330561
69RUSTY69,71330648
69420yo,71361710
69568YIE,71574831
69420lololololololol,71780499
694201337,71902607
696d6169,72250679
69324,72668626
6917974,73286856
69421,73358681
6915106,73452453
6917526,73538728
697047,73970083
69420_OOF,74180701
69420pogchamp,74463542
6951469514,74489446
6951465614,74489575
69514656kk,74490505
6918049,74599775
69151061,74649993
6916745,75027758
697_EymenKirtil,75109668
69281cms,75288274
6916745olo,75442189
6918255,75722274
693y,76760437
6914420,77095306
6995smdingley,77894201
6990smdingley,77894259
6957smdingley,77894351
69420meme,78687263
69870213,78984677
69420master69420,79165007
698H,80519530
693696,80789874
6963phantom,81321035
69420barrackobama,81859134
69420coolboy,81981900
6956789941,82174673
69420isntfunny,82252371
696177_Art-Gallery,82425721
6942738921,82704500
6924291317s,82919933
693903,82922980
698272,82954372
69420iscool,82981443
69420_Obama_69420,83355272
69545,83665140
6942000000000000,84417952
69430,84894381
696d206177616b65,85666493
6972872021,86093346
69069,86247615
699420,86723638
6939haputl,87070202
69519217,87133414
693985,87288576
690bad_gamer,87499457
69419,87766734
699bad_gamer,88132850
692566,89278155
6999990000,89788865
697088am,89866533
6967120,90130548
692566palo,90226259
695nefise,90338672
69780njsd,91638060
6968676665,94178360
696781,94317353
694_20,94510606
6900000000000000,95193002
69190alh,95626332
69102dmb,95626420
6957814123,96331497
699659525545,96377110
696sss,98093262
696ssss,98093448
696s,98249769
69000690,98260908
69074123,99216673
694420,99314854
694532,99440115
693763976,100793405
6934numberbok6934,101022398
696177_Fan,101152465
698564,101267779
69504,101647226
69663Smith,102333918
6955866495,102658855
696420Beluga,104320505
6920wwe,104330165
6987998,105541034
6975107,105696116
6970355,105696127
6958020,105700841
69963,106231473
69216921brih,106862384
699931,108572733
6990bhatta,108991732
695765,109057130
6958863Mateo,109233293
6910scratch,109348013
691cc,109576363
694crh02,110135865
69929,110776465
693lesm,111708803
696911,111740805
6944aspsdubai,111900845
696662137,112568140
6952801,112696052
69143,112708664
69097Jay,112784440
69495Leo,112784455
69400,113358987
698naurisd,113485594
69632721,114900153
699987,117728823
69143_2,118789058
695769h,118982462
697979z,118982463
696992a,118982464
699968j,118982465
699766j,118982467
697406l,118982469
698464w,118982471
698695c,118982478
697268r,118982488
698265l,118982489
692678,119099508
69641973,119201405
69091,119245839
697979zm,119245890
69143_3,119264043
692329,119409923
69143_1,119859410
695n,120400846
69696420,120885785
691Puglord,121113487
69143_4,121137215
69032OOO,122218569
6968659,123233309
699902224_COOL,123828986
69143_5,125234553
69693jsns,127917338
69081002,127980423
692sixninetwo692,129503749
69696favoritetime,131104029
6949_0614,136495192
694221CEOTR,136501601
699069,138166703
696171,139201350
