3802111,179168
385,193531
389,198114
3892468,279067
384,304698
382,306350
38422,372233
38161,438586
3876994,580058
38Cooly,600152
38159,615889
3857482,630503
381,630843
38175879,633904
38099236,643625
38354163,657025
383,697260
38693490,726738
38849487,733028
38206,734339
38419,734344
38742299,814439
384306,984464
380905,984487
386130,984511
38384383838438,991652
38250,999669
38921,1009539
38937,1031029
38657211,1050283
38MarioPk,1120538
38778785,1131454
38228,1198321
38205,1199973
38960,1199975
38166,1199977
38383psd,1207464
380137,1212447
380,1214462
38RAS99,1232483
38447340,1261942
38375634,1409718
38974538,1468562
38546935,1478815
383test,1715667
38887250,1751873
38ashes,1791704
387207,1793891
38379595,1931318
38callleba,1934507
38672529,1945089
38979609,1953280
3832,2056778
3884,2211126
383620,2249928
38362582018,2283171
38434532,2296872
38red,2412283
38509,2439750
38mrz,2447734
3838538,2482702
38428909,2553963
384331,2644077
38450692,2674116
387Geelh,2682390
38hctarcs,2691614
380010029971,2770509
380010026500,2770512
389hzr2002,2800536
380010028432,2824988
380010033700,2829286
384307,2871160
380990587163,3010848
383404893,3073556
388950908,3147915
38138,3234528
3857DH,3344769
3805cg,3345443
3806jb,3345445
3850sm,3346808
3833AD,3348341
3883am,3353885
3879ah,3353912
3892LC,3355499
3877ad,3355537
3888kt,3355561
3873gc,3357661
3859me,3357815
3870gb,3363214
3808JD,3363254
3894ac,3363538
38king38,3379718
3884kr,3402464
3885LS,3411081
386000601,3447253
384000948,3495637
38656210,3592002
380010026683,3634382
3845261,3777287
387316,3835767
3864,3929144
3834299,3937152
38901,4463378
38670,4464218
38scratch2014,4465886
38177,4792485
3834,4972238
384399km,5202610
38320,5297770
380483,5298664
38266033,5666084
3839mj,5737278
381976,6201392
384000555,6268680
380038,6516950
380360,7385754
387258,7499948
38_luc_garzon_p,7825750
384890,7841056
38999,7860014
38R,7881596
380010037317,8179550
383127,8619700
388,8889456
38475,9804634
386662,10232014
380009,10379636
386,10521208
3800,11357032
3868,12194968
380745,12806836
388039,13039764
38b,13249776
38465,13367695
38022,13368325
382114,13539153
38110KOV,13555794
383221,13644470
380230,13943196
38482,14277714
383727,14706385
38913,14748512
3848238482,14870556
387-6c,15674465
38267,15697234
38smart,15931217
387,15977659
38114001,16390436
38101060,16445622
389432,16471334
3874,17831621
3813514527,17838641
385415,17860069
38414860,18110059
389ubamoha,18116512
388julvall,18116627
388443,18378075
3864987,18535447
3893348,18535765
3875185,18535787
3887476,18535929
3887661,18535957
3896447,18535982
3877344,18536003
3893465,18536108
3888805,18536170
3875904,18536277
3875917,18536329
38060,18561196
3888,18960839
3895154598,18999005
3827479738,19152664
38blue2017,19291318
38868,19455141
3881898239,19649913
3862,19875895
3822339733,19925076
3898529711,19934959
383951,20089859
38020,20130345
38069008,20209705
384cat,20394562
38098,20623154
38G787,20809994
3873374,20868990
3817v,20892353
3849887472,20931210
382706,20957177
38v-gamer,21163765
38944,21227148
3858kaily,21273437
38862,21276049
38682,21276059
38629,21276080
38852,21276098
38621,21276519
38668,21276586
38666,21276594
38790-,21276641
38j2axsa,21535155
38384,21570164
3864565,21585242
3888808,21585256
3875488,21585271
3887738,21585282
3890760,21585301
3899585,21585320
3887394,21585406
3887534,21585454
3877422,21585465
3888885,21585511
3866080,21585522
387derya,21614686
388esma,21614706
386deniz,21614748
3813r,21643058
3820h,21643068
3816b,21643070
3818h,21643075
3808z,21643082
386denis,21759231
3818ho,21795800
3813ri,21795806
38h,21799898
38mjs,21845782
3857126884,21891404
3866226,21997059
3877569,21997143
3897531,21999477
3864765,21999520
384219guy,22195189
380010037362,22257017
38_eleve4,22284004
38_eleve5,22284005
38_eleve6,22284006
38_eleve7,22284007
38_eleve1,22284008
38_eleve2,22284009
38_eleve3,22284010
38_eleve19,22284011
38_eleve8,22284012
38_eleve9,22284013
38_eleve26,22284014
38_eleve25,22284015
38_eleve24,22284016
38_eleve23,22284017
38_eleve22,22284018
38_eleve21,22284019
38_eleve20,22284020
38_eleve16,22284021
38_eleve17,22284022
38_eleve14,22284023
38_eleve15,22284024
38_eleve12,22284025
38_eleve13,22284026
38_eleve18,22284027
38_eleve11,22284028
38_eleve10,22284029
3821adrian,22403618
3888899,22456050
385270,22989769
38x,23103728
38917jet,23187385
383701,23436643
3841981812,23625913
38133511,23912333
38456i,24014036
38691,24035385
38691ae,24060484
382638,24111971
3857,24394825
38430554,24426257
38450,24438671
382930,24468883
38littledog,24751218
38478457,24770227
38neko,24800203
382959,24883830
387038,24970083
38001571,25162913
3878846347,25322562
384000936,25393126
3844996435,25418608
3826286731,25418610
384001118,25420822
3856075,25484952
383843809438,25495720
38JocelynY,25574095
38RainnL,25574097
38GloriaW,25574098
38LauraH,25574099
38SiddarthT,25574100
38JaidenD,25574101
38EvelynL,25574102
38WeiL,25574103
38RyanN,25574104
38ChloeT,25574106
38TerrickT,25574108
38AnthonyC,25574109
38SusanM,25574110
38DannyL,25574111
38CeciliaY,25574112
38AmyW,25574113
38AthanH,25574114
38ZaraM,25574115
38KaylaA,25574116
38VienneD,25574117
38BruceL,25574118
38KaitlynL,25574119
38LeslieL,25574120
38KaylaN,25574121
38WillyT,25574122
38SamuelH,25574123
38LaurenL,25574124
38KyleeY,25574125
38KatelynL,25574126
38SeanL,25574129
38CandaceL,25574130
38JieX,25574131
38CalebS,25574132
384001074,25576033
3881135,25580563
3867009,25580753
3801596,25602726
387474834,25639731
38228506,25651257
38201506,25651258
38104506,25651259
38177014,25651260
38291014,25651261
38260005,25651262
38075011,25651263
38087504,25651264
38309005,25651265
38295504,25651268
38155508,25651270
38058006,25651271
38217002,25651274
38082506,25651277
38342009,25651278
38277506,25651279
3893479783,25674165
3887772,25702652
3822339733C,25729321
38033005,25743229
38074004,25743230
38105504,25743231
38347512,25743233
38184007,25743234
38256510,25743235
38295008,25743236
38233004,25743238
38093007,25743239
38303505,25743240
38166510,25743241
38277006,25743242
38198005,25743243
38069504,25743246
38319010,25743247
38260006,25743248
38282006,25743250
38SiddharthT,25779128
3888jay,25783157
38088003,25820370
386042,25822535
3895746,25922513
3855999,25922517
3838cp,26034037
3895154598M,26119188
3869a,26133006
3849a,26133129
386754823,26231148
3857948,26473518
3897682,26473550
38383838yoyo,26479160
3856065,26504860
3883532,26551608
3860579,26551612
386971614614,26698845
38474,26750484
38juice,26806922
3891642,26855398
3867854,26855399
3899224,26855404
3867031,26855405
3892260,26855408
3891818,26855410
3880665,26855415
3880745,26855416
3867323,26855417
3867149,26855419
3867890,26855423
3866887,26855646
3899299,26855650
3898721,26855652
3898442,26855654
3898927,26855655
3880747,26855659
3899255,26855660
3856049,26855667
3869389,26855668
3878288,26855671
3867184,26855672
3880780,26855673
3852231,26938786
3855911,26969173
38vincent,27187418
38647,27242344
3858502,27277566
381418,27279471
3823mclew,27287026
381490,27293189
383170_ya_boi,27422670
383389k,27422766
383389h,27422936
384939,27460715
38doerner,27479635
3817530-omar,27490775
3846118-lee,27490836
3817452,27490838
3843394-bayan,27490853
3846119-bz,27490861
3817481-asil,27490864
3846374-rama,27490866
38lions,27525912
387009,27558201
385040,27558206
386964,27558207
382839,27558210
382513,27558213
383829,27558215
38158505,27559256
3894958,27724986
3867749,27725316
3856098,27725355
3867123,27725525
3867819,27725788
3869421,27725918
3896647,27725984
3878326,27726076
3867007,27726118
3891513,27726714
3895935,27726782
3866949,27765457
3856034,27765503
3855647,27765575
3891519,27765635
3898382,27765708
3878214,27765874
3857968,27765904
3867767,27766141
3856194,27766170
3899524,27766329
3867389,27766360
3878334,27766451
3867713,27766557
3867137,27766617
3855715,27766718
3855682,27766842
3867542,27766927
38STEM,27787701
38218019,27793590
388mng,27881057
38334508,27947982
38267005,27947991
38341503,27947993
38325507,27947997
38234512,27947999
38155507,27948000
38284502,27948001
38214502,27948002
38187001,27948004
38077505,27948006
38118007,27948007
38299016,27948008
38187012,27948009
38305002,27948010
38032503,27948011
38246010,27948013
38314002,27948014
38318002,27948017
38291008,27948018
38351507,27948019
38097504,27948020
38087009,27948022
38252005,27948023
38081014,27948024
38214008,27948025
38249504,27948026
38109512,27948029
38baris,27976373
3894112,28089575
38085,28184957
3846119-yahya,28201975
38K,28245258
38Valeria,28284346
38babyyoungboy,28322691
38117001,28361398
38514139621,28432076
382355,28497340
38143004,28540890
383266,28642993
387519,28644059
383278c,28644065
383764M,28644073
383314,28644074
387191,28644075
383212,28644083
381999,28644092
383814,28644101
383235,28644116
381968,28648752
383857,28650794
384439,28650809
383886,28650811
383810,28650820
386820,28650847
383241,28650854
383376,28650879
386125,28650889
3878363,28653989
3855352,28654032
3895866,28654121
3867765,28654696
3893775,28654777
3867762,28654875
3892339,28655020
3866823,28655116
388033,28655871
38916300,28660365
3880915,28723767
3899209,28723806
3868856,28723825
3830035,28723906
3868750,28723985
3899841,28724022
3868775,28724048
3880139,28724055
386913,28724078
380802815021,28728611
3877466,28970490
3858kai,29020487
388112brown,29198022
389611nunes,29198148
387679,29526726
387047,29526749
383366,29670321
38pass00,29670649
38fumble00,29670715
38OT00,29670752
382points,29670792
38tackle00,29670820
38throw00,29670850
38punt00,29670876
38block00,29670901
38kick00,29670921
38score00,29670942
383291,29671627
38514139623,29729172
38_,29774279
3876697,29796468
3886748,29796471
3875214,29796474
3874459,29796476
3888352,29796480
3876680,29796481
3861077,29796483
3899153,29796484
3897867,29796488
38871,29974080
381489,30027801
38silly,30128527
382095,30137165
386992,30137178
387658,30137183
380642,30137207
381099,30137239
389448,30137247
388863,30137278
387827,30145185
3851014,30212638
384001045,30228869
38cycads,30237653
38sds2024,30257075
385381,30283006
387941,30288010
38royal2017,30291417
38firefighter,30315200
38308503,30317128
38_jua_ortiz,30333934
3898125,30386818
3855953,30388985
385032,30457028
38247007,30529311
3846119-yahyabr,30555154
380973428050,30557538
3857769,30582645
386589,30585172
38happy,30771690
3898521,30864505
3872989,30864551
3892684,30864570
3845431296,31049201
38baby2001,31170120
3881194398,31216625
38-LTEC,31229431
3840013394,31234154
38602,31338759
38011,31874213
3802ama,31882456
3830mur,31882457
3809kaa,31882458
3823hir,31882459
3818shi,31882460
3828hor,31882461
3833yot,31882464
3808oga,31882465
3810kak,31882466
3832yam,31882467
3825fuk,31882468
3811kam,31882469
3815sat,31882471
3893119,31908733
38081004,31966883
38193002,31966962
381450,32028050
3867243,32120216
38851480,32160065
381492,32179374
3894116617,32179533
38TAYYYYYY,32221872
3896119,32324779
3896111,32325057
3857625,32327721
38249001J,32411324
3806094,32469592
3806098,32469642
3806181,32469675
3806198,32469687
3806178,32469743
3806101,32469861
385449,32537124
38Bubbles,32575111
380002599,32591377
38552018,32652206
3806162,32739150
3806112,32739191
3806146,32739218
38baar,32802432
3846,32824046
383arda,32850129
3883teacher,32916579
38300924,32956984
380138,32971622
384207,33819317
3817255,33868682
38DigiKid,33910913
382063,33992029
38westie,34095148
38v-tester,34130167
38270010,34136566
38Anuwat,34255682
38438NV,34263908
38532AC,34268031
38_stem,34311354
38bom,34548779
3885689723,34693735
38baloohra,34739489
38073816,34821445
38BAIT,34878108
3884158651,34991114
3883m,35104513
38eeyre,35114437
3852428,35129720
3886562,35129721
3832062,35129723
387235,35174407
38362JRS,35185765
38062511,35189550
38slesmanatees,35270177
3806999,35334627
3853248,35403225
3878402,35403270
3895936,35403290
3866895,35403311
3878284,35403333
3879080,35403349
38065JRS,35484166
38061JRS,35484365
38105JRS,35484404
38540JRS,35484423
38569JRS,35484536
384001327,35562469
384001216,35562505
384001403,35562524
38imagine,35566884
384001238,35607683
388412,35682415
384091,35702217
386801,35727003
3867296464s,35784594
383477,35794478
38572JRS,35798193
3802238a,35882906
3802634a,35882962
3802113a,35884056
3802055a,35884118
3801958a,35884298
3801941a,35884299
38OMGTech,35940719
388BERK,35983053
38075JRS,35989357
38140JRS,35989358
38164JRS,35989360
38078JRS,35989361
38318JRS,35989363
38564JRS,35989365
38134JRS,35989366
38137JRS,35989367
38156JRS,35989368
38144JRS,35989369
38476JRS,35989370
38533JRS,35989371
38165JRS,35989372
38148JRS,35989373
38149JRS,35989374
38royal2018,36013819
387211,36050923
382335,36051011
387037,36051219
3874845748,36202742
38TINASAS,36210158
38PROVIDO,36241910
384746atvbstudents,36280602
389870,36297837
3800gkcmndc,36842870
3812mozclk,36842914
38YAP,36859819
3812018-19,37394230
38TURA,37404171
38XxXforu,37450578
38VILLEZA,37463244
38v16i,37501848
38v24t,37502270
38v26y,37502298
38smedenelev,37592092
3898409,37648658
380wrh380,37669933
38TAN,37685087
38RUBIN,37690705
38MONTINOLA,37806583
38baby_zayy,37871564
38d,37952793
3869079,38019535
38096LA,38320480
38058LA,38320481
38071LA,38320482
38083LA,38320483
38064LA,38320484
38059LA,38320485
38057LA,38320486
38082LA,38320487
38051LA,38320488
38079LA,38320489
38056LA,38320490
38054LA,38320491
38078LA,38320492
38062LA,38320493
38094LA,38320494
38093LA,38320495
38055LA,38320496
38084LA,38320497
38095LA,38320498
38070LA,38320499
38089LA,38320500
38063LA,38320501
38092LA,38320502
38072LA,38320503
38085LA,38320504
38061LA,38320505
38066LA,38320507
38073LA,38320509
38069LA,38320511
38060LA,38320512
38091LA,38320513
38053LA,38320514
38068LA,38320515
38098LA,38320516
38052LA,38320517
38088LA,38320518
38099LA,38320519
38075LA,38320520
38087LA,38320521
38100LA,38320522
38080LA,38320523
38086LA,38320525
38256009,38340505
3867732,38389866
381527,38402844
38paraguay201819,38435874
38018,38518571
38RICO,38609198
38322002,38660225
38coder,38668578
38143nathan,38741005
38187002,38757210
38chai,38806453
383gassasinator,38928700
382692,38949858
382613,38952949
387446jsw,39161824
38900247,39306006
38044,39361868
38064512,39412198
38083006,39414589
38097001,39414646
38261009,39415696
38274009,39463505
38123014,39463548
38216001,39463704
38231014,39466617
3823444,39466936
38SABEJON,39528855
3847cs,39561466
38301007,39649902
385747,39697789
38niki,39712776
38168001,39738630
381069,39799161
384935,39954190
38m,40036704
38149,40091921
384935ac,40093601
38q,40173290
38108505,40215142
380640,40422337
387382,40422437
388853,40472988
38832,40513547
3893976116,40519572
3859731823,40519579
382273616,40638375
38273005,40684785
386062,40710836
38charlie38,40771882
38v,40809764
38azerty38,40825587
38ap,41128892
388690MM,41259680
386411,41259707
386353,41259731
38292508,41347958
382Ayca,41465793
381-duru,41466092
380_sabina,41474486
386_Bora,41474488
387LeylaNaz,41531300
384001442,41553867
38yangzheng,41569834
389elifnaz,41574496
388301,41632257
3869613,41650537
381957,41678431
3872344,41799062
3891295,41799104
387881,41856685
389210,41946494
38Babyy2,41950483
38Is,42083268
383615,42268386
38820,42413706
382421,43822881
38502657,43920920
38-,44053936
389348,44495738
38u,44592856
38A,44761157
38julia,44882301
3859915,45251116
3882224,45251172
3882309,45251242
3891516,45251357
38153013,45276320
389626200,45471055
388197400,45471104
3882530,45471115
3890704,45471205
3897090,45471313
3894932,45471779
3882465,45471847
3893582,45471944
388197300,45477314
38abc,45487335
38MOMMA,45495349
3882942,45607418
38197,45776544
38awesomedude,48994652
38p,49059623
38Mod,49811079
385imagine,50150970
38358504,50177593
38NguyenThaiNgocTram,50264839
384893,50398532
3801289,50525315
38baby_2,50564612
385722,50645467
3812jc,50881780
3818jc,50881783
3814jc,50881789
3817jc,50881834
3816jc,50881837
3820jc,50883005
3841jc,50883009
3840jc,50883020
386594,51039512
38288013,51205326
380872Merri,51443137
389510deyvis,51443239
38534,51513043
384207AD,51595748
381472ED,51595791
381516CH,51595877
38bluntsamaya,51756067
38bluntsxatl,51756070
38184,51789219
3826md,51835213
3841300482,51949355
38star01,52053105
38star02,52053113
38star03,52053119
38star04,52053130
38star05,52053134
38star06,52053137
38star07,52053140
38star08,52053146
38star09,52053151
38star010,52053155
38star011,52053158
38star012,52053162
38star013,52053192
38star014,52053201
38star015,52053205
38star016,52053215
38star017,52053221
38star018,52053229
38star019,52053237
38star020,52053242
38star021,52053251
38star022,52053257
38star023,52053264
38star024,52053271
38star025,52053277
38star026,52053285
38s,52069585
382992,52075804
388012,52278154
389908,52278163
384384,52278211
383869,52278238
383838sho,52624252
38484,52791047
384746vbstudents,52878687
383369,52947636
383311xf,52947643
383764_hi,52947716
381759,52947747
383780,52947803
383895,52947814
382189,52947838
382749,53173158
380652,53428736
38112501,53537637
38268505,53537706
38102001,53537815
38109512rhea,53664811
3859933,53686319
38768319842,53744896
3886724549,53803170
385775,53803705
3899521722,53832270
38722,53909598
387999,53909649
3869308,54066262
387596,54241158
38nyan22,54498493
38202,55828938
38yolo38,55913588
38623huii,55926063
384729483838,56460396
38egg,57001667
386441,57004389
389elifnaz389,57078516
385381mh,57419279
38stanne4,57443271
3869KMF25,57604004
38858Lincoln,57614490
385225sd,57699714
383030,57699856
38kyle38,57803431
38900588,57805806
38900587,57805989
3846Pga13,59552073
38hana,59760619
38hina,59760646
38G,60183999
38sd2026,60334569
38f,60770559
38aluScratch_CPR,61113494
38n,61240950
38BBYXX_co,61256306
38823mor,61267770
385739583686,61382000
38nef,61452185
3838388,61734622
38family,61942845
3849494984938,62814568
389Liam,62825470
384738928647839,62908165
38WP,62935880
38562_TheArtyGirl,63193423
38doa,63282542
38437374,63285320
38265502,63619670
382ysw,64010832
38i,64236546
383195,64342989
381769,64358495
381854,64358577
382577,64359059
38Tio,64504120
386015,64677274
389536,64924699
385763,64925141
389618,64925288
383894,64926938
387598,64927143
380522,64927241
382694,64927715
382879,64927989
382-53,64999638
3854keitaro,65128850
3813912,65148548
385290,65225859
387482,65229440
387153,65232982
384rayquaza,65531620
383664,65611611
381816,65758756
38289002,65799832
382dogs,65915297
383276BN,65970156
389755,65981736
387335ZW,66043768
38L,66071071
3815_News,66360487
38-GOT7,66380332
384-AZR,66614265
387bilge,66672631
384beyza,66672635
38pear476,66775666
38banana337,66775669
38famyretlegrutyut38,66884857
38bro,67159546
382456,67516124
389poo,67731199
387903020,67763755
384215195,67763913
384hackquaza,67767569
38768237,67820597
382660,67937687
38Hasan01,67954131
38kos,67965299
381_5-H,68099610
382382,68296508
389109,68393924
388054,68589243
38sg,68590124
38r9r9rr9r9,68728228
38_3MUSAC2020,68874761
38-3MUSAC2020,68897433
38babylilbaby,68921432
38e,69090889
3854444444,69542399
386olivercool,69952118
38yoma,71101335
388449,71387682
380114912,71619465
3824443example_user,71677705
38kittens,71746839
3890smart,72539522
38deegan,72944895
38yi4rfhr,73526976
3857483656284675,73545987
38495097,73868862
38T,73903445
38363_Comrade,74742921
385edanur,75095291
384097ma,75354649
38buses,75451602
38346-c23,75496821
384036,75549620
387051MM,75973683
387387387387387,76172333
38jo1204,76260716
38yq,76558963
387sage387,76886944
382690,76990808
385-2021,77392500
38c,77524985
38ValenciaD,77585581
38600899,77853440
3874888427,78097363
38kakeru38,78393267
38_BCE,78656560
38738736324,79243024
38ing,79562406
38881sg,79690771
38w,79729987
3801-loco,79999745
385779coma,80111984
385981jon,80113111
386961vale,80113117
385112sotiri3777,80113139
385229ken,80113140
389723_Bec,80113152
380209cab,80113171
386144and,80113175
380614sam,80113181
385112Vose,80113215
385954OBE,80148849
38250968,80183293
389348dod,80263110
383945_Leakes,80274405
385229roy,80274448
385052SEL,80274485
385779com,80274488
38-Hour3,80310591
38-Hour4,80310658
38-Hour6,80310809
38y,81166375
386196,81390605
38racer,81443303
3849273482374,81470443
382012,81573745
38JayVzzJV,81833176
387087,81976221
38iejei,82262629
3836jst,82272289
382819,82358981
3848534,82497187
38wdbq,82588870
38ta,83835842
3814649,84142530
380KAYRA,84714848
38_Tubtim,85162033
38-panda-ol,85271840
38-panda-lc,85271848
38173337_96,85331947
38furbies,86380095
3842646178taco,86440235
3893642765,86440405
3847383,86537072
387857purple,86545090
3854tiger,86701615
3802813coder,87029498
384345,87089953
384002286,87110151
3841753132,87160079
38J,87573157
38O,87573158
38Z,87573161
38503875103928751,88142487
3814436,88302138
3820928,88476742
388XD,88482842
38Sam,88571620
38-Stella-38,88996503
386915,89184238
38spring13,89316522
38baby_londyn4KT,89416651
38L20Poly,89604347
38BurgundyCoder,89636338
3881193944,89673273
38scratch,89782589
386ak,89802578
38redcar,90134208
3896397281,90699663
38TMSGolt,90759625
387sup,90773421
380WL,90793930
38bit,90875161
38-YASMIN,91028704
38-YASMINF,91046393
3880508,91081508
383838HTE,91087675
3859228,91293367
38_Trey,91494350
381599,91500082
3833625783,91728389
38star027,92460706
38star0228,92460902
38777,92561485
3876642469,93081325
38238____,93813921
385A1,93968933
38-kauan,94433235
387Eray,95012893
385enesozkutlu,95447041
38538446203853844620,96139219
38094010,96156744
381stdigger,97165551
38076sg,97428541
38094sg,97636827
38097sg,97643566
3854keitaro_sab,97733363
38-ariadne,97790240
3803_Scratcher,98039469
38822rc,98257859
38banana,98267076
38544257966652895328,98315304
386318,98609360
388216603E41,98666837
381860,98706797
38wat,98848919
38-isac,99153127
38lgua410,99216593
38phuy566,99216594
38ali459,99216595
38jshu972,99216596
38chol596,99216597
38rtia456,99216598
38gavi599,99216599
38ashe146,99216600
38jlu509,99216601
38spar609,99216602
38kluo731,99216603
38txie605,99216604
38yli153,99216605
38jche444,99216606
38mdai622,99216607
38hnam608,99216608
38drod602,99216609
38ftan559,99216610
38nwon405,99216611
38jye498,99216613
38ryu727,99216614
38aung621,99216615
38atan617,99216616
38vgua725,99216617
38lma676,99216618
38khe610,99216619
38kvuo613,99216620
38iwon603,99216621
38yfen386,99216622
38wduc600,99216623
38jdal681,99216624
38ddom597,99216625
38qphu897,99216626
38emor712,99216627
38jgua477,99216628
38eli414,99216629
38jzhu541,99216630
38richard,99406568
38109madisonedorg,99406786
3803590,99764002
380359,99764173
384749Nicholaschaney,99983667
388sebG,100642514
388jonH,100642521
388yeiA,100642524
381danG,100642619
381aidQ,100642620
381linP,100642621
381lenK,100642622
381alaA,100642623
381aleW,100642624
381galQ,100642625
381sofG,100642626
381aleH,100642627
381tenJ,100642628
381ashG,100642630
381dorL,100642631
381ariA,100642632
381winT,100642634
381anaA,100642635
381ethL,100642637
381natC,100642638
381dusC,100642639
381angX,100642640
381julZ,100642641
381ulyM,100642642
381natV,100642643
381jerP,100642645
381isaN,100642646
381traJ,100642647
381noaG,100642649
381josGa,100642650
381josGu,100642651
3838390,100693590
381khrP,101031065
381samR,101031102
38prodino,101117059
38ir,101134370
38PT,101134452
38HR,101134515
38HU,101140760
38PI,101155571
3809Ilma,101335551
38fox,101454134
38Emmettar,101460647
3840_umaama123,101603551
3840_Umaama124,101604066
3840_umaama,101623660
3840_umaama1233,101715761
3800638csm,101730819
38507HO,101933231
384469418,101959325
38101f,102221880
38055045,102457414
3879099149,102658851
385Awhsij,102956768
381237,103014094
383ok,103409023
3813perfect,103897833
381darS,104108650
38pandaap,104483209
38pandarh,104483217
38pandaasv,104483222
38pandaas,104483224
38935,104705984
387321,105103249
3881AceOFSpades,105651131
3884cc1,105975142
389Ir0nman,106121456
38PN,106178461
38732463,106292642
38Apo38,106477910
38671meeeee59748,107179274
38siki,107484530
38139Hempling,107722124
38578400,107757985
38824,107762497
3874-wororu,108007288
3828923Mateo11234,108033794
38369,108058150
3885532,108340196
380Zpqt,108603512
38TH,108630846
381387,108661747
387918,108842763
3879348,108883296
38475498jj,108912195
384student24,108961976
38RRCACL,109084657
380-1,109253867
38-JW,109636012
38895,109644688
385atikA,109681204
38batfish,109794930
38alunojw,109868469
3849ss,109875418
38dkl,109877965
38horsetail,109935102
38sgccma,109946613
38sgccrs,109946615
38bengaltiger,110017168
38motorstall,110109953
38285IS,110492931
381183,111278481
38asovinski8a,111443643
386such,111708815
387321_Fan,112576330
381288,112831218
384847,113116050
38pi027,113289639
38445,113413412
3879q,113685008
3852farida,115254923
3887ramya,115554350
387kir,115611357
38575hedgehog,115932340
38gabrolive,116504278
389-sr-38,116568501
38393849,116654510
38daniel8b2023,116783686
38maousama,116940235
38-robert,116944367
38otcs,117141770
38watt,117425587
3878qryea87rye79a,117524792
38davifloriano,118193668
38bizarrecheesecake,118345858
38mtra411,118369952
38achi375,118369953
38spacecamp,118383202
38610C,118505970
38_goncalves,118742267
38RdSa,119677196
38HiMyCoolkids71,122186268
380poko,122204979
38242yearoldgrandma,122909190
3854-sab,123322862
385214,123776768
384150078,123895861
38_kaewsai_11,123902379
38kayo,126047385
38850473P,126246075
3853220,126436822
38850473f,126674214
3892ee8,126703561
38z0,126707503
38_310,126891109
38373973,126938390
3809f,127057010
38Care2024,127470627
38Algebra,127812996
381568,127938350
380Joey,129014090
381Joey,129014147
382Joey,129014223
383Joey,129014233
384Joey,129014246
385Joey,129014260
386Joey,129014273
387Joey,129014336
388Joey,129014347
389Joey,129014355
38-7c-2024,129923993
380175599,130075290
38infinityanimal,130257916
38_164,130300601
38-LeVinhTrieuDTC,130724466
38grispoil,131399682
387012,133350328
38santanaa9c,133567638
3869bburk,133801816
38pinheirooliveira,134825944
38850473f_alt,135089673
38_Daudt,135761811
38fm7b,135868744
38573930,136024545
38ROBURSO,136192288
381074,136825210
38472ac,137805421
383_8,137957532
38106483,138061882
381limitedexpress,138120122
382acb79eb679ddd61b1,139961136
