9000,22490
900,54063
90299711,79843
90xz9,80697
9090joshua,85114
90299511,87202
902,112924
904,112991
901,132458
90210miley,173594
90FREDDY,249594
909,249774
90po,252713
90o,256492
900900900,299121
908,303075
9002,380882
909090,404374
905,404461
90210BevHills,418783
90-,420848
90309667,467232
9000Flames,499907
9010493,513396
900june,585594
903,620492
90g,624965
900900700,629859
904290,638790
904228,639837
904027,639839
904265,654376
909490,655307
904122,655503
904259,655505
904207,655506
904007,655519
901313,657524
904246,664916
9027,676460
904052,686698
90p,724193
903wch,750535
90Marie,758483
900000,773245
90uke,782124
90345,792584
90300,792693
90108,799907
9067,848512
902-FEP-OS-TEST,860289
906,967378
901p5s10,1029677
904159833,1047620
909066,1048555
909061,1048556
909367,1048559
909543,1048563
909173,1048965
909128,1048969
904053,1048973
909015,1048976
909132,1048977
909438,1049491
909397,1049496
909480,1049505
909259,1054192
90415,1100575
9076,1108350
902332,1131843
909090888,1144635
905642928,1206086
90719,1220957
90763,1221295
90753,1221297
90740,1221305
90765,1221314
90757,1246355
90755,1251106
90671,1251223
906238692,1260618
90706,1260823
90771,1260961
90774,1295437
903316652,1305016
90644,1478584
90xl,1776563
9060698,1795213
900122tw,1815346
900105,1828544
907145654,1865022
90zaka,1876606
903054,1921247
900328,1928962
908174584,1947608
90MAAM09,1951667
902129029,1963006
900521,1975110
9095312,2044531
905398796,2045767
900705,2057830
900109,2074552
900913,2224610
90817,2227822
900730,2228033
900strike,2250777
905812620,2295284
9008878,2299377
909346,2374744
9022,2384133
90happybusy,2526008
9099,2527405
90909606,2530381
9026,2534998
90003,2535452
901126,2545709
902547,2572564
903Alex903,2609444
9000xtr,2627110
90nijhof,2680694
900hawkeyes,2691335
902243,2695992
9038,2708877
90TBAZ,2740835
901999,2807559
902312,2807560
90vhms90,2826126
90123,2838439
900925,2862561
901028,2862679
901025,2862680
906669,2864952
9001,2886532
90656,2941550
904251008,2944389
904151009,2950424
900miles,2955223
9001360,2984722
9090909,3001042
903090503,3029267
90000-,3041178
90basketball,3056247
90516122,3065077
9078892,3100432
901118betty,3106319
90011980,3131471
900102891208,3148449
90ris,3156057
90304338,3160217
90303026,3161234
90304513,3161261
9000wows,3161514
90308729z,3161800
9032068,3167010
903866,3176049
90305621,3176912
90306799,3177649
90307296,3179386
900223hank,3182302
90191,3253168
90604,3256617
907392,3314544
901008,3316973
90512141,3351395
90DegreeGames,3398604
903658,3499316
903009,3513894
900m8,3537480
903108503,3576076
903467,3585307
90s_Nick_Kid,3589096
907r5,3601051
901000813,3811087
900Voltz,3814449
904200006,3930610
900miIes,3969842
90sNickKid,4005280
90900,4020929
900fly,4149477
9052379,4232473
905andfell,4250933
900droplets,4312392
9011k,4378917
9000ice,4465248
90219012,4554115
90potato,4629703
902180,4692111
902173,4692121
902X,4828651
900800400,4875642
904341005,4894860
9001372,4926904
9091jack,5021576
90834,5496082
90609060,5836624
9010797,5837850
905054002,5899878
9064331,5946934
904109003,5965050
9000PLUS,5998272
909090909143328952,6063358
9028,6170846
901pollypopsticks,6760352
906154,6760750
90dominator09,6812942
909Lover,6857292
909Pegasus,6920582
903363001,7502410
90955,7527878
90900991,7552188
909Unicorn,7605476
903741,7694686
901335lt,7920374
90_wei_rodriguez_g,7988984
90013A_iva_garzon_h,8083646
907958991,8090562
904155007,8336110
907,8701370
900377341,8817050
90s,8826740
904084003,9313282
90mphNoah,9319604
90013_161_ELI_CAS_C,9406260
90013_34_jei_rueda_a,9508130
90awesome,10493298
9077lol,10743988
90c,11221742
90manuelmoreno,11501734
90kkkkkkkkkk,11537692
902476,11905274
901218,11953608
90t,12705616
9032843113,13232559
9002651,13294746
906333,13296813
90lollypop90,13584027
902403,13624419
900644,13643889
90B,13667000
9010724,13892654
90427awesome,13940453
909Shadowflight,14047371
90901005,14125236
900434132,14160970
909_Pegasus,14167573
9045cle,14403180
906142,14406265
906292,14406417
900z,14445617
9000x,14507863
900000000,14528494
909UTuber,14532553
904-jt,14573759
900938,14699313
90DISNEYVILLAINS90,14730211
90003769,14730999
90901107,14780253
901374,14893588
904170,14931233
904392,14931291
903305004,15667411
90emiller,15864070
908433LGP,15975750
907036LGP,15975781
9024596,16151699
90sJake,16200089
90901002,16311460
90miles,16441852
901923,16614259
902581,16758478
90nicecrystal,17079488
90i,17110787
904622,17154293
9045banana,17325225
905banana,17336205
901chArles,17602856
90734,17772816
90960,17781631
900Ben9,17896626
908910MilesC,18008901
902Coral,18083669
903Crimson,18083670
908Green,18083671
904Cyan,18083674
901Brown,18083675
905Gold,18083677
909Indigo,18083678
907Grey,18083680
906Gray,18083681
90986crowleyisdtx,18117689
90809170816,18153478
90ee,18162462
9001286,18175513
9002038,18175615
9001978,18177134
9062619,18212382
9086941,18212401
9051847,18212504
9030581,18212554
9087661,18212587
9030402,18212604
9079349,18212616
9073929,18212626
9078297,18212654
900588,18219685
900962,18219704
900288,18219713
901265,18219731
900km,18242929
9017cvusd,18349394
9041cvusd,18349408
9080cvusd,18349443
9044cvusd,18349638
9024cvusd,18422757
9033cvusd,18422798
9010cvusd,18427320
9015cvusd,18427344
9016cvusd,18427354
9021cvusd,18427388
9028cvusd,18427395
9054cvusd,18427421
9055cvusd,18427430
9071cvusd,18427437
9079cvusd,18427441
9090cvusd,18427449
9003cvusd,18430856
9000CousinTree,18465692
9040cvusd,18516387
9086cvusd,18516533
9042CVUSD,18568815
9022CVUSD,18568819
9026CVUSD,18596358
9059CVUSD,18596361
9067CVUSD,18596375
9008CVUSD,18599603
9027CVUSD,18599607
9036CVUSD,18599612
9068CVUSD,18624542
90440CVUSD,18624802
9052CVUSD,18624806
908070605040,18628705
9007cvusd,18660604
9009cvusd,18660606
9018cvusd,18660611
9019cvusd,18660612
9034cvusd,18660614
9039cvusd,18660617
9049cvusd,18660625
9060cvusd,18660629
9085cvusd,18660632
9087cvusd,18660635
9089cvusd,18660637
9032CVUSD,18668158
9030CVUSD,18668161
9073CVUSD,18668163
9062CVUSD,18668167
9001CVUSD,18668170
9012CVUSD,18668171
9061CVUSD,18668174
9075CVUSD,18668176
9074CVUSD,18668178
9002CVUSD,18668179
9097CVUSD,18668180
9046CVUSD,18668217
9096CVUSD,18668224
9082CVUSD,18668234
9047CVUSD,18668354
9048CVUSD,18668355
9020CVUSD,18668356
9025CVUSD,18668357
9045CVUSD,18668358
9006CVUSD,18668360
9023CVUSD,18668361
9057CVUSD,18668373
9094CVUSD,18668374
907001,18763604
90909090090,18816845
9076CVUSD,18823572
909alpha,18849066
90013_jai_cristancho,18902590
90K,18921522
905287788wnh,18933068
904565jb,18942039
905736,18942062
904047,18942071
900R,18943787
90r,18944095
900923,18949986
903588,18950004
90y,18953425
904131,18985833
904937,18985867
906397,18988959
904006,18992904
901003621,19018459
901744od,19060710
9070cvusd,19090131
9000YU,19368160
90lim,19398190
90227eg,19445490
90brina,19544486
90000000000,19576853
9044cvusdJaiddon,19734848
9003line,19737712
908675,19793678
90w,19826591
9025grif,19867777
906FoxySFM,19913490
90568572j,19917858
90000ultimatex,19919217
903336007,19949267
901479sl,19954506
9047,20025182
904111,20310503
9001923,20364254
90003859,20370576
907puppy,20461692
90jojo90,20473697
90pingpongpangs,20652868
90376d51,20751559
9086g,20892253
909832,20962502
90987,20969159
9058gallbookworm,20977581
90F,21069368
907sam,21111270
9093cvusd,21146736
901537ez,21314587
90001568,21463543
90pikechu,21476606
90josh09,21514099
90nicecrystal_school,21524809
90bmmm,21548130
903788,21564798
90013-79_nub_prada,21577254
90013_78hec_guerrero,21638694
9090909HAXZ,21642771
900106,21648948
900629,21721013
901810S,21787780
904236504,21824000
90soccergirl,21842515
90cola,21855396
90_k,21957219
909504SC,22043766
90sgirl,22047233
90e,22052264
909581CDW,22077475
909658TB,22081858
909703pd,22082310
909747jw,22085884
909780NG,22085890
909779TG,22085892
908641kd,22085907
906502fmd,22085930
909859gne,22085950
909924bs,22085952
908615em,22086070
909454luis,22116342
909926hc,22116362
909095jc,22116364
909776RD,22116385
909349ae,22116397
909635kh,22116414
909681cw,22221002
908627dw,22225845
901469,22326745
906374,22326752
901469as,22326796
905343,22415522
90228,22497027
905417,22500115
9002008,22524872
9001530,22528491
90214010,22633810
9022940,22855600
9037103,22863292
9037836,22863295
9048719,22863296
9021708,22863298
9024469,22863299
9020437,22863303
9023455,22863307
9022437,22863308
9020734,22863309
9024447,22863310
9014278,22863311
9055852,22863314
9022993,22863316
9032360,22893486
90013_14crissantodom,22915609
907566le,23029049
9037590,23094865
907839679,23130928
9099009,23197782
9001014,23239700
90003791,23349060
90996178,23525421
90779,23572431
904262,23601465
9090catkitty,23629713
90degreeAngle,23904551
904024005,23909750
905salih,24039469
903ava,24065220
90306561,24078013
9027680,24133279
90002,24227756
909David,24258791
901314,24263123
901320jt,24280986
902026669,24397178
90d,24428893
900012345678,24459951
901awesome,24508537
909090909090jj,24560175
9001_666_1337_21,24749270
9082,24872326
90H,24999529
909192939495,25039597
90twigg,25074744
905408,25083391
9017035,25142897
9028641,25142903
9082005,25145528
909086,25204050
90hongbin,25296963
906261,25307668
902116,25320070
904185,25320102
904439,25320113
902437,25320116
903492,25320124
904138,25320126
902130,25320128
900035,25320130
906748,25320133
906660,25320153
901765,25320162
902592,25320195
900896,25320282
904132,25320285
900268,25320297
908736,25320299
903969,25321378
904647,25321406
902381,25321441
903448,25323929
903445,25324325
904152,25324326
902033,25325072
90_lis_duran,25396711
906017,25410976
901411,25410977
902196,25410978
904819,25410986
904049,25411250
906554,25411255
901418,25411313
900007,25411318
900002,25411523
904974,25412100
902459,25412108
904557,25412566
906562,25412572
904422,25412576
901462,25412581
907256,25418629
902218,25418630
903900,25418647
900796,25418648
906697,25478412
901579,25478415
903105,25478418
900907,25478472
904099,25478492
901gr,25536648
9055Ai,25613633
9057Mw,25613780
90001953MC,25644084
90002470MC,25650942
90001710MC,25650943
90001860MC,25650956
90001712MC,25650970
90001841MC,25650979
90002077MC,25650981
90002285MC,25651390
90002505MC,25651400
90002051MC,25651423
90001893MC,25651424
90001524MC,25651428
90001734MC,25651433
90001922MC,25651519
90001789MC,25651526
90001825MC,25651635
90002146MC,25652091
90002183MC,25652100
90002082MC,25652170
90594,25655428
90frisk90,25710634
902320,25741007
901358,25741108
903535,25741143
905570,25741448
900184,25741464
901274lm,25741674
902886,25763882
905251RC,25817788
903645,25817796
901974,25817815
900083,25817827
901412,25817830
905860,25817833
901098,25817875
901287,25851836
901801,25851837
901831,25851862
902872,25851915
908898,25852195
901322,25852215
903988,25852387
900166,25852634
9032010,25855588
9042010,25855602
908528,25883373
903132,25883398
901597,25883442
901262,25883444
902305,25883449
909190,25883452
904953,25883464
902836,25883481
905906,25883536
902401ef,25883543
900d,25896425
906601,26094049
90a,26168980
902631,26186027
90percentdead,26193473
90747010R2,26256070
9080001,26375829
90800013,26375875
90800012,26375876
908000017,26375882
90800014,26375889
90800010,26375901
90800011,26375991
90800008,26376006
90800006,26376021
9080009,26376031
90800016,26376034
90800018,26376045
90800015,26376047
90Joll,26381242
90Jolly,26381589
903167,26445733
903306,26491977
903198,26495151
905844,26498326
904522,26498351
90ies,26500458
9010987,26517144
904307cat,26534435
904043,26638227
909090905,26700770
901002726,26733392
9021912,26803569
90414848,26826894
90412869,26826897
90416644,26826935
90419860,26826940
90419829,26827019
90416666,26827098
909bo,26922930
90Cassidy,26926998
90Cassidy0,26927406
909jaffacake,26937309
90titop,26979503
9001630,26981373
9002340,26981379
9001008,26981388
9002282,26981391
9003818,26981402
9003719,26981408
9002120,26981413
9064404,26986911
90412850,27068818
9090r1,27118425
90410279A,27189662
90419404Jane,27190080
90412786,27191085
90420857j,27202589
904110,27204630
900Morteza,27275759
90420857jh,27333236
90420857jh6,27334202
90492942,27334547
909os,27347693
90404446,27362253
90417587,27362442
90420857jh678,27374386
9090hvj,27411388
90458,27425337
90420857jh6789,27462572
90Productions,27477900
904504,27516952
909090772,27532277
9006quin,27540455
904509,27557522
90110546,27564783
9000_42431,27571431
90456,27633072
90416644T,27687384
90420857jh67898,27701315
90909090999,27729865
90409576,27732669
90402583,27739134
90901112,27739893
90402563,27740317
90802549,27740358
90402496,27740361
90802518,27740363
90402570,27740371
90402549,27740372
90302999,27740385
90402601,27740387
90802530,27740388
90034,27828962
90420857jh67898222,27830694
908000,27864286
901r,27901516
90mo,27913214
902395,27940416
9004021,27950860
907591,28001473
9088765432,28025784
90000won,28101872
9007199254740992,28141818
9002168,28164111
90156320,28184550
90420857jh678987,28237224
90zela67,28288257
901004,28345027
902109,28345072
90nrocinukniP,28365166
9068885,28435932
9068884,28436039
90420857jh6789899,28444732
9087372,28474532
9015476,28521366
903868,28746854
901gavin,28832224
90u,28842124
9099682,28859628
903637,28869720
9080134,29005015
9041382,29005017
9068665,29005018
9068089,29005042
9041358,29005043
9067512,29005044
9068314,29005046
9089714,29005047
9067960,29005048
9082348,29005050
9085972,29005053
9067855,29005054
9071349,29005060
9068720,29005061
9067986,29005065
9087500,29005067
9083899,29005068
90w9r8r,29503583
90Savage,29640008
9036500,29700138
9000638,29768666
9099-,29826294
901002082,29889790
9000Sprites,29898938
901005171,29926925
901003235,29926938
901003233,29926939
901006691,29926948
901007375,29926949
901001236,29926955
901003047,29926956
901003390,29926957
901005427,29926958
901003025,29926961
901003337,29926962
901003325,29926964
901005207,29926965
901003051,29926969
901003194,29926970
901003232,29926971
901002583,29926972
901003035,29926973
901003031,29926974
901003434,29926975
901002484,29926977
901006368,29926983
901005171arl,29927125
907888,29935920
90a55,29956939
9093054,29967221
901667ks,29984506
901006656,30020454
901003880,30020471
901003033,30020473
901003681,30020475
901006290,30020492
901002983,30020493
901004288,30020495
9001004646,30020496
901003678,30020502
90112354,30020503
901002357,30020504
901002469,30020505
901003650,30020506
901003151,30020508
901006898,30020509
901003987,30020510
901003685,30020511
901003652,30020512
901003677,30020513
901004145,30020517
901007514,30020518
901007592,30061560
901003888,30061561
901003477,30061565
901003848,30061578
901003953,30061583
901005428,30061584
901003727,30061586
901003901,30061599
901003656,30061603
901003193,30067560
901005418,30067565
901002955,30067573
901002095,30067576
901003058,30067579
901003326,30067583
901004042,30067584
901003234,30067586
901005399,30067592
901003052,30067593
901005998,30067594
9010123457,30067595
901003048,30067598
901007002,30067599
901003239,30067600
901002950,30067602
901002311,30067604
901007534,30067610
901001818,30067611
901003274,30067617
90100339,30067630
901007534bob,30067636
901001324,30067649
901003195,30067655
901002311oo,30067930
90noah,30174320
90x,30184759
90013_7_jul_casillo,30186794
90396285,30215952
904351,30229438
90901095,30259112
9052012939,30295456
901017,30300131
908552,30322336
901shyoff,30324531
90XxKalosxX09,30359885
904316,30496039
9002kysgub,30518646
90900989,30532445
905098,30626706
90386lps,30666418
900student,30666859
904360,30669682
905352,30671006
904358,30709736
90dog,30750875
900291S,30752613
90196lyv,30837706
90608,30841376
901student,30869449
90007929,30926113
90trash,31055973
903062,31165669
901902,31219685
903810,31219750
900Ts,31273141
901003331,31330646
901003331K,31330735
901007397,31334147
901003897,31334165
9001939,31365517
9002044,31414755
900112081,31529141
9001108,31924136
900083jj,31932086
900hg,32021727
90005082,32041814
90004396,32041823
90006443BH,32041951
90004744,32076217
90004797,32076220
90004726,32076223
90005247,32076224
90008300,32076226
90004641,32076227
90006894,32076245
90004878,32076246
90006087,32076266
90004653MG,32133617
90008397WH,32133618
90004723em,32133621
90007634LC,32133624
90004746p,32133625
90004306DT,32133626
90004730np,32133629
90004745as,32133631
90004769CZ,32133642
90004790,32133678
90004662,32169736
90005160,32170258
90411256,32249737
907053,32283112
90004729,32284178
904061067,32285561
90415847,32285569
90404517,32285584
90415458,32285588
90405782,32285597
90415197,32285607
90407279,32285619
90416449,32285640
90413247,32285651
90412923,32285659
90413576,32285674
90406044,32286203
909060chloe,32321746
9031256,32375847
904gab,32407199
9043256,32408455
90403039,32410213
90401248,32410246
90416323,32410268
90421134,32410284
90413786,32410345
90005454,32417573
90004754,32417611
909775,32430797
90004711,32445126
90005030,32445185
90004963,32445603
90003068,32445685
90411245,32448073
90411,32481368
904113,32482258
90409575,32483305
90404051,32483353
90405475,32483368
90004660,32526763
9041,32528605
904112563,32555969
90brinafanpage,32556474
90004753,32587089
904112,32656374
90hhk,32676472
90004668,32706327
9041125,32708577
900662rhl2018,32720300
90004637,32746137
90004852,32820739
90413819,32858652
90004668AH,32910438
90004228,32910580
90004657,32946961
90004459,33324801
902209,33368230
90416452,33448006
90388423,33481715
90308350,33510276
909849584944nf,33511726
9080s2018,33622427
900000000000000,33683045
9012743,33744185
90sman360,33835606
90733464,33938819
9002123,34027115
90_Degree_Angle,34027252
9003line2,34106704
90joshextra09,34163224
90Meowgical_Maria,34190728
903345,34205061
900999,34259028
903946,34316921
90actor,34375020
90v,34421215
90llessur,34438240
902ict2018,34452893
90sPop,34520721
908636,34534806
904016,34574150
90127mku,34583299
90488,34584243
90835,34584260
907459,34616115
90471,34654582
907217,34679598
90baloospa,34739653
907293,34748039
9011324,34767724
90448,34790890
9032matthew,34793291
9044085,34802210
90899947,34821453
900yoo,34826120
9004538,34873011
90002178,34906372
9041855,34910375
9026315,34910408
9066605,34910449
9024595,34911818
9017655,34911878
9000000000009y,34918067
9041325,34952621
9008965,34952708
9021165,34954967
9034604,34955191
90sNickFan25,34966532
9009gamer,35026547
90455647236461691,35031804
907256s,35095952
906017s,35095954
905656s,35095957
902196s,35095958
904891s,35095967
902218s,35095968
9000355,35099352
9058605,35100044
901462s,35107368
901411s,35107371
906562s,35107460
903900s,35107468
904557s,35107476
900012,35136174
903492-5th,35137490
9049745,35137571
9021305,35137738
9034484,35141516
9034454,35141531
9088575,35145168
9002685,35145174
9047364,35145720
902121s,35180605
901418s,35180612
900007s,35180614
906554s,35180617
90Bob,35227086
900002s,35230330
904011ao,35234875
905436,35234891
901042,35239001
904517,35239002
90slesmanatees,35270263
901AP,35288005
9000012,35288791
90000121,35289583
906385,35294800
906391,35294813
904049s,35301660
902839,35304734
900502439,35376494
900502446,35376495
900503539,35376496
900503498,35376497
900503470,35376498
900503554,35376499
900502116,35376500
900503214,35376501
900502394,35376502
900502074,35376505
900503245,35376507
900502392,35376509
900503832,35376510
900502727,35376511
900502706,35376513
900503729,35376514
900502730,35376515
900503798,35376516
900502851,35376517
900501999,35376518
900504021,35376519
900502485,35376520
900503292,35376521
900503009,35376522
900503748,35377726
900503067,35377734
900502213,35377745
900503013,35377746
900502270,35377904
900503011,35378014
900502614,35378564
900502438,35378565
900502793,35378566
900502433,35378568
900502768,35378569
900503609,35378570
900503464,35378571
900502457,35378572
900502468,35378573
900502509,35378574
900502435,35378575
900502708,35378576
900502028,35378578
900502934,35378580
900503749,35378582
900502701,35378583
900503228,35378584
900504103,35378585
900504023,35378586
900501766,35378587
900502703,35378588
900503549,35378590
900502882,35378591
900501800,35378592
900502461,35379158
900502769,35379159
900502613,35379160
900501870,35379161
900502455,35379162
900502434,35379163
900503735,35379164
900502443,35379165
900502437,35379166
900502719,35379167
900502709,35379168
900502738,35379169
900502700,35379170
900502717,35379171
900502947,35379172
900503727,35379173
900502453,35379174
900503973,35379175
900502481,35379176
900502473,35379177
900501945,35379178
900502704,35379179
900503050,35379393
900503053,35379395
900501913,35379396
900503734,35379397
900502767,35379398
900504094,35379399
900502209,35379400
900502747,35379401
900503562,35379402
900502699,35379403
900502817,35379404
900503184,35379405
900502691,35379406
900502749,35379407
900504064,35379408
900503469,35379409
900502758,35379410
900503068,35379411
900503588,35379412
900503018,35379413
900502890,35379414
900502891,35379415
900503065,35379416
900502898,35379417
900503001,35379418
900502342,35379479
900502203,35379480
900502308,35379481
900502784,35379482
900501888,35379483
900502106,35379484
900502100,35379485
900502134,35379486
900503220,35379487
900503438,35379488
900504056,35379489
900502018,35379490
900503815,35379491
900502864,35379492
900502311,35379493
900501686,35379494
900503156,35379495
900503856,35379496
900502331,35379497
900502337,35379499
900502335,35379500
900502334,35379502
900502315,35379503
900502304,35379504
900502328,35379505
900501950,35379506
900502462,35379577
900502743,35379578
900502459,35379579
900502444,35379580
900502107,35379581
900502775,35379582
900502395,35379583
900502071,35379584
900502725,35379585
900502737,35379586
900502713,35379587
900502166,35379588
900502398,35379589
900502731,35379590
900503912,35379591
900503914,35379592
900502857,35379593
900504020,35379594
900503784,35379596
900502923,35379597
900502480,35379598
900503612,35379599
90191752,35412263
900503161,35415294
90pointer,35439002
901780,35466946
90953000,35467006
904880,35510637
90imagine,35567117
90kem0n,35622462
900001212,35636933
90balooleia,35644960
9042804,35680944
9043164,35680963
900504126,35722512
9039463,35766071
90Muffin90,35782076
9062350162,35874924
900504108,35879204
900504129,35879281
904015J,35943807
90pop11,35944085
901328M,35946337
901157L,35946339
901181B,35946341
90953sm,36041124
901195T,36044495
900058JL,36044517
906389C,36044520
901179K,36044523
901340K,36044525
901158D,36044532
901419M,36044535
901185R,36044552
901153D,36044560
901321,36044566
901337E,36047482
901191i,36047490
901154R,36047494
900197C,36047501
901155A,36047508
900218,36047517
901143B,36086608
904082R,36086620
9013468,36086622
901276M,36086628
902416L,36086629
901271S,36086631
905994,36088700
903881K,36257272
900coc,36269856
90003743LJF,36311242
90008366AP,36311244
90005015jc,36311245
90004389,36311248
90003872BAR,36311249
90005694cf,36311255
90003884cej,36311273
90007379rk,36311287
90003849hm,36311296
90003895kla,36311297
90003747rg,36311302
90003763jd,36311310
90002758,36311312
90003948cb,36311321
90003829wr,36311322
90005751ASJ,36311352
90005698kathyk,36311356
90006712avehar,36311357
90007521gad,36311361
90005718cjc,36311362
90004045PJM,36311375
90005694crf,36311389
90005015jac,36311393
90007379rak,36311395
90006511kcr,36311418
90003395kamc,36311425
90008058EBW,36311501
90003419bt,36311529
90004314ECR,36311534
90003728cd,36311552
90006712ar,36311647
90005698kk,36311665
90003319dp,36311955
901178,36314374
908757ycchey7e,36678114
90357191,37434799
90006444BH,37449922
90004636DA,37449923
90006443BKH,37449926
90004647NB,37449927
90004738vr,37449930
9000JS,37449944
90004658ac,37449950
90004759et,37449959
90004215ab,37449963
90004728mp,37449985
90004744SM,37449988
90008397WMH,37449989
90002752KGI,37449990
90004901jm,37449991
90007588ER,37449992
90005113,37449994
90007301zb,37449995
90004141ZLC,37449998
90007318AE,37450002
90004729VP,37450008
90002725KGI,37450031
90006832mr,37450046
90004148TH,37450106
90004848cr,37450112
90004721km,37450129
90008661mb,37450182
90003100,37450214
90003315D,37450223
9000187,37474413
908Emilia908,37495807
907125,37503326
90004067WLW,37576678
90003773FL,37576846
902beb902,37654025
90004122DG,37666101
90005995LL,37666177
90004187JCD,37666201
90003817MH,37666259
90003941ME,37666261
90003765,37666288
90004179bpc,37666302
90005438,37666327
90003724LD,37666395
90004949SP,37666404
90003760MC,37666417
90005911MPNC,37666422
90004394tj,37666443
90003873srs,37666455
90003885nk,37666468
90003820TM,37666477
90003822DM,37666496
90003503DH,37666497
90003739rc,37666529
90003868CHS,37666550
90003874ts,37666590
90003141CB,37666598
90003503DLH,37666621
90003867cwn,37666635
90005438lb,37666651
90005911MPC,37666681
9000678db,37666725
90003739rfc,37666905
90003874tjs,37666994
90003886LILY,37667010
90004315MCD,37667079
90007619ab,37667267
90003739r,37667377
909lsa909,37669830
901spb901,37669927
90004750JS,37715324
900hundar,37828480
903003,37865753
903003pennie,37866061
903003kf,37867243
907121,37963165
90004192NS,38031182
90003820TOM,38031250
90003738,38031289
90003736AMA,38031507
901039,38037610
901560,38107042
9018hk,38121418
901118pennie,38270211
908070605040302010s,38280468
901560b,38298634
90005690PH,38302138
90006507AB,38302372
90003814el,38302483
90wa,38371874
903735,38380110
909171697,38406159
90003739rcf,38408008
90007619,38408333
90bear,38429373
90-2therock,38470082
905335R,38497931
9067088,38497941
9070scs,38576061
9047scs,38581566
901003973,38586861
9060scs,38587246
9069scs,38587309
903961,38615651
900504145,38626475
901200,38712355
902360,38815139
906586,38891791
903149,38891797
90914Thelma,38922159
90848kho,39001910
90_,39118841
909273,39163039
904921,39163206
909935,39163220
901436,39289818
90003182,39298066
900002951,39298110
900050a,39301120
90170,39329077
907066,39447469
90bear24,39460894
908440,39477401
904CompLit-1,39500564
902077,39557522
9078040,39645327
903655,39663748
909_kenworth,39667690
90M2,39679747
901002012,39695944
900452409,39695957
9002086,39740803
905641,39761071
900029,39761368
90overallGlasscleanr,39800605
90_Divine,39865119
903418Hillside,39893914
90bed_parador,39909080
90308,40188702
901007571,40276934
90pmzq,40357237
90393mkums,40427602
90488mkums,40430440
90913mkums,40430504
90402mkums,40430508
90835mkums,40435784
90739mkums,40439600
90127mkums,40439611
90668mkums,40439618
90sTrash,40509552
90804,40563230
904129930,40638362
901532Hillside,40715822
9014781,40717569
90412,40717984
903412,40744668
909766549,40956277
90ivan09,41061301
908674,41062383
907982,41062388
907983,41062389
907984,41062393
907985,41062399
907565,41062405
907833,41062411
907989,41062416
907988,41062436
908001,41062449
908002,41062457
907566,41062463
907567,41062470
909160,41062474
908009,41062477
908016,41062480
907575,41062489
908036,41062490
908042,41062500
908051,41062503
908053,41062508
908058,41062510
908065,41062513
908678,41062518
908084,41062525
908085,41062532
909408,41062536
908087,41062540
908194m,41062549
907529flip,41082652
900003776,41099086
902715,41123183
905331,41174855
904622g,41264549
905581,41264929
906161A,41276225
904012,41276247
909954Z,41276273
909imbigdaddyn,41276794
904133aj,41312780
904560,41316617
909imbigdaddyn8,41356932
905859E,41422563
903328,41431968
903328er,41432004
9029532,41435950
9090613jesser_302,41513051
9019238765,41593233
900hag-ty645,41652109
90890890809,41733654
9090905,41788678
900a93893be847499690,41817538
909imbigdaddyn855,41820552
904479,41825886
9087hh,41826596
90M,41879117
901mwj,42087763
90n,42111432
900688,42262653
90PandasHere,42273048
9037741,42352154
90285JW,42437044
90909l,42623141
909023239023,43802891
9000234Jt,43858157
900933,43910977
900502295,44019338
9090909090909090900,44061496
90kid,44305733
900504199,44353416
9096251,44384814
907MONKEY,44452843
90914Thelma_fan,44556225
9012155,44711469
900legolove,44723939
9052585,44933293
904523cemnyvalen,45101457
90908989,45152077
90004,45243286
90_User_Coins_ball,45834158
900005911hhh,45856441
9056089766,45977785
906199,46296135
907547,46296140
908976A,46327199
907055,46336575
9000JG,49691254
900000279,49754841
90064,50186662
90909212,50392767
901872xmc,50485277
906921,50502722
902121f,50521658
901418f,50521663
9034455,50522486
903732,50529544
9029144,50569780
90zSleepy,50572869
90k3M0nV0rTx,50583006
900503105,50722688
900503738,50723142
900503354,50723181
900503608,50723405
900502659,50723406
900502222,50723407
900503103,50723408
900503336,50723414
900503325,50723417
900503367,50723425
900503351,50723427
900503088,50723429
900504366,50723434
900502723,50723443
900502290,50723852
900502673,50723853
90sthings90,50793917
904049m,50860478
900flwrs,50881457
90rolercoasters,50984139
9009090,51052689
90s-girl,51057968
900662R,51075044
901sss,51129837
9079255,51376368
90united90,51608269
901000703,51666522
902172,51982737
902301,51982807
904629,51990310
903071,51990357
902262np,51990675
90301mateukwc,52051668
902251a,52227242
9087imabanana,52280670
90z9,52318445
907_Hockey,52434348
900lilzay,52769363
90kxdg,52967316
902108,53002159
905177,53410888
902527Charmaine,53410902
905699,53451737
90j,53467421
905308,53487401
9051580,53708058
909601,53756649
9078500,53764096
9080630,53764107
9078410,53764159
9081100,53764381
90785000,53764490
901001777,54144157
903080,54210307
900manyearold,54521029
906069,54573607
909147,54615867
905906gabi,55877307
903615,55877535
903615june,55877743
904496,55926391
9025665jl,55967931
902001455,55996527
90maneil90,56154345
906720,56174217
90_90,56205949
901029Sohail,56225520
90caudle,56390464
90bcaudle,56390482
909Joelle909,56400429
90210bruh,56855248
90ada-lefty,56866500
90003456,56992110
900230bc,57172488
901185rw,57172506
901345jv,57172549
901185rw2,57172591
901434SV,57255971
90301,57283594
90227GC,57299023
90307JN,57299032
9019649407,57333900
9029293742,57333910
903716Prima,57343809
90mylife,57449822
90salamander,57450214
90495876,57812906
90456789,57835664
90chenl,58309103
9058123,58359202
900849clarkpleasan_,58541785
90013,58582395
901023SA,58616118
9084-glitch,58661449
901434,58959807
9012981464,59040573
908624,59040724
9090908787dec,59109447
902023553,59188389
9091301,59621147
90s_aesthetic,59674982
9090_sooooo,59830572
9000447,59915068
9003651,59982125
90Thepop,60002084
909-Blaze,60125950
90k3m0n,60149922
90sanimefangirl,60155985
9090booya,60240588
9017682,60878486
9018498,60878487
9030228,60878489
9018252,60878490
9018508,60878491
9030065,60878492
9018447,60878493
9017111,60878494
9016958,60878495
9017950,60878496
9030533,60878497
9017009,60878498
9030875,60878499
9016705,60878501
9030066,60878510
9030569,60878511
9030532,60878512
9017697,60878513
9018491,60878514
9030195,60878515
9018494,60878516
9019267,60878517
9018497,60878518
9017109,60878519
9030676,60878520
9018504,60878521
9030336,60878522
9017939,60878523
9017033,60878524
9017944,60878525
9030531,60878526
9019742,60878527
9030671,60878528
9030085,60878529
9030093,60878530
9018342,60878531
9030871,60878532
9017794,60878533
9017036,60878534
9000mph,61141616
908767htggd,61267876
9057729,61455206
908845343,61555272
90hiro,61595607
909090906,61621420
9000MDK9000,61907162
903285,61936151
90921EW,62321373
90727XR,62321375
90701HR,62321378
90534BB,62321391
90525801730,62498036
90_cabbages,62520013
904567,62531542
9090l,62725766
90533,62820895
90PO3,63039872
900over9003,63213368
90PES2025,63301983
90PES2026,63302157
90spup65,63326786
902985lcps2026,63512709
901058lcps2026,63512805
904081LCPS2026,63555425
901139LCPS2026,63555441
90909000000000,63606254
901635LCPS2025,63613896
903451lcps2026,63618013
906748LCPS2026,63620361
900621lcps2026,63622173
906461lcps2026,63622177
9005026910,63660921
9005030080,63660922
9005030310,63660923
9005030560,63660924
9005035620,63660925
9005041550,63660926
9005037820,63660927
9005034680,63660928
9005030470,63660929
9005027520,63660932
9005030500,63660933
9005030390,63660934
9005031610,63660935
9005027530,63660936
9005027440,63660939
9005027260,63660940
9005028230,63660942
9005046670,63660943
9005027560,63660945
9005036780,63660946
9005027450,63660947
9005039740,63660948
9005027480,63660950
9005038600,63662055
9005039110,63662056
9005029080,63662057
9005030160,63662058
9005028170,63662059
9005043630,63662061
9005031350,63662062
9005028850,63662064
9005030120,63662065
9005040320,63662066
9005028190,63662067
9005027960,63662068
9005028250,63662069
9005022890,63662070
9005022130,63662072
9005028310,63662074
9005027470,63662075
9005028200,63662076
9005025050,63662077
9005043770,63662079
9005027730,63662080
9005033200,63662081
9005026580,63662820
9005028300,63662824
9005040640,63663467
9005027590,63663468
9005027580,63663469
9005030260,63663470
9005031510,63663471
9005041570,63663472
9005030270,63663473
9005030180,63663475
9005030670,63663476
9005046650,63663477
9005024490,63663478
9005041980,63663479
9005035750,63663481
9005030420,63663482
9005027780,63663483
9005037370,63663484
9005044720,63663485
9005030380,63663486
9005027500,63663488
9005028220,63663489
9005036630,63663490
9005030490,63663491
9005043880,63663492
9005030450,63663671
9005026900,63663946
9005031840,63663947
9005027240,63663948
9005030240,63663950
9005037850,63663951
9005030010,63663952
9005026640,63663953
9005026280,63663954
9005022700,63663955
9005030170,63663956
9005022720,63663957
9005030290,63663958
9005028960,63663959
9005033850,63663960
9005036150,63663961
9005028270,63663962
9005028260,63663963
9005027460,63663964
9005027710,63663966
9005022940,63663968
9005037340,63663969
9005030600,63663970
9005022760,63663971
9005022160,63663973
9001Abdullahi,63669268
9042Abdisamad,63669269
9028Abdirahman,63669270
9025Sara,63669272
9014Mahamed,63669277
9013Asma,63669279
9032Faduma,63669280
9060Amina,63669285
9091Suhaila,63669291
9071Ruwayda,63669296
9033Hanad,63669297
9004Abdirahman,63669299
9057Sharmake,63669300
902273LCPS2026,63671475
901107lcps2026,63671527
902602lcps2026,63671591
901033LCPS2026,63671609
9044Sumaya,63718364
9019Abdullahi,63718365
9027Aisha,63718366
9052Nihal,63718367
9045Adam,63718368
9021Mustafa,63718371
9012MohamedAmin,63718373
9011Suheyla,63718378
9059Mohamed,63718379
9050Maslah,63718380
9072Kulmiye,63718382
9061Tamima,63718384
9038Omar,63718387
9093Samiira,63718388
9035Salahadiin,63718405
9066Haala,63718406
9073Deqa,63718408
9020Mumtaz,63718410
9051Aisha,63718412
9022Abdullahi,63718414
9029Sahwan,63718415
9040Abdullahi,63718417
9064Farah,63718419
9084Sudais,63718421
9034Abdinajib,63718426
9007Ziham,63718427
9087Subair,63718429
9074Munerah,63718431
9041Umulkheyr,63718466
9005034520,63764985
9005031140,63764986
9005034390,63764987
9005037920,63764988
9005030900,63764989
9005042690,63764990
9005031000,63764991
9005043660,63764992
9005033360,63764993
9005040250,63764994
9005033230,63764996
9005033220,63764997
9005044170,63764998
9005031250,63764999
9005044980,63765304
9005033520,63765306
9005033400,63765307
9005030880,63765310
9005046400,63765311
9005030890,63765312
9005038470,63765313
9005033630,63765314
9005034800,63765315
9005030550,63765316
9005033560,63765317
9005036100,63765318
9005031050,63765319
9005031220,63765320
9005034630,63765321
9005031090,63765322
9005040710,63765323
9005040950,63765325
9005033550,63765326
9005033540,63765327
9005037460,63765328
9005033660,63765329
9005033610,63765331
9005033570,63766021
9005033410,63766022
9005044340,63766023
9005033340,63766024
9005031260,63766025
9005038420,63766027
9005037770,63766028
9005027860,63766029
9005031160,63766030
9005030810,63766031
9005034780,63766032
9005033330,63766034
9005034440,63766035
9005030830,63766036
9005033730,63766038
9005037780,63766040
9005035550,63766041
9005025180,63766042
9005035440,63766044
9005031280,63766045
9005033470,63766046
9005034600,63766047
9005037380,63767386
9005046440,63767390
9005038310,63817732
9005037790,63817735
9005036720,63817738
9005034280,63817740
9005034290,63817742
9005044960,63817745
9005033890,63817747
9005036270,63817749
9005032310,63817751
9005039710,63817753
9005034190,63817755
9005033940,63817757
9005036320,63817759
9005036050,63817762
9005038230,63817764
9005035250,63817766
9005039720,63817768
9005034130,63818076
9005041360,63818077
9005037860,63818078
9005029400,63818079
9005035970,63818081
9005031540,63818082
9005035960,63818083
9005044260,63818084
9005041880,63818086
9005036570,63818087
9005034270,63818088
9005044420,63818089
9005034740,63818090
9005044580,63818091
9005034220,63818092
9005034180,63818093
9005033260,63818094
9005034110,63818095
9005037280,63818097
9005036670,63818098
9005038480,63818099
9005034170,63818100
9005046090,63818675
9005037610,63818679
9005034060,63818683
9005032470,63819223
9005034090,63819240
9005036280,63819608
9005036380,63819610
9005036420,63819612
9005036540,63819613
9005036550,63819614
9005036460,63819616
9005038410,63819617
9005030000,63819619
9005031120,63819620
9005031580,63819621
9005030030,63819622
9005036310,63819623
9005036610,63819624
9005036030,63819625
9005030140,63819626
9005033950,63819627
9005036230,63819628
9005036600,63819629
9005034200,63819630
9005036300,63819631
9005033930,63819632
9005034050,63819633
9005036580,63819634
902270,63831224
906055,63846037
9028u32u3,63905015
900566lcps2025,63936293
900566LCPS2026,63936696
900821lcps2026,63943664
905056LCPS2026_,63943692
901mw05120,63945098
901191Ie10,63945273
901051,63945293
903NM10320,63945420
90jjr,63958862
90sHip_Hop,63965489
9031347,63967849
901LB84920,63995165
900079LCPS-2026,64002811
90C2ls66P9,64004539
9000800,64168066
908kuittyginger,64300209
904sprinklerainbow,64300972
905862,64364586
90PO3_contest,64377250
907170,64519767
902COO69630,64567529
90u2309i2394i02394,64642822
9000Schraubengruetze,64714843
902507,64939954
9006237,64984839
900943,64987147
90director,65042102
901769,65043009
9009009120,65214778
90000000x0,65267909
9005555550,65285658
90189018,65372183
90angelol,65528770
9002991,65684009
903256LCP2026,65797939
90006973,65800167
90ghj,65822751
90l,65857553
90s______sadd,65919665
909hia,66082434
900BananaPizza,66284634
904622lcps2026,66350333
900_IQ_Genius,66399999
9002977,66415042
908642,66441984
90570ef,66449658
90244xj,66449678
90670ck,66449699
90ssVibezzx_Jamie,66502394
900457,66572542
90angelool,66580196
902-HAN,66612779
904faruk,66672628
90Petals,66768864
90pine474,66776390
90632-Jessica,66787043
90909009090900090909,66900525
90Padfoot09,67124086
9031212,67129452
9001456,67139690
9001111,67140258
90stu,67334385
9002medre,67779570
90angeloi,67799848
9095692,67801308
90681st,67807554
90040,68143652
902031,68224514
90000000078990-,68233175
901979,68236182
902093,68236393
903392,68244941
904BB,68249524
90356,68307669
90s_crankerboi2010,68310456
90PO3_tutos,68322496
90sofa,68399724
908748,68452912
9012343256578,68519105
908gogobunny,68589143
900054,68592417
900055,68595545
900056,68596196
900057,68596269
900058,68598296
90900900,68639216
90-_-Cupcakes,68644043
9000----XD----9000,68690746
90909090907,68721451
904425,68723401
9084562,68723761
90vuaf,68744679
90876654321,68793529
9086654321,68793827
9034576,68798117
90angelol-,68820114
905Connor234,68822407
90_777,68898233
907roy,68915343
900jk,68921726
9090091919191919919,68937022
901080605040303,69058974
900257,69080929
90Lily,69136905
900658,69207755
909_909,69248916
90z80z70z,69370263
90123546,69405751
90-95,69487377
90q,69542140
901010--f7,69562434
90angell,69578791
907087809,69847774
90s_simp,70352796
90434BRE,70561266
90sgirlborninthe00s,70584823
909112345,70593363
909909090,70657040
9091saliS,70802658
9061702pas,70841878
9060772pas,70841880
9061257pas,70841881
9060667pas,70841883
9060641pas,70841887
9060675pas,70841889
9060861pas,70841891
9060976pas,70841895
9061126pas,70841897
9061150pas,70841899
9060934pas,70841900
90532,70927750
900animacrossing,70928614
906624,71033520
900065,71045329
900065SM,71046559
90o8uy76t,71052941
900090009,71090605
907956827,71110347
90875,71183453
90angell-,71240755
90_alex43,71283125
9002720,71384703
9001874OS,71385030
902KUBRA902,71505254
906EFE906,71505284
90050294000,71648113
908for,71747083
901XNATE,72148296
90range762,72308365
9030054,72353084
9001829,72482294
9001709,72568278
900503901,72571879
9005039012021,72574629
9023Yahya,72681004
90----,72693135
903031,72835274
90050386000,73198132
909-678,73377230
90z,73380747
909080807070,73575073
90903030,73753788
90Sas2018,73840732
900166i,74143733
9005047210,74366115
90s-day,74409128
90ozgurcum,74447942
9007199254740991,74540515
90sdiroe,74697994
90uo6,74804563
900504722,75124002
90ramennoodles09,75147223
9005047220,75201586
90is,75218854
90000777,75236200
90svxbes,75237857
9034576test,75293177
90875079584,75461070
9003347,75641827
9000182,75648564
9001476,75648592
9000244,75648640
90SNE0,75675980
9000200,76001831
902562,76295999
90serK,76450020
902270_2,76982673
90653,76990538
901002024,77050483
90K_Jay,77078664
9002esso,77281725
9001756,77458562
90-_-90,77556721
901177,77936917
901551,78094628
90Hacker90,78182540
9000015,79030481
9012ey,79243689
9093562,79401628
90050222200,79478854
9019029307483,79736776
903gamer,79995929
90969237,80099814
90689nc,80444650
90948cy,80444653
908078,80716235
906470_Alexis,80777350
90Pasta,80953502
90613sh,81055065
900504037x,81186861
900502940x,81186863
900503956x,81186865
900503681x,81186866
900503378x,81186868
900504821x,81186869
900504028x,81186870
900503945x,81186871
900504081x,81186872
900504088x,81186873
900503701x,81186874
900503906x,81186875
900503922x,81186876
900503937x,81186877
900503859x,81186878
900504400x,81186879
900503726x,81186881
900503686x,81186882
900503903x,81186884
900503924x,81186885
900503772x,81186886
900504929x,81187575
900503525x,81187578
900504824x,81187582
900503623x,81187586
900503510x,81188894
900503708x,81189400
900503957x,81189401
900503841x,81189403
900503901x,81189404
900503724x,81189406
900504899x,81189408
900504912x,81189409
900503955x,81189410
900503850x,81189412
900503210x,81189413
900503968x,81189415
900503898x,81189416
900504087x,81189417
900503917x,81189418
900503904x,81189419
900503700x,81189421
900504661x,81189422
900503269x,81189423
900504608x,81189425
900503692x,81189427
900504100x,81189428
900504930x,81190030
900503792x,81190235
900503186x,81190518
900504170x,81190520
900503429x,81190522
900503365x,81190524
900503401x,81190526
900503541x,81190528
900504405x,81190530
900503427x,81190533
900503413x,81190535
900503158x,81190537
900503414x,81190539
900503415x,81190540
900503667x,81190541
900503848x,81190542
900503407x,81190543
900503591x,81190544
900503404x,81190546
900503305x,81190547
900504074x,81190548
900503426x,81190549
900504740x,81190550
900503247x,81190719
900503133x,81190720
900504136x,81190727
900503631x,81190728
900503630x,81190732
900503342x,81192273
900504455x,81192274
900504269x,81192276
900503910x,81192278
900504913x,81192280
900503356x,81192281
900504940x,81192284
900502786x,81192286
900503116x,81192288
900504284x,81192290
900504644x,81192292
900503742x,81192294
900504907x,81192295
900504894x,81192297
900503215x,81192299
900503465x,81192302
900503731x,81192304
900503105x,81192305
900503322x,81192307
900504389x,81192309
900503361x,81192310
900503778x,81192311
900503761x,81192595
900503926x,81192800
900504914x,81192801
900503710x,81192802
900503958x,81192803
900503717x,81192804
900503781x,81192805
900503706x,81192806
900503918x,81192807
900504822x,81192808
900503392x,81192809
900503721x,81192810
900503391x,81192811
900503720x,81192812
900503919x,81192813
900504104x,81192814
900503931x,81192816
900503698x,81192817
900503668x,81192818
900504047x,81192819
900503933x,81192821
900503916x,81192822
900504092x,81192992
900503110x,81193276
900503358x,81193277
900504866x,81193278
900503083x,81193279
900503842x,81193280
900504357x,81193281
900502222x,81193282
900503367x,81193283
900503357x,81193284
900503336x,81193285
900503129x,81193286
900503444x,81193287
900504366x,81193288
900503383x,81193290
900503057x,81193291
900503471x,81193292
900503085x,81193293
900503119x,81193294
900503555x,81193295
900503101x,81193296
900503649x,81193552
900503949x,81194177
900503412x,81194423
900503418x,81194424
900503831x,81194428
900504643x,81194430
900504819x,81194436
9007200,81450530
9004257UNICORN,81535007
90sxmp_0,81552192
9034coolguy,81599079
908K,81668226
904drew7,82174184
909390F,82403547
9000razer,82434158
90tay,82532359
901256,82559973
909Andrey,82656458
90u6,82854530
900hippos09,82946162
90fed09,83034982
900504953x,83124059
90z3s,83132554
9000648,83348413
9000402,83348420
9061126_test,83676132
90cireru,83781651
90662,83804545
900090enderman,83958488
906krent,83996426
9001745,84090140
90617psdschools,84169399
900658_ALT,84532511
901cat,84712689
9006686,84748680
909KL,84758503
90907666,85283868
90WPMISME,85424111
900893,85501642
900893JAA,85503553
902019340,85505246
905748t4vf,85507498
9000514,85656226
909856,85668936
908538MC,85668976
900574,85669024
903628TS,85975806
903484bb,85975953
90P13r,86069542
9005715,86088917
903619,86096001
903119-Queen-123,86096025
90sharkid09,86096770
90090801,86223069
900954JB,86386492
90-------,86452643
902536,86608326
904809,86608648
907Koala,86671486
904252,86687032
905034,86758946
90_Scratch,86773989
909090--Prize,86859024
90878L,87093412
900eyes,87152805
90kd,87804899
90ecaep,87890489
90tisoc,87992664
902536stem,88077950
90charmander7800,88131922
904778ab,88185715
904891ab,88185717
904387ab,88185718
904391ab,88185720
904390ab,88185723
904454ab,88185725
904396ab,88185727
904402ab,88185728
904416ab,88185730
904386ab,88185732
904406ab,88185733
905387ab,88185735
904405ab,88185736
904455ab,88185737
904256ab,88185738
904397ab,88185740
904379ab,88185741
904395ab,88185742
904385ab,88185743
905334ab,88185745
904467ab,88185746
90ude,88304876
908117,88494099
9008111,88494229
900watts,88626941
90antelope,88642276
901845,88647193
909613,88664549
9081raven,88773571
901145,88825448
90_Trapped_89,88911108
900505004x,88915469
904659,89058658
90-degrees,89107045
901497,89187913
905-954,89229665
902l0,89268922
900504979x,89408184
90438456,89427380
907naruto,89442411
9042579821,89534554
905182,89686641
90steak,89700391
90807020,89714139
90_01,89852860
900293,89931638
902Dakota,90298580
90Lar83ar,90311256
902yearsold,90323026
904320,90360267
909613f,90395905
90_lele,90447617
90-_-MH-_-09,90541676
903192,90774580
90Ali,91113714
904078,91288975
90867y,91346604
900n1,91428146
90010001,91750774
90010599,91935690
90spegeti,91940320
90684,91959486
9054356789,92143612
9004381EW,92227521
9005229,92227531
90xxiv,92280993
9011610,92579085
900trgfnhsfe,93122025
900-wolves,93154442
905753,93301727
90Ib,93455822
906125,93544644
9030neelhtak,93668631
90909091111,93768526
90palacios,93889788
9090fv,94052624
90661,94057664
902284-,94107774
908038-,94107903
9001916,94145415
901-GTO,94555335
90909090edudlooc,94845268
9040hopkins,95035395
901942,95347523
90925,95398706
908879,95527244
904075,95959820
90sguy,96072929
900-dragons,96241098
9079087,96317338
901006789,96485061
908x,96588873
901009902,96674156
90YSVADIMA23,96730020
900iamcooler,96854585
90p14r,97064908
90foodhog,97161285
900ape1,97354899
900shotz,97438901
90109109091090,97530264
90Balloon,97649066
90PO3_MangaArtist,97671826
9090I,97824742
90BOY90,97830918
90km,97992789
90bog,98259511
90cpa,98284358
90801102,98331762
90tat0b01,98501332
900n1_but_female,98553119
905642194375644,98611741
900n1-woman,98832162
900-woIves,98863780
9061430-0,98999387
905889,99357779
907dasher,99372626
90ikki09,99553088
901027JG,99661207
900504439xx,100148869
900503983xx,100148870
900503752xx,100150180
900504175xx,100151839
900504242xx,100151840
900504007xx,100151841
900504451xx,100151842
900503989xx,100151843
900504251xx,100151844
900503896xx,100151845
900503987xx,100151846
900504009xx,100151847
900504002xx,100151848
900505341xx,100151849
900503981xx,100151850
900503977xx,100151851
900503994xx,100151852
900504243xx,100151853
900503580xx,100151854
900503999xx,100151855
900504896xx,100151856
900504121xx,100151857
907079,100160450
906Yooper,100501135
909669,100655805
905666,100763380
901AS,100905625
9090caa,101141065
907_ski_Again,101394394
909669Rg,101447451
90bath,101454922
909669R,101640982
909669G,101875305
909669Y,102124734
909669D,102195311
900da,102277713
90sNxstalgia,102493132
90s_deez,102499102
9034258847,102658841
909-669,102796109
905_KASOU,102831678
9000dorito,102913451
90gl2029,103033620
909_669,103085445
908dirtbike,103165841
90010599new,103303877
90degree_Angle,103417748
90spider,103507105
909-669_,103512447
909_669-,103598281
9080End8100myuom,103645725
9068676,103662075
90kaler,103702470
90192356,103898562
90pinkdog,103953211
90010599isgone,103962080
90_Banks,104012899
902236ha,104023512
906169ha,104023590
903073ha,104023931
902349ha,104023933
901451ha,104023934
900037ha,104023937
901263ha,104023939
901520ha,104023940
900985ha,104023941
901026ha,104023942
905550ha,104023958
901197ha,104023975
904_games,104108950
900071LU,104303778
901191Lu,104303799
900311,104303818
901605lu,104303944
903602lu,104304078
900071LU4,104304097
905755lu,104304098
904988lu,104304125
901923lu,104304141
906197lu,104304159
900137lu,104304253
905225,104331008
902BsI142,104376548
901980Ha,104470739
902074ha,104471629
901506ha,104472312
901468ha,104472593
9000s,104630582
905Raid_Gamer,104737101
90pou,104795384
903Cho,104940855
903ofyomama,105096645
908noonan,105171185
904219nu,105223366
900315NU,105223367
901570nu,105223673
900115nu,105223686
904212nu,105223712
900612nu,105223739
900322nu,105223751
900135nu,105223993
901513ha,105227956
901579ha,105228205
90Amys_Edits90,105240818
900_jr_jr,105256408
90377_Sedna,105309166
906aerospace,105383900
9000Byte,105403782
906708lu,105475727
904367lu,105476027
906169har,105623754
900215nu,105639344
903601nu,105639357
903212nu,105639669
90warrior,105809914
904383lu,105864014
902dolphin,105995893
905dolphin,105996003
909dolphin,105996049
903dolpin,105996147
906dolphin,105996253
90xXSIPICYSUSHIXx09,106065709
90anime90,106276411
90kawaiichancute,106418177
90lalalala12345,106507944
905_KAS0U,106703358
906790lu,106708263
9090boy,106743354
90tender,106858974
907027,106917976
908han,106969372
905_KAOSU,106984668
904134,107025899
90476308,107032871
901_coolamaybe,107227349
9012376,107357962
907670,107442183
9042_,107532593
90011067,107535041
90th,107718980
9084410,108096636
906892ha,108262964
9006884,108338359
9087cailou,108415996
9000Dummiesforsale,108492745
909751,108549681
90975165,108550086
909751325,108635409
909kereil,108955216
9023_strach,109202280
90ij9iijio,109495536
90lemur,109712786
90scratcher,109852558
90bikewheel,109935112
9008472,110103701
900_penguins,110443705
90made,110650989
90gene,110651028
90gene-g,110655680
90_lelele,110813950
90here,110857439
90909hp,110881974
9002divadgniwrad,111064178
905612he,111302358
906052he,111302435
901427he,111302462
906054aHE,111302506
901489he,111302511
905828he,111302512
901218he,111302519
903417he,111302528
900223he,111302530
901563he,111302553
901028he,111302561
904979he,111302580
901428he,111302585
905889he,111302614
900983he,111302623
904262he,111302633
906052h,111302664
901386he,111302721
903746he,111302723
904262be,111302882
901mars,111346608
90-Coder,111565185
903393O55,111805783
90sSonicrulez,112341949
9090nbnv,112388457
9001PROTOGEN,112640099
904854,112771644
906054HE,112844055
90877ujhyiu,112999228
90016,113390599
90avaw90,113485585
90kayaking,113510018
90skal,113511892
900978he,113732947
901200he,113732951
90seluremaG,113906894
9000eurosinparis,113990368
902097ch,114355217
903526ch,114355568
906053ch,114355791
906199ch,114355833
90896976,114518471
900_Gripchat,114607374
90-chicken87,114891782
9083WC,114902061
90greencat90,114958283
90980,115026498
90starsss,115033966
90zany,115220106
900505413xx,115645363
90mat,115756688
9003240,115799196
90909miguel124,116062042
90animation,116105956
90_ses,116160915
90sus,116458628
907859blah,116496109
90084722,116645492
90909Alt,117138746
90sFRVR,117199303
90Toaster,117242702
9020kdurudte,117270601
900sAlt,117316865
90Q_Q90,117399078
90itsme90,117894886
90sdoll,118035833
900LikesToFollowYou,118155863
900lbs,118291487
90181,118382853
903p,118432468
90324890irewo,118541305
907059a,118560507
909090334,118596594
901497N,118614272
902876,118666619
909pop123,118781176
909opopkl,118873438
90002537_MC23,118885428
90DOM6,118931370
90DKS5,118949132
90610,118982820
900rainbowtails,118990019
90002632_MC23,119096825
90chenl_,119150436
90002632_MC2023,119170322
9000degreeangle,119245762
90082,119999911
9090---,120066721
900504259xx,120099546
900505356xx,120099930
900505591x,120135450
900505629x,120135477
900505567x,120135511
909bob224,120165352
900505580xx,120270647
900505614x,120270929
900505560xx,120394214
900505060,120783854
900505569,120783945
900505633,120784020
900505426,120784062
909090yl,120804165
900504356,120862805
900505637x,120892434
907Tc,120922794
900504355x,120968389
90rv,120984307
90adbcdefgh,121248907
9041666,121391864
9030774,121392149
9019871,121472417
9041587,121472453
9042236,121497117
9032707,121497759
9041592,121575732
9038817,121576260
900362,121770649
900289230,121770751
909072,121858147
90210ts,121957620
9040627,122380765
90-UFO,122943015
9000_of_remixes,122952234
90473,122969207
90Username09,123041415
900iiiiii,123207429
90-----------,123875613
904100b,124083329
9001f,124128835
904610,124700936
90647starr,124746937
90624horner,124746948
902636,124923497
901197,125451314
906487,125572249
903891,125572538
90111790,125573135
9022ar,125585581
90jirtab,125651914
904431,125847201
904409expo,125847317
902880,125916177
901200e,126053944
90felix90,126338022
904H740E466L609L,126482874
905hayden,126537871
905hugo,126537967
905james,126537979
905jjames,126538035
90909044,126579157
90999988,126723382
90sdior,126926496
900000Student,127170051
900503269xx,128193075
90rock,128334107
9000t,128352910
900010599V430,128900962
90-Minecraft-90,129278022
90fishes,129345866
909bed,129756130
904283049,129856504
900oo0,129970516
900yearsold,130100204
907O1,130206553
900harryson,130382185
900900100,130582642
900factorial,130927953
90s_Deez-Alt,130996279
90999988_tutor,132480730
901048HKA,132500263
903040,132617172
90Mphs,133157034
901826,133464381
907569r4urmeyev,133729536
900_furry,133862972
900e89,133930643
9087659,134323331
90utn,134340792
900followsfromme,134388873
90100599,134556912
90mphss,135061658
90s_Deez-Tutor,135318241
90rtrtrtrt,135620596
900oo0_lil_sis,136007940
9090-ARAHAMU,136300547
90194AD,136595180
9081--,136667036
900_TONYS,136752957
900HP,136806475
906cml24,137112418
90273VS,137160617
904-H,138851909
9002anavi,139407880
90--90,140135890
900010599alt,140388147
9010_ok,140400663
90chenl_the_second,140754689
