732,189393
739,250941
7337878,353320
731,355901
7331,425957
73kz257,455531
7312,517817
7392,573196
73798,595981
73038679,612878
7397371,653786
73794,738895
73Roy,861519
733,915438
734,918563
73482166,955571
73671,983602
7310drtyltsov,1106205
73281,1198305
73850,1199988
731692581,1380725
73092,1406367
73891,1406374
73553,1408952
7352,1940262
7319,2036933
739280292,2178705
73376,2209569
73503,2230366
73056,2343741
73014,2392995
737skywalker,2416840
73546,2485345
73529,2493268
7393,2509031
73139,2513175
737Dynoma4,2581623
737plane,2714336
738413,2745022
733586,2762516
7370,2792421
7355608,2803031
731wimpykid,2877309
73MontyDog73,2947052
730807,3036699
731555247,3065052
7331ecuascipe,3102097
734214,3147270
7312601,3172307
73101ac,3204614
73565,3266814
739155964,3567237
7353,4214685
73692,4232607
735789,4373102
73jake,4501467
7367,4547359
73000621,4602673
7308623114,4643207
732020,4683429
731337,4683439
732170,4683476
73000914,4771920
731731,5422208
735asmakhan,5761396
7371,5843298
734312,6265788
73000785,6374310
7359l,6392168
7373303,6392994
73chickenflicker,6449866
733947,6667850
73213,6844114
736274,6965602
73-KEB_2021,7497172
738978,7589868
734627,7594156
73_EPIC_1,8177426
737,8402330
734547115,8410694
73R,8542074
735543,8644426
735003,8957552
7324102,9658274
7373773,10379240
735,10616478
731982465,11476108
73642080,11477992
735669,11552794
738,11911212
733423,12570948
734112,12570960
735866,12571030
736512,12615078
7328827165,13182450
73396,13224707
7357brightoncollege,13284637
736126,13648431
739a,14205453
732606,14427726
735137,14509138
730712,14509152
737275,14509182
73668,14516224
736,14887377
734515,14944692
73mmi3,14997219
734757,15019645
7367752,15815217
7378303,15854681
732037,16244507
730,16284682
732671,16368455
737953,16368527
736735,16389719
733053802,16582193
73840-314,16930887
734_734,17453923
738cheesepuff,17636456
73737,17648954
73_Dork,17809052
73207,17944074
73036crowleyisdtx,18094262
73771crowleyisdtx,18117617
731ws,18129005
7317cvusd,18310638
7320cvusd,18310642
7324,18310683
7333cvusd,18310692
7350cvusd,18310698
7373cvusd,18310699
7374cvusd,18310701
7382cvusd,18310707
7388cvusd,18310709
7390cvusd,18310711
7305cvusd,18331871
7311cvusd,18331876
7314cvusd,18331888
7315cvusd,18331907
7326cvusd,18331914
7336cvusd,18331926
7340cvusd,18331929
7353cvusd,18331936
7358cvusd,18331947
7361cvusd,18331957
7364cvusd,18331968
7368cvusd,18331971
7387cvusd,18331982
7308c-vusd,18351856
7371cvusd,18351944
7381c-vusd,18351951
736419,18399214
734528rm,18429616
737854,18430496
7341cvusd,18439010
7325cvusd,18439012
7365cvusd,18439013
7378cvusd,18439014
7312cvusd,18439020
7345cvusd,18439025
7392cvusd,18439028
7393cvusd,18439030
7376cvusd,18439031
7379cvusd,18439032
7316cvusd,18439033
7372cvusd,18439423
7380cvusd,18439428
7367cvusd,18439431
7383cvusd,18439432
7301cvusd,18439442
73Royden,18493134
7391cvusd,18568043
7322cvusd,18568045
7342cvusd,18568047
7334cvusd,18568049
7306cvusd,18568052
7313cvusd,18568059
7354cvusd,18568060
731562,18585050
73grayfang73,18719590
7359CVUSD,18749837
7344CVUSD,18749838
7347CVUSD,18749841
7345nettik,18836139
736071,18888949
7371955145,18940440
736702fahad,19108457
7393521296,19144883
7397212964,19149570
7317329959,19149635
7367169262,19176849
7374914261,19179627
735608,19185728
733353,19201389
732154,19508483
7366,19528685
7338553998,20013808
737781,20133883
733085,20133890
735732,20133919
735509,20133995
73781,20134039
733930,20134109
735500,20134137
730540,20134158
735057,20134171
732996,20140515
735000,20352174
739356,20424082
735848149,20634406
7385,20726553
736435x,20754401
7309999,20770101
7319999,20770134
7329999,20770163
7339999,20770193
7349999,20770245
73599,20770267
7369999,20770300
7379999,20770338
7389999,20770441
7399999,20770478
735453,20808723
7373737,20839987
7375084912s,20848826
730060,20933800
735368,20966392
735386,21124603
733680EH,21124660
733832pc,21127344
730923,21217156
733861,21217195
734039,21217402
734742,21219810
73916,21687038
732338,21690459
734698,21690541
734677,21690629
734558,21723085
739561,21788760
738200,21793934
734558s,21875441
73458s,21875494
732incoming,21879535
731745203,21939096
730896,22122138
7359999,22217617
735685,22394424
7339110203,22683662
73av,23189376
7347373883883383,23272978
733250,23281759
735984,23387054
73e,23495524
735984em,23562393
735735,23621952
735em,23980569
731062,24040840
735e,24065421
73o,24107827
736661,24384643
733220,24403050
73597359,24423470
730141008,24556596
735959,24651287
7322767322,24821077
73_,24891428
7329999s,25062282
7319999s,25062284
7339999s,25062288
7369999s,25062295
7349999s,25062296
7399999s,25062301
7389999s,25062304
7359999s,25062310
7309999s,25062315
7379999s,25062321
73Boxfort73,25080635
7354340,25193737
7328760,25193756
7346990,25193766
7395906,25193768
7328750,25193770
7319290,25193778
7333040,25193781
7370218,25193787
7397933,25193792
7323610,25193798
7328850,25193804
7328800,25193811
7328910,25193815
73AlexandreB,25294515
73MathildeC,25294517
73SofiaG,25294529
73LeenaG,25294537
73BelkaisH,25294551
73FlorianeO,25294558
73AvrilP,25294560
73ThomasP,25294562
73SamuelR,25294563
73CecileS,25294566
73NoorV,25294570
73GiadaV,25294572
73CedricV,25294576
73XandryaW,25294583
73AxelW,25294590
73EloiseW,25294594
73MathysE,25294602
730766,25398256
735518,25398326
7337413432,25421129
7337229275,25423412
734004,25465189
734005,25465190
734006,25465191
734007,25465192
734017,25465193
734001,25465194
734002,25465195
734003,25465196
734018b,25465197
734015,25465198
734014,25465199
734008,25465200
734009,25465201
734010,25465202
734011,25465203
734012,25465204
734013,25465205
734020,25465206
734021,25465207
734019,25465208
734016,25465209
7371955145B,25530848
7317329959w,25532581
7374914261w,25532585
733hello,25570128
730004490,25654936
7343867954C,25729319
730182,25742062
730004552,25754844
732241,25821475
730719,25826397
7352195793,25827046
738022,25847958
73085,25883535
733na,25941296
733of,25941310
733rf,25941316
733fg,25941332
733dg,25941337
733jh,25941344
733mk,25941350
733nk,25941360
733em,25941368
733cm,25941378
733gm,25941391
733an,25941395
733tr,25941408
733ms,25941412
733bs,25941417
733gs,25941425
733js,25941429
733cs,25941438
733jjs,25941446
733gw,25941454
733tw,25941459
733mms,25941786
73913,25979865
73387,25981100
73709,25981248
73tzo,25988223
73382f,26076721
734346446,26106479
730868,26154608
73287,26196037
73299501,26197659
732revbhan,26224705
739avnlava,26224982
73g,26519451
738080k,26567853
73k,26604769
736349,26660883
7366812,26676812
73KB,26693854
734030,26762625
734031,26762629
734032,26762639
734033,26762643
734034,26762648
734035,26762654
734036,26762662
734037,26762667
734038,26762671
734040,26762683
734041,26762694
734042,26762702
734043,26762708
734044,26762716
734045,26762724
734046,26762762
734047,26762765
734048,26762771
734049,26762778
734050,26762784
738gengaya,26830137
735385,26920728
739726,26924380
73283,26957085
734051,26978716
732Hoot847,27037632
739712,27050416
730118,27050764
731321,27050854
731302,27051148
739709,27051154
738859,27051196
7359812,27249322
73733,27290514
738942,27516258
738752,27517820
730396,27559850
737178,27559856
739016,27559906
730273,27559917
731841,27559956
737958,27559997
730913,27560040
738791,27571042
734060,27617520
734061,27617540
733760,27798235
732688,27798370
732841,27861205
734carlsbadusdnet,28077994
736462,28099820
733501,28121656
7319665565,28261155
73945fac,28359490
73945fa,28359598
73king,28386542
739441,28521425
739351,28521528
737942,28658069
733283,28675399
734340,28901729
7373eric,28982406
7316846186,29609403
739jb,29710830
739393,29715727
734071,29731432
7328253657,29775385
7328253656,29775682
734664,29935814
734956,29935831
73hira,30026208
73452341,30108465
73_die_bustos,30297524
734109,30368964
73h,30555131
732933,30632162
73171DT,30642294
73267DT,30642295
73273DT,30642297
73269KB,30674408
735avalenzuela,30837192
734coli,30846353
73a,30918722
739c,31118305
7318445766,31264895
73504,31569614
7343562851,31581103
731March15,31583764
73Masters,31969229
732212,31972120
7373738,32161695
73737399,32161717
735070,32255663
730864Lemoncupcake,32256034
733974,32256056
732300,32256089
731102,32256161
737173,32256188
738150googoogaga,32256475
737552,32256576
733392,32340455
73426924623,32387213
733350,32452278
732924,32452323
733285,32452328
732231,32452351
733290,32452367
731993,32452413
733302,32452417
737093,32452426
73836p,32762429
73728,32867712
730shuma,32908537
7373KKW,33709312
7362ym,33745669
7399xl,33745679
7317tf,33745749
7371349989,33761853
735465,33971794
73DigiKid,33991003
737853333,34105534
73624785534266,34354823
7343k,34540632
73945isaacschools,34654550
73839Isaacschoold,34654580
73761,34654601
73942,34655515
73163,34655526
73508lunch,34655530
73757,34655545
73660,34657445
73820,34657456
73182,34657461
73406isaac,34671518
73540isaac,34674939
7332273839,34688588
73baloort,34739701
73384isaac,34762495
73406IsaacSchools,34762517
73839isaacschool,34786234
734077,34807002
7350deja,34812874
7355Hunter,34818116
73528,34831573
735908,34905492
731202,34919800
738817,34946754
738380,34946846
734500,34992799
731202MS,35002475
739650,35003005
736651,35003103
738179,35003568
733519,35024925
739435,35034040
732277,35034047
736357,35036129
736432,35036159
736103,35113732
734504,35152360
732768,35152367
733266,35153502
73ddY83ar,35164497
73110qaz,35247708
73slesmanatees,35270259
730010,35377080
730236,35377130
732cheetah,35397739
7310123456,35433917
731248st,35469389
739938st,35469751
73imagine,35567106
73F50LpnsH,35780760
7376178155,35824500
7399443912,35824512
739944,35911460
732456900,35959326
73GAMZE,35982862
735296,36061998
73998,36224192
7393951916,36224381
732234,36258667
73d,36305521
738241,36675700
73Q1B,37574461
73Q1BGABC,37574508
73Q1Bmar,37574531
73Q1BKIM,37574640
73q1BJLC,37574674
73Q1BCIA,37574713
73Q1BIAN,37574722
73Q1BREB,37574730
73Q1BDEA,37574753
73Q1BLIL,37574778
73q1bKar,37574790
73Q1BSEAC,37574872
73Q1BRIC,37575086
73Q1BAND,37575535
73q1bMik,37576715
734752lle,37592006
734937,37592322
735757,37592355
733ngj733,37650416
731348,38046472
73257,38046636
73410,38069020
7314359109,38108891
7315955781,38109048
736760,38375922
737240,38379723
73993811,38398851
738089,38535894
731684,38535906
73sample,38717388
73Q2AJAY,38720930
73Q2A,38720931
73Q2AKAY,38720932
73Q2AVAL,38720937
73Q2ANAN,38720939
73Q2AKIM,38720943
73Q2ANAT,38720951
73Q2AMIA,38720971
73Q2AKEM,38720975
73Q2AJ0N,38720991
732qaJO,38721038
73Q2AOli,38721058
73Q2AJAN,38721106
73Q2AAle,38721144
7374914261b,38766175
73796tos,38842964
73259pin,38843035
73428jos,38843582
73010law,38844110
736788,38891806
7321587,39356765
7341722,39409796
736204,39541640
738583,39592391
73peppermint,39595835
73im,39717468
734709,39723691
737316,39723986
73Q2BEUG,39802208
73Q2BMAH,39802215
73q2bjai,39802225
73Q2BCHR,39802330
73Q2Bale,39802331
73Q2Bgab,39802371
73Q2Bbra,39802448
73Q2bpay,39802449
73q2bema,39802482
73Q2Bkyl,39802503
73Q2BALS,39802506
73Q2BJO,39802661
73Q2BIRC,39802881
73509,39846623
73344,39882553
7321980,40029373
734-216-0023-HMU-LR,40201615
7312617174,40344222
73824mkums,40344300
73305mkums,40427617
73168mkums,40427742
73949mkums,40427867
73169mkums,40427882
73824mkuyeet,40428840
73589mkums,40430416
73601mkums,40430445
73593mkums,40439559
73850mkums,40439604
73566mkums,40439612
73929mkums,40439649
73288MKUMS,40439675
73102mkums,40439861
739969_bvis_2007,40466810
73120,40469400
73621mkums,40480983
735309,40506152
73850mku,40521556
732615,40665761
7383143272,40677542
732665,40678428
733219,40678500
7319355,40704152
735512,40704270
73181mkums,40708652
73Q3Aala,40714032
73Q3AETH,40714051
73Q3Amar,40714061
73Q3ARIC,40714070
73Q3AJOM,40714093
73Q3AISA,40714096
73q3ajoh,40714105
73Q3AMVK,40714213
73Q3Arya,40714355
73Q3AJAD,40714493
733635,40756021
73Q2Asal,40885288
73Q2AARI,40885331
73Q3ACHRI,40885433
73Q3AJAK,40885475
73Q3A,40885481
73Q3,40886788
733962,40956693
734203,40999324
738173,41041172
73QAr,41053509
732615august,41083121
73Q3Ar,41131262
73Q3Ary,41205621
732276123,41266891
73pinecone123,41268507
73Q3Aryam,41315797
73Q3aryak,41395584
739YagizOztas-MORTAL,41468479
735121618,41483301
73Q3Aryao,41548144
736pinar,41568289
733-diana,41568335
73Q3Aryap,41625605
73533,41643656
73Q3BVic,41736320
73Q3BAle,41736333
73Q3BSAM,41736338
73Q3BJAY,41736353
73Q3BADR,41736364
73Q3BNou,41736379
73Q3Bisa,41736428
73Q3BBRI,41736465
73Q3Bmic,41736475
73Q3BMik,41736526
73Q3BMyl,41736533
73Q3BMyla,41736750
73Q3BISB,41736863
73547yg,41915017
73429SD5,41953553
735390536,41953574
7363bfa6y6md,42032546
73197CM,42437039
733621,42589211
73Q3Ros,42744131
736819rl,44335859
737012as,44335869
733259cc,44335887
735839ms,44335932
737297dg,44335989
736297rf,44336000
735153ds,44336007
737478cs,44336014
737896ps,44336108
73539,44706918
7383539665,45413506
73001cupcake,46544019
732492TheHunt234634,47061559
733873387338,50156452
736imagine,50215433
735imagine,50215434
73251,50560651
738816,50680469
737439a,50681234
735218,50681244
736315,50681260
737583,50736849
737max,50783848
737_max_8,50783975
7337471157,50983603
7338651221,51314051
7369336,51629701
7352m,51639843
7352cm,51640649
7352mm,51643513
7352dm,51643754
7352um,51643940
7352nm,51644032
7352pm,51644140
7352fm,51644227
7352am,51644354
7352zm,51644357
7352ym,51644367
73698r5,51691164
7352dam,51750992
7352hm,51751641
7352km,51968363
7352_Mm,51968474
7352Gm,51968557
7352Tm,51968594
7352_Pm,51968625
7352Em,51968660
7352_Zm,51968691
7352_Ym,51968715
732995,51983772
73818macrae,51988225
73_Cats_Of_Florida,52002252
73scratch73,52070861
7351472572,52142218
739lrw30,52243428
734kjh121,52243431
733631,52306402
73277,52431823
73posoraktsu_malkia4,52439179
7316564431,52814233
739807802,53118523
7327720,53484684
737coolteam,53597263
7344366,53714416
73484,53790630
737689,54370160
7354561,55588903
739618,55589132
730384,55589372
7303841,55589778
733497,55877270
738355,55877606
733497eric,55877639
7386535732,55928344
737347,55975098
7348765462394,56170516
737591,56406354
734460,56406365
736140,56406366
736085,56406369
7379rakshana,56415855
739425,56578671
730mertcan730,56827777
735668,56903400
73186PD,57299018
731803,57484956
738546,57484967
738616,57709124
73scull,57733669
733218,57773941
73i,58108466
73X,58595071
7300720,58672191
736823,59049860
7305534547,59085547
73-_-,59144531
73173,59157332
73110,59436251
73o11,59758596
73rb,60505423
73rb_test,60505611
73645582,60577321
73585,61320665
73stem,61685702
73-,61755123
73y,61822402
7321act,62410673
7345AFL,62451088
73biomas01,62682693
738Graham,62917600
7321lucas123,63083774
73628272992,63292813
73PES2025,63301979
73PES2026,63302164
732696rk,63327838
734_768,63504072
7340001474,63506421
7312ubo,63597262
7328108,63616988
730078,63746512
739863,63764789
73638638,63772497
737331,63848277
734gh,63996916
73brygil,64099945
73j,64214868
738172,64285836
73h74a2y,64521540
736022,64590473
731843,64591087
734104,64632744
735016,64645466
731714,64650003
735956,64792850
73smhopkins2,64817482
73845639,64855351
736256,65525683
731223A,65526792
73407875893479850,65700429
7328764873,66122656
734sinem,66160258
73ham,66227162
734527536,66301278
73snflowers,66430292
739677e,66500607
73ash116,66776386
734ror,66896709
732niven,67026427
730gold,67127787
735gold,67131464
735goldA,67131799
73792,67134292
73242BMS,67143133
73szym,67144798
73608BMS,67146164
73372BMS,67146176
73871bms,67146197
731600,67149300
73546cms,67636810
73616CMS,67636830
73350CMS,67637065
73_OWKEY,67655212
73637363827,68160768
737942_aesthetics,68257702
73992-5,68600236
730501,68661046
73Bubble111,68897686
73126,68989891
73_wads_,69071211
73A89B34I,69575661
7382737,69832755
73mustangs2021,69843982
738926,69844269
730004078,70228060
73Anna73,70290702
733887nayef,70314217
737673,70432446
735637,70641309
739913785,70743563
732905,70759406
73n,70895383
73940555,71041543
733800,71253183
732123E,71271187
73Ninga,71326928
731399,71435677
73xXDragonXx32,71550530
73506,71649963
732274982,72065019
738483812,72210583
738941,72309609
73A89B34I_Alt,72311226
73m,72780640
733073,72952204
73_peeM,73033444
731Scratch,73117365
735muhammed,73335359
736373638271,73876539
738755,73968152
7348854,73998837
736671,74473006
73443,74581296
731cube,74764700
7340271,75119212
73630CMS,75288175
73ber-pay,75302725
7382888,75550723
73536,75722626
73878cb,76519275
737942-Fan,76610656
73Angel37,77517897
7315smdingley,77894141
736988,78063030
73u,78444759
73uuuu,78445060
73kakeru73,78657560
736940e,78761452
7332444,78866524
7321george-spencer,78919388
73843604th_Scratcher,78967381
730k,79463696
73737373Hello,79586814
73kitty,79856980
7340005465,80143420
733829,80613631
735928,80866044
73786165,81000274
733MW,81042349
73796,81049399
73618,81050418
73706,81056724
735scr22,81099959
73_90,81127762
7388tm,81367492
738udye,81814253
7392K,82194355
73t274t2846678467,82224404
733124,82258693
737924,82367760
7355856814,82618307
7382647544,82704243
73v16ou,82788184
73sakana,82835735
7345Scratch,82877937
737hsydgd,82970768
7340004789,83136635
73elifsefure,83161615
730389,83803969
73l,83840781
73w,84209365
73s,84459069
7335smdingley,84790656
73p,85026957
7345LK123,85246378
730IQ,85918859
73401113,86458176
7343bob,87036607
7344597721,87159899
733Lena,87461079
73C,87585771
73B,87585772
73F,87585775
73Q,87585779
73T,87585780
73V,87585781
73Z,87585782
73uejdnmccfjrujfmc,87644434
73LEB73,87721423
7337335500,87741345
73ps2006,87864774
73digby,88005822
738675,88331817
736220L,88507646
739417n,88507833
735vb764gtfg,88596446
73magpie,88642258
733855,88646574
73thunderboy,88694720
733reddragon,88839501
738989LD,88851438
730976AE,88930600
739138,88983891
739141_JL,89009028
73mal,89140752
733sas21,89175395
732884,89175709
7304461708IAMHERE,89281053
7347825,89548722
736348,89756330
732maddie,89768749
7315Panda,89916233
73_1ESOE,90013788
73blueaardvark,90053919
731salih,90271173
73-lover,90619362
732697togo,90792498
73nami666,90872235
738367tyler,91145304
73SpacemaN73,91339176
732maddie2,91562558
736239nkc,92918426
731Gen,94168820
73829yenxkkwk,94273164
731985bp,94317190
732915am,94317252
7363839,94377855
731GenSub,94379373
73gl2029,94383622
733913,94505359
7387238327473,94894424
737_animations,94998514
73DDM11CB,95028275
73DDM22CB,95028276
73DDM24CB,95028277
73DDM04CB,95028278
73ddm18cb,95028279
73DDM25CB,95028280
73ddm16CB,95028281
73ddm21cb,95028283
73ddm09cb,95028284
73DDM23CB,95028286
73ddm20cb,95028287
73ddm06cb,95028288
73DDM10CB,95028289
73ddm03cb,95028290
73DDM17CB,95028291
73DDM07CB,95028292
73ddm12CB,95028294
73DDM19CB,95028295
73DDM01CB,95028298
73DDM02CB,95028299
73ddm26cb,95028303
73DDM28CB,95028308
73DDM15CB,95028310
73ddm05cb,95029342
73348pv,95523014
737223,95971901
73hjw,96102350
736746,96496984
73237219837,96783917
73mustafa73,97074676
73543276,97436168
7373834985859595,97450930
739374748494,97940578
736483658,98012631
73SpaceMan7310,98340049
73sjmadrid,98387484
73487654,98413472
7346732643hehehe,98676107
73425_hc,98710732
737483,99282534
73225cs2022,99530868
73163cs2022,99530877
73837cs2022,99530878
73052cs2022,99530883
73473446,99817114
739307,99988496
733251a,100334888
734754,100335114
7346349,100498734
737qwerty_person373,100944475
731Gen___Account,100968644
734NINJA,101176001
73plum,101461875
7309785,101887265
733201261,102138752
73095,102142810
73437,102713414
73rt,102835537
7390joe,102954642
738714,103439804
73wakame--,104207719
7348654,104259844
735552638,104555461
730son,105251204
73h33672,105533971
736234723u4,105534121
73e675342,105534187
73dolphins,105858548
730dolphin,105937421
7301dolphin,105937473
73Rainey37,106052016
73PigeonsInAHat,106233426
73Meme,106714566
731063j,106918015
735169,107013295
734juiceBlox,107696523
73472892,107860042
7348874,108903001
737-MAX,109122871
73152ah,109206875
73873evt,109206916
73gipgiP,109321919
73246AY,109559301
73428596,109756449
73seaapple,109926596
73flossfloor,110037694
73873ev,110128789
734502,110226986
734502a,110232551
739650AC,110648663
732-5,110759544
734290,110830952
73428596a,110858247
730164,110962045
73x7_tester,111656953
736vaku,111708807
73r7532,111826692
73_nanami,111830292
7355111,112627292
73catdog73,113292997
73boomerang,113510042
735nafaneume,113981261
7326664,114901392
732598,116102934
733636,116551652
731s,117341013
738hfrbggkjfhurerbr,117835619
73206M,118125142
7363737,118147736
73spacecamp,118382580
739238ea1,118560506
732972b,118560520
731139s,118560525
73akj6,118586575
73ARB5,118598658
732716jr,118741819
732915a,118981003
735653o,118982480
737517dev,119175215
737517eth,119175794
737517ada,119177839
737517adr,119177861
737517jac,119177867
737517ali,119177872
73771316,119201414
737517wil,119236346
737517geo,119236409
737517ale,119236421
737517cai,119236427
733730ef,119245729
732711,119410410
73Z3,119419285
73Make,119475497
73_nanami_sub,119894198
73232,119999920
7318f,120554037
737-800fan,120870534
73Fujiya,120938047
7322Cookie,121349859
73Bubble11,121613587
7369748,122296513
73HSgtowe,122661830
737131,123025403
73Ae-st-et-ic_fall,123312057
73_Haku__,123646911
736373537,123832904
732537,123995074
737pilot,124125993
73frog,124655361
739570,124940366
73cNeeks,125359256
739243,125572614
736koprulu,126693049
73ed,128865966
73957309,128984578
73gl2032,129877599
7354magomm,130013829
7371nawaza01,130013906
7360meskee01,130013916
7323jalalm01,130014093
7316IK,130014206
7391ramanj01,130014382
7359sm01,130014394
73FBEF,130198965
7382749,130325320
737238267,131375458
732-9,131439548
737CREW,131683026
73DJoy,131920422
7350alatif,134959431
73897nb-bgf3134cool,135200400
734y87,135975502
737423874,136614941
73EM,136810937
73PLPenguin111,136865616
730A-kkunn,136912775
73285764,139511732
730kun,139790445
736978hg,140534238
73_Xavier,141574728
73428596_new,141992813
