725cutie,45570
72313,47429
721mu,48956
72bug,49415
727kenny,63412
727shakeenathebest,90265
72theboss,129341
729manoscratch,131122
72lily72,132373
72meatbags,133130
720,144466
72day,158982
726961,176356
729,194222
729829984,226384
724,246614
723,367756
72i,388573
727121,419408
726,422812
727826687,443266
722,452119
72box,479818
728,511762
722106,525594
727,574364
72dingzhezhao,637933
72pinganqi,639478
7253200,644622
72015024,658675
725,688773
721,694452
72141571,740446
72260844,754424
72137803,1087368
7232001,1221245
727364426,1223626
724447683,1279805
721203,1365382
7222004,1391185
720201,1953101
72300084,2134048
724840250,2176029
72283416,2179706
72508,2209699
72880,2230361
720noscope,2349929
72728,2392945
72shields,2424362
72449539,2425539
72lego,2441122
722222222,2521080
72171,2577079
72111,2692405
720327,2697503
7272hawk,2768637
72467,2788424
72honey,2841712
726parker,2891896
72no0on27,3113629
72255,3148848
72joey,3150344
72thiseio,3204207
7248168282,3333014
7265aj,3355519
7200ro,3357671
7257mo,3372615
726531,3527157
7215202,3551632
7277max1,3648679
72111m,4000268
72476,4007859
721fb,4074267
72dimath,4361154
7229,4401016
729195,4625172
7247247242,4816551
7212003,4934662
72Jandy,5416514
720623,5454002
721126,5655816
72540,5939592
720bryce,6001930
7253047,6221614
725275,6821730
7206,7185946
727291,7494610
727899,8020236
72189589579,8113554
72101_,8443746
7205,8885118
725595217,8916182
721487,8942638
724425218,9300538
7274926308,9740392
721990,9815330
723MountainIce,10923130
721010,11368816
720Garrettscope,11951962
72supercool,12435040
727994,12571150
72midnightfish,12932356
7272727234,12999018
720364,13523721
72Jay27,13689738
725023,13749599
72ssuleyman11pa,13865386
720214,14019563
72903,14103579
72707,14192756
72739,14593608
723708529,14750904
72bluesparkles,14804451
72_Lui_Mojica_T,14863996
721608,14932194
725300,14943268
723708930,14981275
723706240,14981443
720sneasel,15585530
723706035,15649051
723706011,15649248
724950,15706222
727858,15722399
724woong,15778534
7296575,16038120
7284,16192824
72_1Banana,16339623
7291,16432313
72p,16666045
720p,17458008
72g4,17532709
7294,17838562
72849crowleyisd72849,18117762
72458crowleyisdtx,18129018
725756,18157995
72arania,18214321
72ytbob,18254398
7265cvusd,18310596
7281cvusd,18310603
7285cvusd,18310607
7266cvusd,18331825
7267cvusd,18331850
7272cvusd,18331855
7273cvusd,18331868
725203,18399093
7289cvusd,18439011
7271cvusd,18439029
7268cvusd,18439427
72Kiros,18493150
7255cvusd,18568038
7263cvusd,18568042
7275cvusd,18568044
7292cvusd,18568046
7295cvusd,18568054
7297cvusd,18568055
7257cvusd,18568056
7299cvusd,18591483
7289115384,18606242
726616331,18632003
720030439,18644856
7252295753,18921809
7288718859,18939937
7237395955,18940065
72S6W1,18986803
7217383447,19100111
7272662719,19126747
726349851639487,19252531
728728,19315140
7231674712,19317996
7231158161,19318074
7211789549,19649896
7271173927,19925053
720544,19987079
720560,19987107
7291491975,20013961
728261,20134001
729109pdsb,20139941
721932,20199997
7215737,20212072
7267377,20301746
723440,20322317
721113,20462527
72946,20479049
722077,20557319
72e,20571557
7219999,20665417
7229999,20665452
7239999,20665484
7249999,20665753
725519jh,20721551
7259999,20769944
7269999,20769971
7279999,20770001
7289999,20770052
7299999,20770075
7209999,20770736
72152,20848394
723471,20909037
722058,21040639
721500,21040669
727886a,21069497
7261mb,21198263
72nate27,21280614
722606EUSD,21356801
726796,21640649
720take,21652419
728932,21690058
728907,21690419
728925,21690517
728869,21690535
728858,21690558
7268802,21740639
72845,21752692
723842934729387429,21876025
720303,21992333
723216,22072990
7289891228,22255677
7253239695,22275334
72kamyczek,22363625
72883,22364610
7218CC,22387427
7243207678,22445270
726892565,22536476
72651,22663859
728199,22853818
7262007,22871056
72620072007,22871073
72916561,22966412
723491,23345420
72c,23914317
72w,23914355
7232006,23917960
720NOSCOPE04,24177325
72mano,24215287
728835,24377578
72664,24386521
720111,24597371
726818,24659754
72017-2018,24863995
72377,24966022
7239999s,25062281
7299999s,25062290
7249999s,25062291
7289999s,25062294
7219999s,25062305
7209999s,25062308
7229999s,25062313
7269999s,25062316
7259999s,25062317
7279999s,25062319
724442,25220412
723891,25220417
722032,25220475
720076AG,25220509
723955PO,25220540
721542EP,25220544
723124AW,25220586
723245AZ,25220591
72AnabelB,25296115
72MariaB,25296126
72ArveneC,25296139
72JustinD,25296141
72AnaisC,25296416
72ClionaG,25296418
72GraceJ,25296421
72KellyK,25296422
72AureleN,25296424
72TimoP,25296425
72AnthonyR,25296427
72TomasS,25296428
72AthenaisS,25296432
72FleurT,25296435
72GabrielT,25296438
720082,25347453
7267152767,25423411
7237395955t,25531059
7268559658m,25532654
7252295753M,25540074
723166,25545167
720147,25545228
7231291,25545300
7230730,25545593
72238978987789868977,25785805
72AlejandroC,25837801
7282011,25855596
72Ideas,25858308
72356k,25949498
72449,25978886
72604,25979301
72689,25979736
72012car,26037047
72459per,26037268
723925,26120105
723830,26120269
723920,26122291
721837,26122315
724658,26123615
721534,26123903
724579,26124054
720862,26124086
724433,26126708
722887,26126725
724393,26126857
720206,26126941
721642,26127068
72ethanb,26187356
7292006almarsoomi,26224122
723Challa,26241312
723448,26253425
7254435978,26344052
728lobey,26444238
72465876263476,26461759
7297651141,26477405
72274_MM,26583982
72004mor,26607262
723707,26647520
724309,26648524
72046,26698990
723881,26706469
724912,26707697
724778,26707946
724866,26894776
723op,26921747
72996Taliyah,26929109
72300,26957048
72957,26957080
723000,26957108
724945,26986227
724925,26986646
724793MG,26992697
729460,27017401
723218,27050399
723197,27050448
728440,27050450
728755,27050467
723208,27050474
727041,27050483
726633,27050486
722528,27050488
723198,27050489
723217,27050493
723202,27050496
721044,27050744
723196,27050754
723211,27050762
722542,27050853
723603,27050869
728376,27050874
725907,27051143
725588,27051153
727799,27051159
724127,27051201
723180cr,27125653
721989jh,27125661
723931bf,27125664
723599ef,27125685
723688jr,27125698
723844ep,27125757
723147al,27125780
723609Eg,27125901
724275mt,27126271
726290,27130061
727318,27130138
724003,27130153
724956jp,27150910
720322MH,27155598
720761bt,27155620
723071GL,27155642
721384,27157302
720s,27312498
723834,27324514
723804,27324535
723799,27327099
723828,27329456
723805,27329468
723805bg,27337559
723992,27341368
724718,27341434
723868,27341461
723609ieg,27380571
728284,27559964
727958,27561438
72t,27642562
723839,27695167
723810,27702784
723840,27736447
724957,27754661
72GSD,27855557
723594,28020602
720816,28023285
727185jb,28073617
721691640TT,28076931
722458,28099844
723715662,28113444
723715756,28113479
723715699,28113481
723713686,28113483
723712475,28113497
723711073,28113517
723714850,28113520
725736,28131376
725736ha,28180144
720851,28285994
72550m,28349826
723841,28383925
725shiloh,28451566
7262,28516231
728918491,28554928
724196,28741350
722391,28746351
725571,28780927
726886,28781029
722391jv,28786131
72hrs,28794827
723068,28815540
724207,28818271
722391j,28824888
722532,28827373
725015,28869954
7282891559,29609372
725269,29642391
728jm,29711485
72Cookies,29786854
725918,29857283
729984729984,29902623
724702,29906532
7201805,29970478
7201804,29970479
7201807,29970480
7201806,29970481
7201801,29970482
7201817,29970483
7201814,29970484
7201802,29970485
7201818,29970486
7201819,29970487
7201809,29970488
7201808,29970489
7201811,29970490
7201822,29970491
7201823,29970492
7201816,29970493
7201821,29970494
7201825,29970496
7201824,29970497
7201813,29970498
7201803,29970499
7201815,29970500
7201812,29970501
7201810,29970502
72raider,29971631
722reklawykS,30067278
72_bLuS_64,30078831
724702illyanamd,30109970
72jatt,30116345
729342556,30122019
72peter,30173789
72000BirdsOnAmazon,30282428
725101,30298114
723MR1009,30308255
72_,30394981
72racer,30466630
725427,30467381
72863res,30491382
729lim,30623992
7280111,30632427
72059DT,30642288
72097DT,30642289
726955DT,30642290
72077DT,30642291
72787DT,30642293
72121DT,30642296
72291DT,30642298
72067DT,30642299
72182DT,30642301
72088DT,30642303
72590DT,30642304
727BCCH,30642333
72522KB,30674398
72087KB,30674399
726714KB,30674403
722672,30834150
72406doa,30837642
7228581,30843566
723723723,30859658
727321,31007460
728Pixels,31099605
72091KB,31101370
7265523598,31264823
7225CSI2018,31337687
7209CSI2018,31337822
7292361,31345815
72627,31419789
722JM,31425618
7262131176JACOB,31477298
728829282,31494570
720384,31572569
7211JScriven,31916124
725579,31924106
726029,31966484
727139,32006086
726029sh,32006122
725444,32077419
7299322811,32127507
7219651295,32127519
727916,32142503
726190,32215020
728145,32225178
728001,32255712
729733,32256059
720985,32261241
722776ice,32283028
721128,32294233
723179,32308138
722776icestar,32480624
72730809,32508694
723969luv,32537441
726ncs,32570047
725ncs,32570060
724ncs,32570540
722ncs,32570554
72087533,32674434
72733fms,32795443
72X,32844265
724867,33519494
72Spike72,33664032
726407,33676182
7202ys,33745633
7292sn,33745668
7233st,33745683
7266at,33745690
7283tn,33745729
7262ht,33745792
7274en,33745936
7226at,33746439
7262htt,33746615
7262hht,33889964
72seconds,33917711
72DigiKid,33991000
7290sn,34013103
72211,34028212
720187,34286627
72921,34656317
72836,34675590
725609,34684288
72baloorcm,34739482
72798,34763178
725563JM,34882270
728111,34905474
729692,34919801
726916,34928825
727914,34928828
727360,34929267
720704,34929269
728058,34929287
724277,34929307
728076,34929310
727836,34929315
721162,34929319
727753,34929320
724363,34929324
726181_DW,34946784
727974,34946811
72544359784,34954167
7251537117,34954276
728185,34992914
721626,34999567
727796,34999993
727882,35000192
727808,35000198
727530,35000440
720601,35034121
727587,35109060
7268559658s,35135352
720067,35236843
72806211,35242627
72slesmanatees,35270247
72100819,35289453
725693,35289924
726820,35289929
729555,35377100
725628,35377108
728468,35377113
723872,35377119
729955,35377217
727675,35415101
727676,35416068
72293elmhurst205,35426565
720190st,35484582
7246RI,35488089
72imagine,35567104
720186,35593605
725177,35602305
728930,35657042
725pm,35688510
72689r6,35695275
72545r6,35695290
7268629141,35824497
7228672984,35824530
7289713958,35902037
724981,36048491
724782,36054716
725468,36055257
723706299,36092036
723706273,36092037
723706065,36092038
723706004,36092039
723706323,36092040
723706357,36092041
723718578,36092042
723716422,36092043
723720778,36092044
723705903,36092045
723718688,36092046
723706855,36092047
723715564,36092048
723706259,36092049
723705933,36092050
723706865,36092051
723712492,36092052
723716295,36092053
723720558,36092054
723706228,36092055
723706439,36092056
723705929,36092057
723720782,36092058
723708015,36092059
723714749,36092061
723716722,36092062
723714106,36092063
723706929,36092064
723707554,36092065
723706766,36092066
723713938,36092067
723705981,36092068
723709564,36092070
723706671,36092071
723703524,36093811
723705994,36093812
723720606,36093813
723723667,36093814
723707862,36093815
723706372,36093816
723721576,36093817
723706021,36093818
723706105,36093819
723713954,36093820
723706735,36093821
723705972,36093822
723705909,36093824
723707398,36093825
723705927,36093826
723707101,36093827
723707163,36093828
723703757,36093829
723706398,36093831
723706767,36093832
723706863,36093834
723706435,36093835
723705568,36093836
723707119,36093837
723706208,36093838
723706164,36093839
723706011J,36093840
723706656,36093841
72Sharky,36278708
727gigi,37334136
72151,37488890
72Q1BMEL,37497493
72Q1BANA,37497500
72Q1B,37497526
72Q1BPho,37497538
72Q1BCOD,37497557
72Q1BSE,37497606
72Q1BADR,37497616
72Q1Bdar,37497672
72Q1BJOH,37497700
72Q1BJul,37497704
72Q1BCHR,37497712
72Q1BJON,37497742
7243302005,37506336
72Q1BSEA,37665784
72Q1BSda,37667108
72Q1BS,37893725
72Q1BD,38001312
724228,38009385
7293467,38054233
72158765566,38109174
727540,38110996
72d,38291594
727001,38349055
726381,38399053
72kim,38415253
728897RealMo,38437575
72706,38438698
722648,38535996
724453,38581648
721-32,38652800
721ahernandez15,38652818
723268,38669668
7290388,38715805
7290387,38715947
7290650,38716013
72Q2AMAS,38762036
72Q2AVIV,38762073
72Q2ADAN,38762079
72Q2ABRD,38762086
72Q2AKRI,38762107
72Q2ALUK,38762114
72Q2Abra,38762117
72Q2AJES,38762122
72Q2ACHR,38762142
72Q2AJAD,38762147
72Q2A,38762157
72Q2AKHU,38762288
728606Tam601,38809415
724jonsant,38810739
72Q2AAAY,38849214
72Q2AERK,38853601
72503mb,38878400
729animalsdouglass,38951513
724858,39174165
723167,39209799
723872Aide,39252120
72743callie,39310381
724958,39417205
72Alleaklimnainanvoh,39425660
7290381,39455747
729250,39456759
72dog2,39460912
723709736,39519748
723709671,39519749
723705897,39519750
723706016,39519752
723705951,39519753
723718545,39519755
723710954,39519756
723709692,39519757
723706296,39519758
723706892,39519759
723706698,39519762
723707065,39519763
723713784,39519764
723712051,39519765
723706796,39519766
723713616,39519767
723704339,39519768
723705857JV,39519769
723706274,39519770
723719610,39519771
723718585,39519772
723713300,39519773
723707574SZ,39519774
723716051,39519776
723706207,39519777
723706290,39519778
723706114,39519779
723706883,39519780
723706209,39519782
723706166,39519783
723722881,39519784
723713691,39520080
723705857J,39595483
729404,39723664
72q2Bton,39855776
72Q2bamn,39855810
72Q2BLUK,39855819
72Q2BJAE,39855834
72Q2BMP,39855850
72Q2Bcol,39855852
72Q2BCON,39855927
72Q2BANN,39855932
72Q2BGIA,39855966
72Q2BLAI,39855992
72Q2BKG,39856044
72Q2BMK,39856047
72Q2BAJS,39856266
72Q2BLIN,39856315
720036972,40139643
72829067_alumnos,40158103
728762,40265904
720861,40268742
72278,40272299
723552294,40305624
720638391,40306050
720ecb10,40349195
72346av,40428538
72038mkums,40437808
726058,40473429
7247346817,40519583
72177rs,40560255
72747sta,40670862
72Q3ASIE,40674301
72Q3ARAH,40674316
72Q3AJoN,40674329
72Q3Amia,40674345
72Q3AKEL,40674370
72Q3AJoe,40674385
72Q3Aeth,40674401
72Q3AJOH,40674406
72Q3AJAA,40674429
72q3aJae,40674456
72Q3AANE,40674467
72Q3AMAL,40674474
72Q3AMic,40674504
7269342636,40677516
728403,40678383
725415,40716567
729593Patrek,40717920
72Q3AWRI,40752253
7252901,40756040
72231Cag,40879794
726792,40890912
726729,40926260
72938mkums,40960349
72935,40962607
727564,40999450
728275johnathan,41123242
721691,41162634
720763,41176933
72561,41263134
725612,41263444
728320J,41276700
728275yyyy,41347868
72b,41427068
726zehra_rapunzel,41468466
727zeynep_aslnnBJK,41468582
728zumrut_unicorn,41468725
723aras_arasgamer,41468815
7288,41493704
728deb,41515222
722aras_NiceD,41568314
729_muhammed,41574522
72Q3BNEH,41780530
72Q3BLUK,41780539
72Q3BTom,41780563
72Q3BAYA,41780572
72Q3BTFD,41780579
72Q3BBEL,41780588
72Q3BNIK,41781484
72Q3BTAB,41781504
72q3bjaz,41781523
72Q3BJimmy,41781537
72Q3Bemc,41781540
72Q3BGAV,41856726
72o,41946504
729141,42265680
729182,43912344
722094,44125658
72y,44307010
728134je,44335828
728142jk,44336212
720069,44530877
723872ALandKJ,44664496
727678,44778116
7264443,44917773
7275lula,45031788
727jade,45146987
726955,45156912
720036360,45184526
720036358,45184528
720036006,45184529
720036368,45184531
720036369,45184533
720034716,45184536
720036357,45184537
720035856,45184539
720036776,45184543
720035828,45184544
720035215,45184545
720035151,45184546
721teach,45360366
720pHD,45629047
72S,46910129
7272ad,49281699
7283777,49952657
720imagine,50215432
72130GG,50231164
72jhernandez,50325763
72password,50518912
72445ChristopherH,50542714
72Mill72,50593205
72A,50607180
72AA,50607210
72AAA,50607219
72ABA,50607235
72BB,50607266
72ABC,50607316
72BA,50607342
72AC,50607431
72AD,50610426
72AE,50610443
72AG,50610450
72AH,50610469
720A,50611039
72KK,50611057
72KA,50611067
72RJ,50611084
72RR,50611119
72YH,50611127
72LJ,50611149
72HJ,50611156
728064,50621351
72779999,50778397
7216523,50875954
725591,50938615
723848,51062476
725090,51062490
723872Aiden,51118432
7241435575,51314063
724019,51322898
726189,51373850
72sciencelover,51491829
72461r5,51691065
72437r5,51691124
72462,52242936
72135,52473715
722imaFRY,52861276
725972,52967467
7219393,53074348
72871AnthonyP,53119912
726215_eusd_org,53290033
720037886,53688297
72209,53737603
72z,54356761
7228580,54604052
726627,55168668
7264545,55606688
72q,55634879
7235427,55643184
722535,55692893
728582,55692968
724610,55825761
724222,55877723
727739june,55976192
721496AK,56001227
7247736,56099585
725669,56131792
7256691,56131827
72q54c5q4j7q83y,56359469
725078,56406360
724575,56406372
721656,56406409
725078a,56406412
722816,56889454
729MUHAMMED_KARAKAYA,57078479
72-Student,57188048
720881,57280197
720803,57485004
727698,57530034
7234855,57985213
72-,58073684
72319,58154054
72568,58806406
720039149,58852791
728530yuki,58856850
721-831,59178462
720cooldude,59432718
721Mermaid,59435585
726193353,60091233
728948,60285761
723155,60429983
7282748428,60515854
728922,60549923
726063,60670608
720040952,60759596
72818,61310810
7258snowfox,61637302
7277186,61814463
72Jongo,61842016
72_programmer345,61850665
7252005,62397760
723alexander,62825456
72194,62866997
7276211,62905429
72092175,63059845
726U3L,63127395
72PES2025,63302003
72PES2026,63302153
7227Musab,63718865
726683,63720455
726246,63724059
727748,63724067
727356,63724073
727474,63724079
727076,63724094
721651,63724155
729510,63764810
723823827,63905519
72722727,64047121
720291,64200537
723zeyneperdir,64409855
72demiroruc,64410197
72727mmq,64593993
725948,64680120
7281samia,64731321
726748,65541015
72knot,65638273
7286321,65699468
7296614,65747180
72bot,66045996
725gizem,66160228
729mooseguyz,66296300
727FluffBear,66516444
72kxBadvidezz,66558560
72birch130,66776377
72Spades4Life,66892574
72011MY,67067372
726gold,67131365
724gold,67131375
727gold,67131409
723gold,67131492
721gold,67131569
72047bms,67146161
7263487265,67153689
7206865,67166063
72455CMS,67636795
72353cms5,67689987
724108846,67763757
72imNew,67818701
725tkm1,67874902
721560JW,68149690
726934elmhurst,68400670
726936elmhurst,68401049
729956,68566196
72frogs,68811038
723456285,69004323
72ruby,69662550
72mustangs2021,69843976
7262666,69884874
728246,70241661
7201581,70256213
72011MY2,70437910
726266613,70729300
727930,70851128
723258,71045311
729030,71045326
7289hello,71167939
720709,71231685
72569427592,71265205
72727727,71394629
72037Kurtis,71500837
72709,71568210
728938,71608604
729kissoon,72064831
7257174,72071828
72k,72777741
727222,73527512
72659322,73545836
724271,73709197
72j,73796742
722756ava,74810751
72334CMS,75288193
72425CMS,75288204
723bkp,75296059
723akcay,75393661
72k_Breakdown,75536353
723917,75550463
72447elmhurst205,75818101
720gas15,75936749
72socoolvip,76233208
720094-kng,77019087
72percent-quirky,77237728
727The_Great,77251227
7269smdingley,77894140
7288smdingley,77894342
72kdjdg2,78091961
7267_Bella,78094053
7246aic,78318591
7202aic,78318615
72937,78323368
72954251,78630464
72kakeru72,78655774
72677267,78838165
727yushhg,78932325
72622,79056351
720877,79154567
721m,79321875
72aweds,79335282
727003,79417056
7202kv,79477495
728A,79723195
72313mep,80106226
7274987178,80113148
729000a,80503893
7290000a,80541145
729HP,80654269
72m,80888201
72837loccsd,81050564
722scr22,81088245
727361,81378480
7244168454s,81620946
728Red951,81737635
725447NGI,81813578
72bit,81853327
7244BlUe7,82150706
72-11,82790397
72736373,82970399
72g,83107896
723942,83195954
726-ilyas,83320752
7242248,83686556
720740,83829111
72bs,83946907
7225CM,84285449
721RB,84758512
724869,85168596
72moe72,85583562
72benji72,85583569
727gamer727,85824543
723305468729,85994121
7266161215LJ,86084373
72catdog72,86205021
72aBF,86431680
72aPQ,86431682
72Atc,86431698
72ADM,86431719
72Aiw,86431734
72N,86431741
72A64CND,86431770
72Adf,86431799
72AGO,86431818
72Atcx,86431867
72apt,86431881
72aZM,86431903
72A64Clh,86431965
72518189,86670487
72622_2,86820385
7223desuzo,86830263
724903,87041407
722dc,87073336
7223167297,87193487
72bef,87306234
72blp,87306235
72bOC,87306245
72Bjt,87306251
72Btm,87306263
72bbh,87306271
72bas,87306283
72bMB,87306284
72BKW,87306294
72Bss,87306312
72bcbx,87306416
722960,87318204
722962,87318366
722693,87318452
72622_1,87459626
72Btmx,87499545
72bh,87499980
72lp,87500073
72F,87585746
72L,87585749
72H,87585750
72V,87585752
72U,87585753
72R,87585754
7223kawa,87596709
728MDW,87600686
72bagVILO,88151226
727guy,88204427
72909,88426288
727918,88494184
72baboon,88642279
727094,88646081
7291raven,88773570
722763l,88904206
72nehir72,88978709
7290944,89102787
722166,89179558
723332,89179625
721153,89325224
721153_,89325860
72_1ESOE,89382468
72ll53_,89406585
72984,89504272
72622_sub_,89638339
723365,89916887
727Girl,89978463
725buglem,90005398
72gizemli72,90023032
720yusuf,90264063
721939NEW_ACC,90617973
7274esa,90795160
726468,91073023
727Karson,91602521
72714,92438358
729B11,92571312
72FromApple20201,92941976
728113,93575490
726215,94213480
72gl2029,94383625
727312,94573009
722535_2,95265963
725072,95483824
72472bms,95626320
7271987,96088000
72183,96402324
727guy_2,96689144
72kdjdg22,96827103
728kyouhei,96850437
7231-7231,97196223
720_quickscope,97241080
72sonpyh,97343189
728163549,97349397
72_87_1,98058785
720Games,98211673
7215663,99146923
72556cs2022,99530861
72980cs2022,99530864
72466cs2022,99530865
72405cs2022,99530866
72225cs2022,99530867
72764cs2022,99530871
72701cs2022,99530879
72470cs2022,99530884
72760cs2022,99530888
72231cs2022,99530889
72485cs2022,99530892
72227cs2022,99530895
72kay,99777915
729980,99852587
729181,100009376
729181J,100009434
729193szes,100015486
725684,100049861
72k3,100274803
721067,100335038
727364,100335263
729181jj,100430502
72756e20wow,100573608
723kmc11,100603766
729181JJJ,100877688
721Pantum,101123513
722pokemondaisuki,101194772
72teapot,101454773
724821sal,101666652
72__,101844395
72Vkittycat72,102031192
728ayan,102176507
72elephant88,102241601
7277k_,102314240
7245-PRR,102355370
72send,102715044
72soccer,102811790
720191,103029834
723tyoko,103328639
7245_PRR,103475765
72basketball,103502279
72rysm,104314058
72greengrits72,104343119
724495,104411622
72398,104641191
72uflndc,104894475
729777,105084780
72starling,105314790
726557,105478780
723773373,105533836
726237y6,105534034
723dolphin,105936264
724dolphin,105936270
725dolphin,105936547
727dolphin,105936915
728dolphin,105937025
729dolphin,105937263
722dolphin,105937721
721dolphin,105937755
72778rr,106023128
72PLCoder33,106221322
72PLCoder49,106221327
72PLCoder24,106221334
72PLCoder23,106221336
7264714,106435584
727193,106461687
72racing2,106616584
725048z,106918246
725524e,107004285
721smog,107171949
728_ryutye_1009,107198461
726Angus,107331766
726jc,107332273
726Aleena,107332310
726harrison,107332346
726Aiden,107332356
726Zainab,107332391
726hollie,107332403
726_Donald,107901343
726zainab1,107901647
726Nico,107902063
726ManhaF,107902648
726Harrisonh,107905018
723eds31,107997561
720K-,108208042
726sophie,108238996
726Zayn,108239020
721football,108538871
7245basketball,108620544
72082,108904322
72836qd,109207395
72FX,109416016
72sTexts,109553116
723_tokage,109585888
72814,109617476
7292011,109722669
72_cameron_72,110046635
72rruu,110070995
721945,110151696
726500,110226980
723sei,110610946
72803,110633132
7288smd,111257904
720458,111552843
72you,111895769
72n282j828j28,112425054
72Sipan72,112964531
7215perrys,112973364
72rabbit23,113754251
724underlined,114147589
7298456,114194623
72820,114328355
722013,114881897
720893783,114900165
721rehctawnoom,114900241
721_NEW_WORLD,116280094
72sky3301,117030866
72h1,117302377
7212023,117333765
720seventwenty720,117669032
725258,117927715
72ANewm,118340125
727144st,118380436
72bJorg,118527915
72Forb,118527962
72Brile,118527970
72Bmint,118527977
72BTwog,118527981
72Bgome,118527984
72BFick,118527991
72Bclem,118527994
72Badai,118528004
72btrot,118528009
72Bcarh,118528013
72bmayl,118528021
72Bcarri,118528027
72bmark,118528030
72Bmart,118528033
72BGarc,118528071
72BFAITH,118528072
72Bmape,118528080
72Bfent,118528091
72Bgom,118528107
72Brodi,118528163
72bsand,118528190
72Bcorc,118528201
72Bmcca,118528204
72Besca,118528205
72Bvarg,118528206
72Bubal,118528212
723427m,118560515
72AJM6,118586570
72APT4,118598662
72872hello,118662374
72tdog72,118697279
72kay21,118697375
722817,118708312
721267j,118982474
72201KB,119145315
722452g,119237790
72Make,119475009
72For,120599417
72Bsang,120600400
72APT4X,120613518
723689sk,120789392
72Bhens,121453222
7294441,122296047
721670,122981817
729106QB,123045709
72isNotNew,124010060
72APT5XX,124839430
721-1009,125380170
727hman,125557130
728916,125572520
7250405,126138748
720041214augustusH,126539893
720040250RyderH,126543989
720040242averyb,126544202
72-d,126718525
720038169,127081689
720039568Maddox,127115441
720040357,127124470
727227,127336536
729HGrayson,127774376
729SAxel,127774485
72brush,128027317
722103,128423244
72-310,128426027
72LUPA,129106246
722_40_Aqua,129799990
72gl2032,129877595
7265amanua01,130013868
7282cheune01,130013874
7284chowds01,130014361
7282013,130246892
7298gulams01,130865697
72sesoM,131024184
72tacos3puppy25,131235098
72597ih,131237356
720038928,133671457
724emaGnaD,137562752
722pnb30,137649809
726happy,139236343
7214567,139662477
7236snn,139904539
72suya,140700128
723_Rea,140712934
724_06_jerry,142213210
