483,37452
4853,62222
4892,62223
4878,62228
4876,62232
4861,62235
4857,62236
4846,62238
4812,62239
4841,62240
4853MATT,62514
4804,68661
4826,87848
482,95120
481741,125495
480664,166141
488107,166264
482757,166317
4801588177,193851
4801476250,206368
4801688177,230610
480slittlebrother,265962
489,288976
484,313438
480lovers,329422
48bob,391127
481,417205
48526,473714
486,479320
485,482322
480Division,490999
480-bonuses,504929
4802,535584
488,542651
482nacho,554021
4820,581808
480,599432
487,610790
4880123,631056
487racing,677072
4856549379865,724965
48donuts,764975
48756,865603
4844738632583496789,999250
4818westr,1002507
4848484848,1041073
48458,1114739
4801702510,1258809
48344175,1398333
489xman,1404990
4879678,1455020
4804123006,1940129
48527,1941010
4801735352,2080072
4812626,2235297
48727,2392765
48826,2392859
48868,2392872
48562,2392887
48883,2392912
48734,2392996
484goku,2414648
4800,2489470
484870438,2582913
4848,2602382
4848987,2674424
4801916scs,2858008
4800026SCS,2858010
4804065483,2876514
4801733222,2917948
4801734014,2917955
4804142329,2917961
4804039593,2917963
4801877,2920044
4801733104,2925138
4801821484,2928394
4801725241,2928395
4804077576,2928396
4801733424,2928397
4801729595,2928401
4801726730,2928404
4801727312,2928405
4801729765,2928412
4801733549,2928415
4804224105,2959027
482578,2992690
486778,3022569
4884,3081028
48panhead,3094616
4804105452,3138437
4804101522,3141898
4804143216,3157150
484144010,3170799
48788,3178730
4804118135,3204503
4804062096,3226960
4804131517,3233855
4804175486,3234136
4801726408,3248479
4801726209,3250253
4801737350,3250324
4801726468,3297650
4896,3355841
48050,3371604
4821603,3531998
4848999,3765371
4801733221,3862436
4801728097,3871736
48168798,3956913
4827,4034609
48246,4053193
48-20,4166674
48618555,4411243
4801780522,4623988
48752,4684900
4862745,4790546
4862509,4790554
487386,4814076
48douglas,4825608
48panda,5027372
4862558,5230568
48tricounty,5314376
482374,5450368
4804234140,5477208
48900,5676664
48th_Ronin,6014270
4804090413,6317546
4847977,6435500
4804200350,6554482
4804126632,6634308
4804234327,6691686
4898,6693590
48438cbghatty,6771804
4804110855,6885048
484381524,6904706
48124,7144188
4801768065,7356122
4804148970,7365686
48awesomeness,7530426
4801843871,7601494
4814341,7662976
4801832407,7705302
48nuttyonly,7837636
48D,7911276
48809,8031518
4827-measles123,8288790
481m,8508228
4854,9883778
4856,10438774
4840Claire,10790716
4804179698,10915826
484298,11107580
48825cr,11553982
480000480,11579818
4804303637,11865158
48milka,11907814
4804057189,12229438
4804177822,12719222
48c,12860856
4801843876,13223182
4804189771,13223549
4804117789,13223618
48631,13231856
4804251056,13246188
4804271415,13268911
4804065551,13268976
4804250660,13269875
4804063393,13270661
4804039945,13303196
48660050,13509276
48287kob,13555784
4823fc2015,13643534
487390,13651965
4804273077,13702479
48949,13818849
4804172766,13915230
4804179073,13917423
4804176738,13917431
4804174576,13917443
4804177834,13917487
48041193396,13917517
4804066090,13972701
4804142145,14021183
4804081202,14247082
48100,14341188
4804140879,14359126
4804082524,14488837
4804062096Eth11bro3,14499119
4804133976,14775288
48hourgaming,14778412
48kid,14797763
48v,15018785
480181508,15697097
4804081129,15772739
4877,16065065
4894,16136548
4824,16248581
48jake,16297479
4804117222,16413202
4804162812,16464130
4842,16503348
4804068061,16537133
4814JIMMY,16712206
4804094646,17230690
4804244282,17271270
487Loner,17580342
4804167948,17672258
4831scratch,17710109
4897,17734656
4804252782,17827901
4801814022,17833432
48576,17993190
48398_0703,18035717
489604,18102212
48806,18118042
48634,18118119
48770crowleyisdtx,18226087
4804105499,18283143
4804287655,18484967
48Daniel,18493123
4804190452,18587043
4804099828,18719925
48programingEvz,18840670
4804101327,19002767
487418,19107552
488497,19107596
4804070594,19114968
4868141163,19179841
4898957153,19201725
4804174623,19266199
48blue2017,19291404
4807aam9,19451240
4802336786,19489455
480233678,19489787
488101,19544248
4848grifk,19639427
484543,19644745
480286,19649500
4804182153,19741940
4892421286,19925104
4896259351,19935168
48smile48,19973214
483156793,20065800
481Scratcher,20119266
4801835479,20139270
4837,20158563
480Scratcher,20200147
48h,20411046
48349dow,20475291
4895,20538966
4804210761,20831986
48355,20937958
48909,21062552
48savage,21088021
4804207366,21099916
4881869388,21107589
48309,21112455
48196,21188950
48944,21217097
4832569,21460358
4848Josh,21534022
487769,21550482
4806r,21643050
4805a,21643051
487on9tedddy,21700965
4805an,21795804
4806ri,21795807
4885419646,21891406
48216,21930341
48556C,21930508
48683,21930573
48270130,22152022
480312,22658520
4804183776,22783355
480184S,22989022
480746,22989222
48064,23042954
481164,23090011
4812kred,23305884
481melon,23417012
488162,23419696
487674,23419700
488645,23421812
488625,23421835
484648,23421838
483292,23422119
487715,23422128
487217,23570127
482006,23628316
486209,24070649
48551_001,24128885
480cf,24307799
48531121,24899151
48nish48,25086641
4815one,25112364
48417,25122925
48372kayley,25123021
4801733229,25135460
486aemt,25190942
480p,25192079
4842831227,25254767
48Hours,25390137
4856800,25392440
4866300,25393368
4856900,25393374
4899652313,25418607
4860700,25422741
4862500,25422748
4870200,25422757
48103001,25651266
48145501,25743228
48211002,25743232
48106003,25743249
48824,25791776
48451,25871176
48508Black,25925472
48199503,26011979
48cloutgang,26033065
480sturner,26087226
48568000,26128076
483934c,26167101
487madvina,26225287
483934,26257219
4801832613ARW,26332446
482370bsd,26341101
482991bsd,26341110
485302bsd,26341224
485455bsd,26342167
483431bsd,26410102
484673bsd,26410108
480765bsd,26410110
48508,26419748
48568,26445932
4804223063jiri,26525343
4804098437,26567177
4804068395,26570909
48693,26593821
48756BEN,26614035
48869CRA,26614232
485650bsd,26735054
48651,26792551
4804170012,26898720
4827075506,26920555
4884xxxx,26920811
48hfg48,26942961
4801846914,26994708
48658965,26998371
485744,27080446
485744bsd,27081066
48794,27151326
484725,27333388
48fail,27336912
482255,27374498
480835,27374698
485669s,27376299
483983s,27376312
484353,27376459
485673,27376570
4804203012,27406620
483947,27423427
480066,27522556
483452,27522567
484410,27522577
480071,27522700
48gamer48,27531043
48283hol,27645994
48772,27690402
480018479,27707860
483277,27745492
485786,27745509
485039,27745517
4849132197,27746015
485317394,27872111
48cetin,27922261
48348004,27947983
48284003,27947994
48190502,27948015
48305002,27948028
48171,27988578
480910,28009585
484782,28009601
484442,28011619
481856a,28013100
48street,28026443
482467,28057837
483285,28057860
485499,28057867
482706,28057876
483880,28080462
481843,28080768
484439,28080777
482528,28113630
4804243687,28166937
485115,28182071
4823257529,28271676
48Sou,28284460
4804271595aes,28308513
4804287616ANM,28308612
4804282880dlgb,28308656
4804275886AJA,28312981
4804275886aa,28313151
481986,28315394
480368,28315406
48719740187416,28381200
4804237670joc,28390501
4804225904omc,28390559
4804250884am,28390567
4804287625sp,28390602
4804252712,28390671
4804251059mjz,28390725
4804245886lmg,28390998
4804257124no,28391075
4804245791cp,28391313
4804245218scd,28391517
4804245742jmbp,28391636
4804249659ah,28391713
48PANDACORN,28446974
48-,28568923
486045,28674492
486046,28674528
485999,28674550
486056,28674578
4804034128,28767390
4804136178,28767402
4801811534,28767457
4804035226,28767466
4804161980,28767822
48354,28782407
4801808500,28808915
4823233oce,28816573
4804293142BAD,28821214
4804062436,29053125
485918,29131015
483405,29708081
485822,29710524
4813281,29713743
483315,29860514
489808,29860518
486145,29860520
483251,29860536
481419,29861323
484284,29861336
484404,29861342
485669,29938016
486470,30065540
48252,30136598
48LK,30172611
486305,30173041
4871698,30181090
48sds2024,30257073
485696s,30266676
4804322782rpp,30286201
483198,30351677
48444bad,30352017
48659vas,30352257
482332,30358077
483047,30358128
484__fab_salazar,30363928
4824MobyS,30440141
481045,30455715
486620,30500482
485767,30529438
483318,30529439
485889,30529444
483250,30529445
485726,30529446
485706,30529455
48727294,30561396
483808,30588049
4804097476,30636656
486215,30672263
482salih,30715530
485yusuf,30715539
481rahmi,30715540
4804286296,30753598
483752,30792893
486471,30805692
48m,30845413
485739,30846512
486256,30846584
4804263339lew,30876717
486960,30884333
486615,30884398
48544854,30895772
4810soccer,31018137
4856699,31054601
486624,31060777
4801eliza,31061625
4804283153,31085366
485586,31089969
487027,31092473
485777,31172817
48-LTEC,31229422
487261,31274265
487069,31298134
486336,31299523
487380,31299535
486593,31301218
487020,31345690
489NS,31351368
483399,31369578
485384,31373656
483163,31373796
4804324160DMK,31486282
4804247482XIB,31526135
4804257124,31526155
4804260236ASC,31526160
4804248314WQE,31526173
4804252723KGT,31526177
4804252712zjr,31526274
487232,31814793
487630,31814825
4804252720NMS,31870250
486186bsd,31871648
4876B,31911125
4846B,31911133
486867bsd,32044569
4893485326,32127516
487723,32136365
4801707,32229641
4801622j,32230052
4804125514,32337383
4863ncs,32570069
4809ncs,32570559
4818ncs,32570580
486274,32628900
488333,32793511
487710,32799640
488810,32868389
489wolfgirl,32877546
485672,32912075
48M-E-L,32949675
485729478859,33414578
4869mako,33575780
48Library,33642175
4819701762,33645501
4867321,33696112
4812614686,33906998
48DigiKid,33910979
488934587438930,33930155
486512,33961411
48372615,34375403
48600,34561512
489953_Andrea,34608312
48balookc,34739697
4814221843,34945277
4845294486m,34991158
4845294486,34991756
48264,35070623
48w,35103502
48JellyBeans,35104112
486149,35144143
486176,35144281
48slesmanatees,35270198
485485,35305641
4804067638,35413845
4801834260,35413849
4804232694,35413864
48imagine,35566889
481926paolo,35583018
4854952628,35599783
48077002,35612152
4892421286s,35785087
482750bsd,35789109
482771bsd,35789352
4871853373,35824533
486518,35843041
486316,35843061
481701,35843069
486347,35843079
483582,35877878
48f,35907286
484693bsd,35912366
48OMGTech,35940734
4804067619,35941121
483bu4,35968677
48OU_pencheva,35971531
48UMURHAN,35982617
483b07,36008853
48u3a19,36012874
48u3a18,36012875
48u3a12,36012877
48u3a9,36012878
48u3a8,36012879
48u3a20,36012880
48u3a5,36012881
48u3a10,36012882
48u3a7,36012883
48u3a6,36012884
48u3a1,36012885
48u3a14,36012886
48u3a3,36012887
48u3a2,36012888
48u3a11,36012889
48u3a17,36012890
48u3a4,36012891
48u3a15,36012892
48u3a16,36012893
48u3a13,36012894
48Kansas9,36191393
489hut,36297590
48441,36299914
48441010,36300075
4804021713,37168277
4801774965,37168299
4804032280,37169071
4801771688,37192078
4801778686,37257492
4804035591,37258042
4812018-19,37394234
4879222,37405920
48719487,37460355
488bluepop,37667361
480bdc480,37669850
481jhb481,37669918
48TAYLOR,37989445
48CUNNINGHAM,37989452
48JACKSON,37989453
48ANTHONY,37989456
48DAVIS,37989463
480-,38188512
485shawn,38321462
4827_ski_guy,38394832
48764mcguire,38432937
482610,38510183
4885kurione,38563675
486096,38796093
484056,38796520
48703enn,38852998
488cmv488,39307545
4804270152,39313481
48321002,39562027
485960,39586941
48118,39603345
4891FCA,39879403
4804FCA,39879474
483299148,40153398
4804077095_CC,40483303
480409,40516547
48Romanovna,40720959
485_--1_-,40746207
4804201576Emil,40756441
4872ccb,40849773
4864ccb,40961705
4838ccb,41089114
4862ccb,41089198
48SFS,41176412
488555,41272879
480217,41280639
489545,41280642
480417573,41282922
48181,41283056
48041757,41319197
4804175,41319211
480417,41319980
48041,41358706
4866ccb,41384980
486aslan,41411588
48-vanessa,41570598
484nur,41574497
483367,41655434
485769turtle,41774790
48041739,41782368
48873AND,41849160
4848x2,41970120
484624,42042833
4807eman,42084767
48B,42163272
48david,42226861
48s,44066672
489berkant489,44145096
48u3a21,44224306
48776,44238071
4804252214,44361061
48124125oliviacth,44473929
482291,44500364
488726T,44744291
4892ncs,45107345
48U,45180760
4804343371,45399674
4879857384637,45807446
48th,49863944
4857384563980475,49871477
48foxy,50580553
4838w,50648467
4804329708,50693322
48bsvp2019,51005859
4804341957,51009557
4804291390,51009661
4804372067,51009666
4804337944,51009697
48u4a21,51262256
4899864361ej,51317035
48982,51330931
488524,51685106
488825j,51685114
488524e,51685176
487380D2010,51685223
48h2sportygirl,51952579
48_B_48,52121511
4804415378,52434736
4804415366,52434799
48949archive,52506194
48323979853562951413,52527841
48949remix,52561172
48378,52921883
4891673184,52922500
480940,53008067
4804335795,53019606
4804344437,53025423
481berr,53069335
4804378790,53518666
48058Kaykay,53601281
485719,53716541
4804333881,53811201
486773,54100773
4804281059,54191543
48sd2025,54198688
48x,54369175
48royal2018,55586605
4804christian,55641046
4837MK,55683952
485624,55832813
48689hi,55886189
48754shu,55940242
4804208930,56091101
4804206570,56145658
485954,56228703
485720,56230224
48ninja,56260894
4804203567RA,56334788
4804254282GC,56334801
4804290397JJ,56334852
4804275077BO,56334896
4804300545TP,56334911
4804290696TT,56334967
4804292942,56349831
4804286335,56350002
4806004460,56350229
483563,56364004
4898156,56496825
48024290309,56623859
4804347742,56623862
4804286341,56623957
4804322163,56726203
4804318695,56728816
4804318672,56728818
4804417027,56728924
4804318075,56729481
4804317665,56729494
4804377372,56729642
48g78g2ohrewh99whgr0,56739616
4804208331,56777714
4804317469,56997836
484nisa484,57078529
4804286561,57662379
4865398476,57928870
4804419465,58003865
4804420773,58253414
485154,58375881
487cat,58414787
484505,58508754
48812100,59186310
4804363557,59384836
48t,59714406
480441O795,59753974
4804228024a,59935469
48373,60181609
4804245377,60233339
487735,60598380
48aluScratch_CPR,61113508
486tjalsgh,61640660
4804388438,61727989
48pshit,61743777
4855188,61854933
48pshi,61868194
4876984759687,61869924
48pshi-2,61933292
480_superscratcher,62380985
4804403571,62715698
48vixs,62898478
48k,62937571
487-XD,63150149
488475733,63230752
48999999,63231051
4804237225,63284995
4804369658,63566450
48-47-45,63673762
4805900,63691381
489861,63717136
4804393604,63889196
4804364818,63965723
4804282925,63965777
4806819134,63965799
4804434701,63965806
4804360529,63965812
4804443452,63965819
4804320995,63965854
4804395676,63965862
4806819107,63965867
4806819075,63965873
4804322719,63965878
4804428322,63965889
4804285950,63965897
4804320337,63965900
4804321144,63965903
4804321186,63965910
4806804925,63965916
4804409178,63965922
4804370226,63965925
4804400893,63965931
4804323052,63965937
4806827842,63965946
4806804917,63965952
4804311409,63965960
4804329638,63965974
48484598,63997822
483838,64009317
4819237659,64010193
4804237527,64157686
4804426693,64187108
481466,64189243
481413,64217789
4804138466,64229939
48042372252,64242440
4804205740,64403828
4836008,64859066
48738ivan,64888564
483316,65017550
486Penguin,65069003
485218,65235028
4804320606,65355202
489453,65368224
487cat-t-a,65390584
48044466728,65797188
4804288269,65901067
48_Oof,66005868
487890,66007402
486168,66009363
486619,66009372
486379,66009380
487746,66009546
485154s,66009547
482828m,66009551
480268,66009558
480266,66009562
4804316594,66146865
489elif,66162610
482171,66196816
4804265453,66366963
480110,66523315
485928,66767298
48pear434,66775647
48orange883,66775650
4804415964,66835429
489670,66854590
4839348,66892610
481315,66901680
4862abc,66980199
4899864361ejthe2nd,67657443
48768764,67820007
4804443350,67949897
48_5H,68094377
4897777984,68161806
482394,68322885
4881539795,68447189
480770,68466279
4804356111,68516620
4804167053,68593686
4804427682,68992165
48Q,69182649
481711,69223133
4806835662student,69252896
48-5h,69600888
4875432,69648205
48970285,69668857
48batman8,69712592
4848lilagalixy,69774672
48SH2028,69901914
48574,70054713
4804299144,70161526
480774,70251951
4806811529,70253780
4804337772,70352000
48e,70373570
4804380220,70508017
48341HAS,70561600
4804329848,70679427
480940_test,70681019
484-5,70859701
48MG,71060823
484444444444444,71443696
482659463e,71462532
487735-2,71504820
489FATMASEVVAL489,71505285
488OZGU488,71505298
4804267029,71567974
48757875,71855915
48Dd,71857471
486531,72090293
481514,72204908
4831864161,72205385
4804303277,72311796
485-98,72623834
485881,72768800
4804292465,72777624
482877,73015997
481312,73023329
481186bluewolf,73209421
489eIif,73260778
4804415606,73371783
4804414104,73380712
48520330510587385,73382397
482383,73455588
482896,73455590
481316,73456049
481089,73532052
480031,73807195
4899,73945229
481roboturk_24,74039142
4848lynap5710,74393168
481186njbluewolf,74762625
48h_BFF_defi,74875819
4873563,75188905
4804415964_2,75438453
48ks,75823521
4806803163,75926755
4804385658students,76407837
4804349733,76488123
48937,76596152
48MariaJu,76662408
4815jc,76662588
4801jc,76662591
4808jc,76662592
4818jc,76662593
4804jc,76662598
4855FewQ,76663519
486676745876785o,76719026
4827jc,76721172
4804361072,76928133
4869cet,77027426
48_49,77051710
4804276426,77163686
4804289220lucas,77172446
4806809632,77174135
4804284441,77178066
4804296062,77234224
481212,77262495
482988,77266385
484271,77267997
4838jc,77443300
4840jc,77443301
4829jc,77443302
4832jc,77484523
4804339071,77583276
485653,77791960
4804094646Fan75000,77930988
485027834erhdkckssk,78148864
484Fluffy,78234828
480031alt,78303754
4845jc,78426070
4843jc,78426071
4846jc,78426072
4804230920,78451756
48kakeru48,78478489
48snowleopard,78519083
480061,78682911
48fam_OtoEmu,78953162
4878jc,79259136
48ol,79753759
486628786,79989088
486172OB,80012932
483225CG,80013021
488025AH,80013053
481055IR,80031094
480632JS,80031106
482381JS,80031115
483327ES,80031134
483314AT,80031198
4889jc,80037092
4872jc,80037111
4897jc,80037115
4891jc,80063832
48692021,80074638
483226CG,80080287
480440TS,80080417
482855NS,80080426
48_,80084263
4804blahblah,80142412
4839Z,80311086
48_times,80321734
4804401731,80478504
4804244972,80489944
486DK,80622287
4804361396,80661977
485broc,80852041
4855food,80988149
48907-nana,81010298
489512,81038098
4804370421,81168335
4890238402,81195885
4869conan20,81261822
48yusuf,81348171
4804359307,81367190
4806007795,81404323
486blue456,81532308
4804363148,81877583
4804211457,81960286
4804322115,82014580
48gozde,82078757
48170,82399836
48090,82400160
487ahmet,82585924
489sevval,82585954
4804281933,82695864
4881915126,82704238
480551,82790178
480294,82790370
4804242900,82809864
4804447885,83056903
489211,83170249
4885clione,83312674
48-ahmetkagan,83320750
485-fatma,83320765
4804298781,83490495
48CODER84,83494517
48FAN,83512541
4861925452,83644477
4804324069,83648978
486479,83742375
48SquadStep,84112842
484322,84192055
4804263412,84522017
4806807517,84531362
4806857051,84552146
487rainbowroom,84761969
487rainbow,84764239
4804317878,84839826
48325wm,85087268
48245wm,85130745
486928bsd48org,85362369
4804384241,85503255
482498,85556622
4804331404,85808842
48945,85910008
48earth48,85962500
488352,85992796
4866112468BW,86084374
48moonbeam2,86435020
486279130,86608019
4804iskoul,86974420
484v,87177893
48437a,87189930
48j,87247115
4804229725,87305372
480428076,87438243
4804281773,87565739
48O,87573531
48N,87573532
48L,87573534
48I,87573535
48A,87573541
48Z,87573543
48Y,87573544
48R,87573548
48P,87573550
48G,87573562
48436_AM,87651600
48280,87651611
485233,87776701
4804337211,87888483
4804371040,88195315
4867y4857,88310791
4863test,88350469
48239849,88432534
4892904,88432541
48098085,88471585
48429amika,88963320
480_song_covers,89123109
482808,89419470
4804203715,89608215
489372,89918359
4806857744,89962571
48902Alliance,90133967
48daisy7,90153588
4804blahblah2,90326470
484superpro,90402496
4854444,90507263
482947204859385720,90595326
4806006859,90698127
48TMSGolt,90759605
4804375306,90760452
4804407928q,90782523
4804362655,90844046
4804419806,90860294
48monkeyboy5,90873776
483958348,90973282
48ycatsarecool12,91131661
48179001,91139395
48_Numberblock,91309329
485620,91354760
4804375242_BOI,91388538
4804326431sandysin,91413038
4804440150,91479936
4804402479students,91493929
4803460251,91566086
480436431Washere,91869128
4804416101,91885327
48328,92148400
4804385658student,92643285
4804326431students,93011858
48910one,93041513
4829252715,93081334
484vf,93119289
48455841474f4e,93148945
481_vin,93293760
4804376767,93359659
4804372175,93948283
4804332470,94162236
4848e848e8,94195498
4804372156,94208358
48JadeMantis,94223717
48TealLemur,94223722
4804blahblah_test,94791800
4869-conan,94903437
48Monkey,96296536
4804blahblah-smile,96729861
480CATLOVER,96730475
48Mouse,97024522
488580,97208967
48daisuki,97226393
488860,97303709
48MOUSU,97907005
48fuu,97907923
48monkey66,97908501
48134kama,97968986
4804448976,98235949
48Productions,98923838
483662,98995952
4804140317,99059292
4806898908,99110304
4806863032,99110449
4806838164,99115482
4804355252,99115721
4806801343,99158786
4804210811,99190534
4806837201,99191175
4806835048,99191180
4806006145,99231296
48Aviation,99254955
48gozdeydk,99273090
4804320893,99300211
480029,99355700
481448,99355743
481823,99355758
4804330325,99358562
4804334155,99358567
4804325792,99358645
48062saruchan,99851633
480506329,99868427
48GamesDev,99879736
480964bm,99984250
484472,99984417
48BurgundyCoder,99989651
489407,99998190
48132,100004737
489363,100056294
488905,100056322
4800219,100069148
485625,100112196
48599f,100238738
48-8-34,100342332
48free,100448909
484778,100639860
48kxzh0tzz_____,100705262
480EGM,100726112
489259,100968325
481301,101454814
48_colored_pencils,102151369
48utdev,102282672
48588743,102333330
4889H,102581983
48476075A,102834539
48-ga,102878823
48485444,103180534
48662,103316137
4883279,103621145
48osi,103866483
48purpleeggs48,104343112
48484488hi,104364183
489286567,104396897
4804_testing_alt,104496764
48kzynny,104619735
4869holmes,104641192
4845bb,105049267
48sousouyamalintY16,105439092
48RIZZ048,105576636
487dog,105925466
488807,106613045
48superman,106774576
4865460,107175810
480sb,107385424
4864863,107451758
48833BurkeC,107541044
48860Omenka,107722162
48380Toomey,107722277
48933Lai,107722765
480is2223,107932752
483is2223,107932768
484is2223,107932773
481is2223,107932780
482is2223,107932795
48-uta,108447150
4803707,108665975
484student16,108962532
4862104,109048616
48CVJACLC,109084711
481901112,109187703
48hhh4741,109192491
486195,109210844
480444,109571949
48Midnight,109740310
48basehit,109788943
48bluelemur,109926581
48wordtalk,110021699
487gnm06,110119354
48nmd-,110147518
488pages,111156946
486SAMALC,111798631
482SAMENAR,111798651
485lc,112524133
483939282,112760834
4811_bread,112920668
485233sabu,113068137
484883831,113151552
485series-TG02,113281896
48pitcher,113510021
48927637,113785019
48doggicecube50,113901057
48doggicecube500,113901168
487108170,114900164
48091,116069269
48431hi,116202692
48va,116607807
4899-,117015821
48orangepeach,117608177
48MG_sab,117668008
48MG_sub,117668317
48938BA,117928176
48895nk,117928293
483986EC,117963320
48sorrowfulbrownies,118345864
48982A,118506045
48721,118567686
48469KB,118778736
48924,119017245
48939,119017248
48871,119017251
48919,119017252
48918,119017253
48917,119017254
48915,119017255
48972,119017256
48997,119017257
48873,119017260
48978,119017261
48950,119017264
48970,119017265
48955,119017266
48954,119017267
48892,119017269
48897,119017270
48895,119017271
48922,119017274
48803,119017275
48802,119017276
48805,119017277
48807,119017279
48903,119017283
48908,119017287
48984,119017288
48985,119017289
48875,119017290
48966,119017291
48960,119017293
48961,119017294
48940,119017295
48973,119017296
48116,119134579
48113,119134580
48159,119134581
48152,119134582
48157,119134584
48154,119134586
48131,119134587
48130,119134588
48146,119134590
48178,119134591
48179,119134594
48147,119134595
48140,119134596
48133,119134597
48189,119134598
48150,119134599
48182,119134600
48143,119134601
48186,119134602
48323,119134603
48136,119134604
48167,119134609
48162,119134610
48163,119134611
48160,119134612
48161,119134614
48121,119134618
48127,119134620
48142,119134621
48125,119134622
48183,119134623
48176,119134626
48148,119134628
48180,119134629
48192,119134630
48440,119135056
48379,119135057
48442,119135058
48447,119135059
48446,119135060
48449,119135061
48372,119135062
48371,119135063
48464,119135064
48351,119135065
48376,119135066
48461,119135067
48399,119135068
48429,119135069
48423,119135070
48422,119135071
48395,119135072
48426,119135073
48357,119135074
48415,119135075
48427,119135076
48433,119135077
48380,119135078
48364,119135079
48329,119135080
48301,119135081
48360,119135082
48307,119135083
48304,119135084
48320,119135085
48306,119135086
48308,119135087
48465,119135088
48434,119135089
48450,119135090
48349,119135091
48459,119135092
48342,119135093
48343,119135094
48439,119135095
48418,119135096
48414,119135097
48381,119135098
48386,119135099
48413,119135100
48384,119135101
48462,119135102
48337,119135103
48335,119135104
48332,119135105
48057,119138372
48054,119138373
48052,119138374
48051,119138375
48076,119138376
48077,119138377
48072,119138378
48059,119138379
48048,119138383
48083,119138386
48082,119138387
48084,119138389
48087,119138390
48089,119138392
48088,119138393
48066,119138396
48040,119138401
48049,119138402
48004,119138403
48078,119138405
48086,119138406
48096,119138407
48099,119138413
48sorrowfulbrownies3,119166741
48sorrowfulbrownines,119167379
480023325,119230673
48therocklolhehe48,119479091
48HdSl,119677200
48city26,120165726
48muteki,120303925
4848GG,120422096
489304027dud,120484311
4839dp,120514041
483wtyherj,120664491
48Okqy1,121008508
483987,121373461
48437484,122523689
48_oliveira,122868511
4848412,123903784
48fo-eito,124710934
486194,124940833
488658968,125129791
48439329,126939900
483dokkiyman,127090012
482647,128030998
48fo-eitoenn,128056358
48morpanda48,129586090
48024438,131408909
4845international,132879907
4804blahblah-the2nd,134893191
48sanderk,135233962
485rey,135744386
482281-vbstudent-com,135751375
48fm7b,135868759
48amariza,136768257
48AACURSO,138820501
48wx,139049042
48MVMURSO,139247919
485raityo,139967667
485_KAMOME,140502365
