828032,58913
82nd,77124
822,93524
8293877,248136
821,342653
82001,467124
82506,473711
828,479327
828june,487060
824,488893
827,524450
826,531495
82SweetPea,562037
823,589732
8291,589942
8287,621546
8258em,649544
8258ars,649628
8246824655,694310
825,721793
82jkiller,792682
82580721,854393
82601,891180
829,968890
82732970,991543
8297,1003400
82961kp,1076141
82201,1081482
82300,1101506
8282001,1166912
821169061,1197646
82235,1208579
821818012,1216664
8224,1349368
827155661,1380902
82253956aaa,1383214
82abhilash,1865015
820610gary,1878132
823823,1961179
825668,2042214
823916783,2056266
821177717ljz,2170054
826862842,2175864
82004will,2393636
82JosHer,2413542
8268424223,2437704
82339,2489655
8281999,2625508
823187,2686894
827763,2691850
826381,2691853
827041,2720499
825272790,2746795
820_bros,2749667
820_bro,2749675
82521017,2815859
822312,2830206
822cat,2855233
82331,2895971
8283,2955258
82302,2959348
8212,2974863
82dino,3012302
8242059,3051513
821585582,3053932
820847745,3065241
8295,3113324
825943,3160616
82cooldude,3305280
826012,3322880
826516,3323038
82350,3392046
82mermaid,3927258
8211-Games,4053811
828606,4175065
8265,4585154
82win,4842936
82061,5431196
8281107,5514288
8237,5600638
8292,5892572
821956,6321728
825438,6569168
820995,6634050
822912,6662208
8221-,6736522
826820,6816812
8260333,6882358
82896mayorquin,7054508
82932919,7162076
829111665,7708504
8229666,8955306
8260601,9656380
82352005,10269944
82awesome28,10598732
82me,11426758
8207sujin,11708040
828400,11903010
82a,11927858
820329,12024728
8246254,12819940
828282919191,12995890
826378,13035368
8284622,13770729
8282469,13770804
8293367,13770892
8214palin,13842368
820,14158021
82snydera,14267688
828236,14509142
8257,14551047
82729,14566663
823044,14768878
82rdg,16166703
82902,16641584
829470,16675441
8294,17000340
8247443457,17182594
82h,17492787
82k,17646229
821192208,17888529
82092,17945704
821522,18116066
825610,18147184
8290486,18216798
82563,18219692
8288cvusd,18427411
8296cvusd,18591574
8246cvusd,18591683
8285cvusd,18594579
8242cvusd,18650343
8262cvusd,18650384
8291cvusd,18650446
8253cougars,18799602
8276cougars,18799605
8287cougars,18799608
8283cougars,18799623
8267cougars,18799627
82697,18800813
82913,18843243
8295682679,18898951
8221597937,18924454
8267587446,18998938
82Lion012,19047060
82Lion019,19047061
82Lion021,19047062
82Lion026,19047063
82Lion024,19047064
82Lion010,19047065
82Lion023,19047066
82Lion040,19047067
82Lion038,19047068
82Lion014,19047070
82Lion011,19047071
82Lion027,19047072
82Lion031,19047073
82Lion030,19047074
82Lion016,19047075
82Lion032,19047076
82Lion020,19047077
82Lion034,19047078
82Lion035,19047079
82Lion036,19047080
82Lion017,19047081
82Lion001,19047082
82Lion013,19047083
82Lion003,19047084
82Lion002,19047085
82Lion005,19047086
82Lion004,19047087
82Lion007,19047089
82Lion006,19047091
82Lion009,19047092
82Lion008,19047093
82Lion018,19047094
82Lion015,19047095
82Lion025,19047096
82Lion029,19047097
82Lion022,19047098
82Lion028,19047099
82Lion033,19047100
82Lion037,19047101
82Lion039,19047102
8245574619,19144917
8279174877,19173539
824dogu,19218641
8234367765,19227786
82380,19285894
82279,19285900
82228pc,19285901
82283,19285905
82714,19285926
82199pc,19288678
82026,19525882
82KITTY,19586037
8239atkib,19622280
828divshar,19649651
82799,19905048
82599,19905057
8219999,19905066
8289,19905072
8259600,19950301
8278365148,20036584
823386313,20065791
822372,20397092
8282395795Y,20522032
827668a,20552413
828466,21063995
82rocker,21139988
8214958865,21265985
82296,21368372
82684042,21502078
827391,21554495
824burakcan,21614685
825zeyneb,21614894
82728272,21738378
824burak,21758418
827617S,21787747
823548S,21787779
827611S,21787790
82476JAR,21811367
8287264588,21891417
821716,22056262
822676,22322552
829700,22423613
82snail82,22495668
829357,22537303
828831,22553797
829527,22553811
828293,22554069
821276,22554084
827781,22554531
8252556W,22664007
826125,22708954
826131,22708970
821385,22745896
821074,22764406
822305,22844506
825815,22856701
82813pc,22955240
82375PC,22955264
82t,23095514
822990,23312823
821305,23459549
82Cowboy,23476903
8228682174,23508066
821134,23514080
826963,23592595
821044,23978345
82677g,24014028
8237529,24120606
827T,24441106
8272007,24477742
822751,24504557
821962,24519275
82017-2018,24863997
8239999s,25121620
8289999s,25121623
8219999s,25121627
8259999s,25121629
8269999s,25121630
8249999s,25121631
8299999s,25121642
8279999s,25121647
8234295241,25177251
828577,25200660
829702s,25250354
828901,25394138
828896,25394139
827634,25394145
823978,25394225
827175,25394262
824abiabba,25395699
82314,25397235
82145,25397240
82177,25397241
82154C,25397332
82134Y,25397335
82270R,25397340
82505J,25397352
8252826164,25416820
82614,25462906
826Gallerb,25465555
824049,25571338
824065,25571340
823972,25571343
823941,25571344
824677,25571345
824463,25571347
823231,25571348
827551,25571349
824107,25571350
823934,25571351
825391,25571352
827011,25571353
824067,25571355
823936,25571358
823921,25571360
824466,25571363
824183,25571393
824556,25571422
826115,25571442
824436,25571451
827665,25571743
8265081,25579944
8244361,25580006
8275511,25580061
8201338,25585711
829tiayang,25982908
82487,26068643
8221597937M,26119200
822171,26204728
823437765maleah,26435294
825623,26491963
828595aj,26498401
827246,26610950
8241377,26803584
8247king,26858431
82664,26983384
825yumasato,27056423
82146pc,27149784
82898pc,27149799
82340pc,27149806
82868pc,27149808
82149pc,27149811
82286pc,27149824
824322e,27418223
821465,27471679
820477513,27610814
825196,27643110
822837,27649591
827cannonball,27669497
829champ,27713800
829031307,27795098
823857,27826744
825561,27839895
82muhammet,27916637
82c,27943762
827392,28247998
8204234,28342997
8204235,28344905
828489,28349727
82838,28395610
827709,28524883
826043,28524888
826103,28524912
828884,28524987
8288842,28525016
8219897635,28688897
825221,28698480
829503lh,28698485
828300,28698493
825967,28698512
828193,28699574
825283,28699595
826234,28699600
823030,28699617
829296,28699717
826033,28742892
82L,29500724
826896z,29664288
82atest,29714131
8274253728,29775336
820032,29978497
828353,29990272
823848,30021163
824509,30021666
8240931,30030145
8238238,30031198
8222513,30053884
8213310,30097542
826973,30097849
825334,30172395
821Princess,30180354
82_kar_suarez,30301309
821331m9,30423802
8206PHS,30769508
8252VioletJay,30869749
825682,31018736
8212ks,31159809
820406,31229484
8285AaLH,31377686
821318,31463863
82197FIN,32191903
828434,32588777
82pikachu,32611976
82110v,32643004
824139j,32749487
82343pc,32752771
82138pc,32752774
82riverside,32786921
82145PC,32786982
82799pc,32786985
82922pc,32786996
82819pc,32787011
82335PC,32787015
82835pc,32787022
82335,32787088
82903,32858484
82m,33381930
82bookcase,33649766
82702040,33721344
82300328,33984836
823206,34041214
82DigiKid,34091944
8285532,34395160
82gochujang,34549167
82122,34583320
82839mku,34584205
826story,34594215
8242phs,34642968
82322isaac,34655551
82529,34675608
82qp,34716960
82591,34738819
82322isaacc,34764404
8205Addison,34813271
82skynet,34878762
828515,34905469
827813,34905559
826426,34948304
829535hi,34955428
827330,34992748
823004,34992757
828DS,35053630
82DS,35053694
823014,35074463
82466100,35098423
826388,35100789
826299,35100894
826438,35100996
827694,35101052
82x,35143072
820956,35152331
827683,35153336
82slesmanatees,35270235
822857,35294802
822277,35294811
821751,35300580
823775,35304852
82gregopro,35312499
824457,35390938
827343ck,35390939
826171,35390940
823454,35390941
822720,35390942
823214,35390943
823448,35390944
823149jb,35390945
822927,35390946
826986,35390947
825310,35390948
826442,35390949
828624,35390950
822727,35390951
827483,35390952
826412,35390953
823063,35390954
822711,35390955
822795,35390956
826310hd,35390957
821555,35390958
825234,35390959
828325,35390961
822958,35390962
821721,35390963
827881,35390964
823191,35390965
822775,35390966
826312,35390967
821649,35390968
823190ab,35390969
826732,35390970
823376,35391628
823146,35391630
823338,35391631
822778,35391632
823888,35391633
826624,35391634
826625,35391635
822847,35391636
823405,35391637
822709,35391638
822772,35391639
822716,35391640
822715,35391641
822712,35391642
827484,35391643
825470,35391644
823015,35391645
822785,35391646
825343,35391647
822783,35391648
821594,35391649
821993,35391650
824861,35391651
822798,35391653
825299,35391654
828067,35391655
822827,35391656
823250,35391657
822780ms,35391658
826129,35391659
822838,35391660
823199,35391661
823452,35391694
827131,35391695
822725,35391696
827334,35391697
822864,35391698
825389,35391699
823234,35391700
822729nm,35391701
822691,35391702
822801,35391703
825394,35391704
828387,35391705
824845,35391706
822546,35391707
822728,35391708
822714,35391709
825556,35391710
823189,35391711
822710,35391712
822793,35391713
823398,35391714
822792,35391715
826844mb,35391716
826715,35391717
823520,35391718
823395,35391719
827780,35391720
826849,35391721
821545,35391722
822839,35391723
823835lbv,35391724
822996,35391725
822299,35391726
828635,35392031
82imagine,35567114
82260r18,35605259
82508r18,35605260
82151,35605266
82104r18,35605268
82402,35605289
82292r18,35605295
82115r18,35605314
82110r18,35605318
82227r18,35605334
82114r18,35605349
82102r18,35605356
82527,35605364
82121,35605382
82229,35605383
82537,35605414
82375r18,35605415
82222r18,35605421
82434,35605433
82205r18,35605926
82091r18,35605930
82207r13,35608328
82155r13,35608330
82356r13,35608339
82075r13,35608341
82221r13,35608348
82294r13,35608807
82411r13,35608855
82208r13,35608934
82095r13,35609246
82197r13,35609333
82140r13,35613639
827361,35757345
82SYMTy2iT,35780180
82gWaGt9r6,35780521
827adrian,35782972
8254G,35796225
82247000,35803174
82210r13,35925094
825373,35996426
82abianchini82,36004078
827809jack,36018519
82117r13,36058040
82161r13,36058380
82JO3hS9,36103680
823AndLaur,36331090
823185,36424074
823263,36424087
823129,36424088
823204,36424110
82130r13,37452602
82160r13,37453263
82638r13,37453310
82214r13,37453440
8283b,37467667
824829,37603694
824206,37676153
825ajb825,37710071
822mcd822,37711543
825Kir-,38394122
822Mer-,38394124
824Tho-,38394131
820Ves,38394146
821Han-,38394159
823Fen-,38394160
82910duma,38432901
826127,38530884
821021,38570791
82Raider,38573664
820840,38612497
821195,38843860
827962,39173400
826979kl,39222892
827060ME,39223171
8245r,39412173
828338Jg,39412909
828371MP,39412958
827066EM,39423221
828608kr,39423224
826590KC,39423228
829400di,39423292
828604tp,39423306
828068,39448057
823340,39457848
829942md,39511894
826528,39522443
821osm821,39588429
821145,39614409
8296209,39645266
8256354,39645289
8269020,39645443
828LL,39650652
828689,39692671
829962,39694287
826520,39694426
829850,39694458
828954,39694468
829891rf,39694523
829097RM,39694528
829844gt,39694805
826337,39700031
827195,39700035
826153,39700045
827248F,39700112
827248H,39700153
827248b,39700350
8269020C,39719859
829766,39731898
824125,39734511
829639,39767523
827272,39773069
829051K,39794020
8274lizzie9532,40179222
82998,40256586
8274StossE9532,40277425
823203419,40306036
82300mkums,40427869
82664gg,40428478
827004,40433192
82025mkums,40437629
82334mkums,40437635
82839mkums,40437643
82347mkums,40437745
82032mkums,40439671
8286799526,40519547
82220mkums,40520004
82711mkums,40521709
82326,40607245
824bus,40628617
8273179753,40677222
8219356146,40677253
8221742996,40677538
823618,40678417
825308lh,40885285
829877tr,40885587
826598,40890584
826132su,40890596
826991kc,40890597
826132us,40890820
826639gg,40890828
826344,40890833
822745,40894126
829834sc,40920255
829400,40999419
829854WJ,41208146
829816,41264508
829532,41266775
829087,41269200
827174,41276125
820250K,41276262
827937,41310317
82o,41318328
823059,41352932
824403,41393048
828209kb,41401206
826150,41436080
825308,41440889
829_baris,41465869
822sena,41474482
826252jrp,41697404
8239184821,41734154
828413angel,41768411
827568kimoryon,41847963
82659pow,41854578
82098,41954736
8265346r9737837,42040951
82692424204,42084905
827Cyclone,42161306
82bars,42424053
8282ratton,42439219
82shehribanek,43668845
8223573164,43913248
820092007,44710727
8242721,44916655
8242632,44916758
8221533,44916832
8220202,44916922
8222050,44917002
8233871,45219647
8286908060,45236163
8222222,46190704
8243874,46698210
82s,46910085
82digikid_2,49971565
82rainbow,50127157
823250-,50187168
82180,51242051
824292,51952322
822130,52041652
829496,52041993
82Panda28,52324826
822130jf,52543407
82_,52746574
82490spark,53111229
827076,53191148
820579jr,53471362
822s,53637562
825DanDan825,53668637
8253730,53708044
829870rp,53766613
827661,54045010
825517,54096311
827077,54211925
826066,54694000
826923cuh,55662173
826963cuh,55662192
824987,55877425
826548,55877454
829725,55975099
82D,56016434
825369,56181112
829038,56197259
829147izzy,56444811
823azra,56817407
82121mp,56908900
82121mcp,57003666
825898,57178860
824633,57261292
82502TG,57299020
826295,57343813
82DS_sub,57627911
8248590,57709098
826861,57947762
829851,57948358
824474,58908027
823456,58984652
82foxy,59075576
8276813386,59085587
828657,59226258
828643,59226299
82cre,59383993
826598lucy,59436961
8216703,59473013
828620,59540398
82852,59631806
82z,59737176
82myluckynumber,59775389
82denmark,59996133
82563789,60102965
82hw72vsb,60284752
824636363,60468880
8234_NM,60476860
822386,60504340
827264,60708761
829mre,60748037
827064,61112060
825spidey,61437631
823719,61465418
825038,61662889
82DS_modottekiteyo_,61823974
825al,61948672
8246zxc,62141423
82p,62234574
82379176,62331451
82650T,62347281
8234516JU,62472577
827400,62736324
820_Ninja,62875547
820N-Y,63133310
82216as,63288401
82PES2025,63301996
82PES2026,63302159
82toBerauqS,63404044
821743,63907237
82-,64190161
825-TY-743-20,64222196
82nfeiurj3jueh8,64507846
824487,64517366
82queenie,64883075
82081320910,64946914
827117,65005172
820666,65228723
8248529,65699495
82r,65939337
8273-id,65956740
825460,66189816
8253223633,66213322
82u,66235734
82731,66884662
821418,67099189
827940,67522213
82j,67725479
820117726,67763748
828823307,67763763
820-5HBetulZeren,68094276
826803AR,68147771
828509,68148133
824830,68236071
822648,68236224
823850,68244936
827472,68249321
8256374144,68447307
8296611384,68557196
829397,68585938
828365,68724111
82rnf,68727365
824tunlezah,68828031
824173t,68937902
82025tbigham,69062117
825Minecraft,69270992
82786736726726736712,69408901
82mustangs2021,69843998
8292823,70282409
8205004,70433059
82w,70645188
82tammy,70694696
82b,71023579
8258289136,71455423
824573jayden,71649966
82936POO,71751933
82ZincKestrel,72044903
8287364881,72318301
821413,72502171
820241,72776161
82scratchmann,72865116
82Maryam-,72867192
82awesomemeaI82,73735871
82papatya,74039121
8287213,74376367
823799996498698,74426360
8218258795,74490614
82899768,74499003
8212009,75211877
829460,75294088
82828289189,75961456
829676,76151106
821599,77162240
82Y,77641675
8291wodahs_revlis,77698743
8234777873,77706878
826503,78051157
828292221213,78141183
8299zMrTan,78207495
8276187,78806578
8271761,79381062
826030,79445401
82887488992838,79464912
82judnadYY7ytuT7TU71,79568446
82n,79739816
829blossom,80349833
823400,80653280
823670,80653300
824950,80653338
826850,80653393
822516,80653861
823722,80654124
826966,80769568
8201709,81000534
82destan,81271154
828893,81524367
829471,81524389
829458I,81524408
828649,81524513
828971,81524612
828984,81524631
828950H,81524721
828649A,81525598
826cerulian360,81532273
828109,81635182
822933,81965819
8253AHU,82266791
822566,82346776
82uolylil,82538252
82burgerAtlanta,82693474
829134,82803337
82769,82854880
82E,82939139
829374645cobayas,83345459
8252013,83605593
82144,83709727
8254384998,83722050
821334,83744479
828-3456_scratchgrl,84004160
82882828,84365731
825492,84378588
82f,84395325
82q,84885761
8250catnat,84933784
820219,85427607
822370,85427611
823095,85427682
826768,85428938
821522OES,85433783
820364PC,85433859
827359,85433864
823002,85448936
820099,85448955
827289,85448962
827179,85448970
824448EC,85448989
828682,85449002
822142,85450495
829242CT,85501548
820767,85501560
827258,85501844
820056Jalaly,85507286
820037M,85514785
821303,85514795
826976FPB,85514805
827030I,85514812
821058DWK,85521181
822965ckb,85521190
826388lhs,85521240
821531,85668919
827435,85668960
823086,85668979
821265CD,85669051
822655AS,85669850
822794,85732426
825256,85752540
822813,85820186
820542LP,85894535
825603,86156910
82sillybilly,86182283
8285831337pizza,86441060
82375463iwerg,86896639
829676c,86963123
820564,87011499
82092376,87226276
82kOwO_13,87239773
8282hi,87323077
823207,87495012
828haniwa,87533514
82I,87588768
82G,87588772
82V,87588779
8248ohiro,87941511
827812,88091364
829066mcps,88224317
828648,88408275
822638,88408432
821375,88494564
829735,88577724
826456ol,88650361
826456oli,88650976
82239,88777530
826456oliv,88824810
826456oliver,88845614
8290382022,88909022
824744,89005813
827_garcello_829,89333271
8250Watermelon,89343792
826227,89922718
82_yakimaru,89952286
82kickingsnake,90134041
8238-9699,90404088
8291k10,90634942
828683,90755080
820501-,90783181
8281045400,90999755
823923ea,91229052
8202013,91408010
82862,91675239
820120,91873521
828183,91952723
829770,91952728
829823,91952763
829522,91952894
829465B,91952936
828524b,91952948
828183l,91952986
829335n,91955147
829336n,92037857
825dragonmasterscr,92070496
823100,92079688
827cannonbaII,92371550
822106G,92504472
821291,92582777
829190,92595638
828390,92595664
82992,92920599
827670as,93081971
827cannonballRedux,93443083
8293178248,93534885
821266,93644189
829776,93654476
82kumy-kumasi,93872892
8222510,93889396
820126,94105340
823127-,94106519
821261-,94106610
820799-,94107626
822551-,94107719
823672-,94107734
821293-,94107857
8264643,94232683
824371,94460778
82gl2029,94502105
823azraipekci,94951266
82kasu_,95105208
82983,95176144
82467ksl,95626340
82doggos,97083128
824_buck_buck,97083467
824182,97138926
821-HaNi,97282765
82474564,97380788
820IceCreamPanda,98390422
8259042396,98818142
8259033559,98822455
828270,98982752
827364,99323519
82_p,99400092
820106,99661044
820118CA,99720223
821006JP,99720231
825084BG,99720232
828394mackynziem,99720239
820550SN,99720240
821163EM,99720282
827228cgp,99720316
822323EJ,99720319
821145-LES,99720336
822415ERL,99720387
822-33,99748149
82238dp_,99760339
82382hd_,99760465
824881h,99841813
8207nthai,99948305
8221pklinh,99948319
825027,100009485
827zzz,100110194
826392e,100325724
822300f,100326020
825027c,100430419
822817,100570253
821718,100581429
826688,100682707
8215999,100849447
8223_,100914873
828salmon,101343132
82686Sanne,101348812
82apple,101461924
826687,101493670
820658,101790865
821414,102493010
8286TC,102939433
8221nnaytiykurim,103056668
820382L,103509423
822amk,103705092
823yr9epfwubidvsjkn,104112845
824238111,104234437
82bluebeets82,104343121
82jb,104814362
829_iiamcici,105063295
828728MVSR,105091055
821196W,105253694
822292,105297657
82745628,105426667
823611,105495510
82dolphin,105861369
82295Dragon,105875598
820dolphin,105941504
821dolphin,105941965
822dolphin,105942076
824dolphin,105942163
823dolphin,105942250
827UTTP,106393786
82723663,106492564
827064_,106561881
824355,106680492
827801mr,107003317
823feesh273,107013171
828494ag,107026712
825107stem,107097288
824920stem,107177553
829341stem,107177571
829638stem,107509672
822435,107787141
821141,107787256
826734,107788376
8282_hi,107812505
821728EZ,107859744
822225RS,107859765
821994EC,107859867
827476,107859894
824jmoses,108105401
823SOUSUKEPO,108748158
828789344,108802543
826822,109005417
8214j10,110008691
823201991,110151443
823SOSUKEPO_sub,110488445
821341,110603005
82xuhongxia,110853476
82linjingyi,110885210
82pingshangliren,110950029
82prodino,111425589
820WashingtonSt,111919464
82_24,112219795
82Happy,112260181
82YellowCat82,113097797
824zone,113527064
829-_-,113630407
82342,113807779
823715wolf,113839511
82585,113993523
8247263,114706648
8255WC,114901907
82you,114959261
82198,115398697
821817,115408847
828k,116500374
82467246,116567462
82kirby2012,116793685
824_im,116935484
82294629,117131236
82982439,117189823
82572ku,117921061
82517382,118121900
821_Fire_Ball,118158187
82Back,118172236
828stars54,118307221
82Arem,118312642
822048dr,118560513
822510ALT,118747475
82Make,119475746
8282Wati,120829804
82178,121560855
82_Ton_That_Tung,121803142
822560,122174228
824_duck_,122224511
822003S,122241381
821708,122244592
822_natunu,122556253
821341sub,122985057
824_chino,123087597
82919-wa,123534109
827670AKS,124095543
823york64,124930815
8282hphp,125247853
826072i,125562099
8254arigatou,125856141
828880bluesnake,125907731
829501bluegraffe,125907913
829872blueOtters,125908763
828887purplefrogs,126037056
828887purplefrog,126037145
82372,126057264
820278,126175034
829921bluefox,126373317
82Productions,126416991
8266262,126913222
826347346,127231942
821752,128422454
822676CD,128422459
820297,128422464
821836MG,128422475
821752BC,128625295
822844,128625338
82723PK,128716068
82225IL,128716084
827482alaze,128892585
82_the_octoling,129062963
8285038u,129184632
8285039u,129184633
8285044u,129184634
8285041u,129184635
8285040u,129184637
8285048u,129184638
8285046u,129184640
8285042u,129184641
8285053u,129184642
8285060u,129184644
8285032u,129184645
8285052u,129184646
8285031u,129184647
8285037u,129184649
8285036u,129184651
8285034u,129184652
8285026u,129184654
8285094u,129184655
8285047u,129184656
8285035u,129184657
824678,129564459
8285070u,130219600
8285059u,130219602
8285078u,130219604
8285086u,130219605
8285066u,130219608
8285058u,130219609
8285088u,130219610
8285093u,130219611
82hatu,130231815
8231023,130499566
82leo,131054481
8241dtc2324_tvu,131578148
82gl2031,132636895
82a153aT,135001342
8295132,136529933
829uudsfse,137054050
823093,137561574
82949488favicon,139434739
82BITMYSTERY,139827442
